date,strategy,drawdown
2015-11-30,1. Buy & Hold,0.0
2015-12-01,1. Buy & Hold,0.0
2015-12-02,1. Buy & Hold,-0.008094016019210754
2015-12-03,1. Buy & Hold,-0.018857242283333273
2015-12-04,1. Buy & Hold,0.0
2015-12-07,1. Buy & Hold,-0.007415124662684568
2015-12-08,1. Buy & Hold,-0.011746928058823634
2015-12-09,1. Buy & Hold,-0.022520816712573204
2015-12-10,1. Buy & Hold,-0.020259983138023012
2015-12-11,1. Buy & Hold,-0.04045747488263847
2015-12-14,1. Buy & Hold,-0.029781053114288806
2015-12-15,1. Buy & Hold,-0.020029729730966825
2015-12-16,1. Buy & Hold,-0.002627750376029075
2015-12-17,1. Buy & Hold,-0.014613817987900754
2015-12-18,1. Buy & Hold,-0.035431157974234455
2015-12-21,1. Buy & Hold,-0.028377007316840473
2015-12-22,1. Buy & Hold,-0.024160647075490312
2015-12-23,1. Buy & Hold,-0.01667871416421406
2015-12-24,1. Buy & Hold,-0.018345237343865412
2015-12-28,1. Buy & Hold,-0.017505240186113956
2015-12-29,1. Buy & Hold,-0.0052082657696017115
2015-12-30,1. Buy & Hold,-0.011909619863378336
2015-12-31,1. Buy & Hold,-0.023225574417004097
2016-01-04,1. Buy & Hold,-0.04502249598750807
2016-01-05,1. Buy & Hold,-0.043967199319085194
2016-01-06,1. Buy & Hold,-0.05045038489466675
2016-01-07,1. Buy & Hold,-0.07189274728551175
2016-01-08,1. Buy & Hold,-0.08396047397097164
2016-01-11,1. Buy & Hold,-0.07894014250769518
2016-01-12,1. Buy & Hold,-0.07086393865783741
2016-01-13,1. Buy & Hold,-0.09812818972886593
2016-01-14,1. Buy & Hold,-0.08539394295991712
2016-01-15,1. Buy & Hold,-0.10826799433083786
2016-01-19,1. Buy & Hold,-0.10645290866351452
2016-01-20,1. Buy & Hold,-0.11894106000389391
2016-01-21,1. Buy & Hold,-0.11619508235228383
2016-01-22,1. Buy & Hold,-0.09733290243647202
2016-01-25,1. Buy & Hold,-0.1083816907860493
2016-01-26,1. Buy & Hold,-0.09925732641734644
2016-01-27,1. Buy & Hold,-0.1142575935851485
2016-01-28,1. Buy & Hold,-0.09835652171737089
2016-01-29,1. Buy & Hold,-0.07721824405208697
2016-02-01,1. Buy & Hold,-0.07678449786417918
2016-02-02,1. Buy & Hold,-0.09640996371026901
2016-02-03,1. Buy & Hold,-0.09962815229226635
2016-02-04,1. Buy & Hold,-0.10225189866154902
2016-02-05,1. Buy & Hold,-0.12805186217093106
2016-02-08,1. Buy & Hold,-0.1430890686779138
2016-02-09,1. Buy & Hold,-0.14098063475032135
2016-02-10,1. Buy & Hold,-0.14152160820069531
2016-02-11,1. Buy & Hold,-0.1475972898092437
2016-02-12,1. Buy & Hold,-0.13211317495713656
2016-02-16,1. Buy & Hold,-0.1195747436290667
2016-02-17,1. Buy & Hold,-0.1026510313989634
2016-02-18,1. Buy & Hold,-0.10860494449790409
2016-02-19,1. Buy & Hold,-0.10617558478264744
2016-02-22,1. Buy & Hold,-0.08995453930893046
2016-02-23,1. Buy & Hold,-0.10037070916973774
2016-02-24,1. Buy & Hold,-0.09533419474613838
2016-02-25,1. Buy & Hold,-0.08360697059535849
2016-02-26,1. Buy & Hold,-0.08763538095570698
2016-02-29,1. Buy & Hold,-0.09540603221460858
2016-03-01,1. Buy & Hold,-0.07229795241718562
2016-03-02,1. Buy & Hold,-0.06962782060492195
2016-03-03,1. Buy & Hold,-0.06832118174735884
2016-03-04,1. Buy & Hold,-0.06592093975769917
2016-03-07,1. Buy & Hold,-0.07193101243067751
2016-03-08,1. Buy & Hold,-0.07871743040500201
2016-03-09,1. Buy & Hold,-0.0730015920453433
2016-03-10,1. Buy & Hold,-0.07551572025430967
2016-03-11,1. Buy & Hold,-0.06395367901634341
2016-03-14,1. Buy & Hold,-0.06157838872396496
2016-03-15,1. Buy & Hold,-0.058814065805647235
2016-03-16,1. Buy & Hold,-0.0548923093637436
2016-03-17,1. Buy & Hold,-0.05144531143584935
2016-03-18,1. Buy & Hold,-0.04606912450454056
2016-03-21,1. Buy & Hold,-0.04243492562768665
2016-03-22,1. Buy & Hold,-0.04439712530699847
2016-03-23,1. Buy & Hold,-0.046371865126850306
2016-03-24,1. Buy & Hold,-0.043965682133026845
2016-03-28,1. Buy & Hold,-0.042747072259812696
2016-03-29,1. Buy & Hold,-0.03249000705532932
2016-03-30,1. Buy & Hold,-0.029094875508334186
2016-03-31,1. Buy & Hold,-0.03196599773234107
2016-04-01,1. Buy & Hold,-0.02077828869382655
2016-04-04,1. Buy & Hold,-0.022176332648168064
2016-04-05,1. Buy & Hold,-0.02614731445017954
2016-04-06,1. Buy & Hold,-0.014231131856720255
2016-04-07,1. Buy & Hold,-0.026462063900557435
2016-04-08,1. Buy & Hold,-0.027800468764403934
2016-04-11,1. Buy & Hold,-0.03095003536301514
2016-04-12,1. Buy & Hold,-0.02134938778860401
2016-04-13,1. Buy & Hold,-0.008475929577342688
2016-04-14,1. Buy & Hold,-0.006047895921903839
2016-04-15,1. Buy & Hold,-0.005384044561078693
2016-04-18,1. Buy & Hold,0.0
2016-04-19,1. Buy & Hold,-0.005636969557460259
2016-04-20,1. Buy & Hold,-0.0042566440838711595
2016-04-21,1. Buy & Hold,-0.008301436417819
2016-04-22,1. Buy & Hold,-0.013355089120079648
2016-04-25,1. Buy & Hold,-0.014067121882141185
2016-04-26,1. Buy & Hold,-0.01827829037261198
2016-04-27,1. Buy & Hold,-0.020342150529981767
2016-04-28,1. Buy & Hold,-0.028106158095209957
2016-04-29,1. Buy & Hold,-0.029131121068895486
2016-05-02,1. Buy & Hold,-0.01792286456612567
2016-05-03,1. Buy & Hold,-0.02738757550057136
2016-05-04,1. Buy & Hold,-0.032408725237749604
2016-05-05,1. Buy & Hold,-0.0355184032570021
2016-05-06,1. Buy & Hold,-0.02739644730500807
2016-05-09,1. Buy & Hold,-0.027396729563234613
2016-05-10,1. Buy & Hold,-0.01580158087042933
2016-05-11,1. Buy & Hold,-0.02702267144677297
2016-05-12,1. Buy & Hold,-0.027934241059267405
2016-05-13,1. Buy & Hold,-0.02758182849473609
2016-05-16,1. Buy & Hold,-0.018158933743051216
2016-05-17,1. Buy & Hold,-0.02813126746543359
2016-05-18,1. Buy & Hold,-0.02206514666843438
2016-05-19,1. Buy & Hold,-0.019115165503701136
2016-05-20,1. Buy & Hold,-0.012165303915767325
2016-05-23,1. Buy & Hold,-0.015044443254608844
2016-05-24,1. Buy & Hold,-0.0007604086096056144
2016-05-25,1. Buy & Hold,0.0
2016-05-26,1. Buy & Hold,0.0
2016-05-27,1. Buy & Hold,0.0
2016-05-31,1. Buy & Hold,-0.0016311964290135232
2016-06-01,1. Buy & Hold,-0.0025389240181469324
2016-06-02,1. Buy & Hold,-8.709648002997824e-05
2016-06-03,1. Buy & Hold,-0.005786122007981675
2016-06-06,1. Buy & Hold,-0.0022392406891698384
2016-06-07,1. Buy & Hold,-0.0006705409967376506
2016-06-08,1. Buy & Hold,0.0
2016-06-09,1. Buy & Hold,-0.0006521269764709994
2016-06-10,1. Buy & Hold,-0.012373647434976376
2016-06-13,1. Buy & Hold,-0.02032095113238248
2016-06-14,1. Buy & Hold,-0.02120974648074123
2016-06-15,1. Buy & Hold,-0.021703085297546686
2016-06-16,1. Buy & Hold,-0.01809593800343498
2016-06-17,1. Buy & Hold,-0.027572878215633697
2016-06-20,1. Buy & Hold,-0.021913674860559753
2016-06-21,1. Buy & Hold,-0.019488615157269455
2016-06-22,1. Buy & Hold,-0.02732296212358867
2016-06-23,1. Buy & Hold,-0.015777328377038116
2016-06-24,1. Buy & Hold,-0.04800710504761941
2016-06-27,1. Buy & Hold,-0.061407822217907616
2016-06-28,1. Buy & Hold,-0.042964683705802115
2016-06-29,1. Buy & Hold,-0.026993922764856168
2016-06-30,1. Buy & Hold,-0.02244531986169985
2016-07-01,1. Buy & Hold,-0.01832062289737111
2016-07-05,1. Buy & Hold,-0.019217531339464314
2016-07-06,1. Buy & Hold,-0.015480366822837481
2016-07-07,1. Buy & Hold,-0.013628403337457292
2016-07-08,1. Buy & Hold,0.0
2016-07-11,1. Buy & Hold,0.0
2016-07-12,1. Buy & Hold,0.0
2016-07-13,1. Buy & Hold,-0.0014607049252412978
2016-07-14,1. Buy & Hold,0.0
2016-07-15,1. Buy & Hold,-0.001960699864694802
2016-07-18,1. Buy & Hold,0.0
2016-07-19,1. Buy & Hold,-0.0025641134129317194
2016-07-20,1. Buy & Hold,0.0
2016-07-21,1. Buy & Hold,-0.0071492769212392025
2016-07-22,1. Buy & Hold,-0.0011453750612347164
2016-07-25,1. Buy & Hold,-0.00027735569039682864
2016-07-26,1. Buy & Hold,0.0
2016-07-27,1. Buy & Hold,-0.00020189850900485302
2016-07-28,1. Buy & Hold,0.0
2016-07-29,1. Buy & Hold,0.0
2016-08-01,1. Buy & Hold,0.0
2016-08-02,1. Buy & Hold,-0.00603403171815521
2016-08-03,1. Buy & Hold,-0.0062373431161570625
2016-08-04,1. Buy & Hold,-0.0020206226914446946
2016-08-05,1. Buy & Hold,0.0
2016-08-08,1. Buy & Hold,-0.0014492826510200006
2016-08-09,1. Buy & Hold,0.0
2016-08-10,1. Buy & Hold,-0.0038659950733739563
2016-08-11,1. Buy & Hold,0.0
2016-08-12,1. Buy & Hold,0.0
2016-08-15,1. Buy & Hold,0.0
2016-08-16,1. Buy & Hold,-0.005278763137935449
2016-08-17,1. Buy & Hold,-0.0045790584761997545
2016-08-18,1. Buy & Hold,-0.0029206127427014506
2016-08-19,1. Buy & Hold,-0.005632719825385395
2016-08-22,1. Buy & Hold,-0.006741052264191396
2016-08-23,1. Buy & Hold,-0.0038488169148409544
2016-08-24,1. Buy & Hold,-0.008453270358562978
2016-08-25,1. Buy & Hold,-0.008978926795404513
2016-08-26,1. Buy & Hold,-0.007058768336601088
2016-08-29,1. Buy & Hold,-0.004008724299944705
2016-08-30,1. Buy & Hold,-0.006896482721434273
2016-08-31,1. Buy & Hold,-0.008286638393649572
2016-09-01,1. Buy & Hold,-0.0061533116031720885
2016-09-02,1. Buy & Hold,-0.004857416494836764
2016-09-06,1. Buy & Hold,0.0
2016-09-07,1. Buy & Hold,-0.00293546124154548
2016-09-08,1. Buy & Hold,-0.004870735089434327
2016-09-09,1. Buy & Hold,-0.027794514738882427
2016-09-12,1. Buy & Hold,-0.012221255030645774
2016-09-13,1. Buy & Hold,-0.024526278148348842
2016-09-14,1. Buy & Hold,-0.023129624615883256
2016-09-15,1. Buy & Hold,-0.011325576375650404
2016-09-16,1. Buy & Hold,-0.011030459081988544
2016-09-19,1. Buy & Hold,-0.01176763407589861
2016-09-20,1. Buy & Hold,-0.011552994956225748
2016-09-21,1. Buy & Hold,-0.004949241708852846
2016-09-22,1. Buy & Hold,0.0
2016-09-23,1. Buy & Hold,-0.004365997336985195
2016-09-26,1. Buy & Hold,-0.014295686917882668
2016-09-27,1. Buy & Hold,-0.003440697098520966
2016-09-28,1. Buy & Hold,0.0
2016-09-29,1. Buy & Hold,-0.009140929891075535
2016-09-30,1. Buy & Hold,0.0
2016-10-03,1. Buy & Hold,0.0
2016-10-04,1. Buy & Hold,-0.0019617064446022176
2016-10-05,1. Buy & Hold,0.0
2016-10-06,1. Buy & Hold,-0.003233249776087577
2016-10-07,1. Buy & Hold,-0.006501459064268478
2016-10-10,1. Buy & Hold,-0.0024471127682438513
2016-10-11,1. Buy & Hold,-0.012931920141775207
2016-10-12,1. Buy & Hold,-0.011920432230808825
2016-10-13,1. Buy & Hold,-0.0169165878236732
2016-10-14,1. Buy & Hold,-0.015405995195218717
2016-10-17,1. Buy & Hold,-0.019316733092534517
2016-10-18,1. Buy & Hold,-0.0068491668740779344
2016-10-19,1. Buy & Hold,-0.003070321701797613
2016-10-20,1. Buy & Hold,-0.0032181012106401487
2016-10-21,1. Buy & Hold,0.0
2016-10-24,1. Buy & Hold,0.0
2016-10-25,1. Buy & Hold,-0.0001790561274710621
2016-10-26,1. Buy & Hold,-0.0010490170978294988
2016-10-27,1. Buy & Hold,-0.0046199036892600924
2016-10-28,1. Buy & Hold,-0.008363768881177208
2016-10-31,1. Buy & Hold,-0.008520669772702662
2016-11-01,1. Buy & Hold,-0.018739528999088442
2016-11-02,1. Buy & Hold,-0.026265137232436658
2016-11-03,1. Buy & Hold,-0.031479780924849085
2016-11-04,1. Buy & Hold,-0.034785629088037395
2016-11-07,1. Buy & Hold,-0.012419909795315816
2016-11-08,1. Buy & Hold,-0.00940604762243322
2016-11-09,1. Buy & Hold,-0.003297639216313234
2016-11-10,1. Buy & Hold,-0.01172142173831116
2016-11-11,1. Buy & Hold,0.0
2016-11-14,1. Buy & Hold,-0.012456594911551521
2016-11-15,1. Buy & Hold,-0.0038282855824965634
2016-11-16,1. Buy & Hold,0.0
2016-11-17,1. Buy & Hold,0.0
2016-11-18,1. Buy & Hold,-0.004498735757879644
2016-11-21,1. Buy & Hold,0.0
2016-11-22,1. Buy & Hold,0.0
2016-11-23,1. Buy & Hold,-5.5152561486804795e-05
2016-11-25,1. Buy & Hold,0.0
2016-11-28,1. Buy & Hold,-0.005877726843676799
2016-11-29,1. Buy & Hold,-0.007459618488535624
2016-11-30,1. Buy & Hold,-0.011960906004444974
2016-12-01,1. Buy & Hold,-0.021732060532877143
2016-12-02,1. Buy & Hold,-0.019114207565027342
2016-12-05,1. Buy & Hold,-0.007064367171312074
2016-12-06,1. Buy & Hold,-0.0032089517746110847
2016-12-07,1. Buy & Hold,0.0
2016-12-08,1. Buy & Hold,-0.000366906021290916
2016-12-09,1. Buy & Hold,0.0
2016-12-12,1. Buy & Hold,-0.0007516569478033298
2016-12-13,1. Buy & Hold,0.0
2016-12-14,1. Buy & Hold,0.0
2016-12-15,1. Buy & Hold,0.0
2016-12-16,1. Buy & Hold,-0.0022345779318681904
2016-12-19,1. Buy & Hold,0.0
2016-12-20,1. Buy & Hold,0.0
2016-12-21,1. Buy & Hold,-0.0014397542719748072
2016-12-22,1. Buy & Hold,-0.0036228158451175768
2016-12-23,1. Buy & Hold,-0.0004327414108692157
2016-12-27,1. Buy & Hold,0.0
2016-12-28,1. Buy & Hold,-0.011024524973445702
2016-12-29,1. Buy & Hold,-0.012189819355743741
2016-12-30,1. Buy & Hold,-0.019917589278144947
2017-01-03,1. Buy & Hold,-0.012534090057452148
2017-01-04,1. Buy & Hold,-0.004423794626640049
2017-01-05,1. Buy & Hold,-0.003140513184314507
2017-01-06,1. Buy & Hold,0.0
2017-01-09,1. Buy & Hold,0.0
2017-01-10,1. Buy & Hold,-0.0017417646930843566
2017-01-11,1. Buy & Hold,0.0
2017-01-12,1. Buy & Hold,-0.0043442025957945015
2017-01-13,1. Buy & Hold,0.0
2017-01-17,1. Buy & Hold,-0.005551511205623768
2017-01-18,1. Buy & Hold,-0.0022578367836904928
2017-01-19,1. Buy & Hold,-0.0017650907386167528
2017-01-20,1. Buy & Hold,0.0
2017-01-23,1. Buy & Hold,0.0
2017-01-24,1. Buy & Hold,0.0
2017-01-25,1. Buy & Hold,0.0
2017-01-26,1. Buy & Hold,0.0
2017-01-27,1. Buy & Hold,0.0
2017-01-30,1. Buy & Hold,-0.005889732467809945
2017-01-31,1. Buy & Hold,-0.010652297797571725
2017-02-01,1. Buy & Hold,-0.00581524574709919
2017-02-02,1. Buy & Hold,-0.005628296080461746
2017-02-03,1. Buy & Hold,-0.0003172890453972934
2017-02-06,1. Buy & Hold,0.0
2017-02-07,1. Buy & Hold,0.0
2017-02-08,1. Buy & Hold,0.0
2017-02-09,1. Buy & Hold,0.0
2017-02-10,1. Buy & Hold,-0.0017569308706139655
2017-02-13,1. Buy & Hold,0.0
2017-02-14,1. Buy & Hold,0.0
2017-02-15,1. Buy & Hold,0.0
2017-02-16,1. Buy & Hold,-0.002638111674430834
2017-02-17,1. Buy & Hold,-0.0009951535841696592
2017-02-21,1. Buy & Hold,0.0
2017-02-22,1. Buy & Hold,-0.00024789885230504433
2017-02-23,1. Buy & Hold,-0.009858000996859526
2017-02-24,1. Buy & Hold,-0.008774660051024754
2017-02-27,1. Buy & Hold,-0.00902512707844356
2017-02-28,1. Buy & Hold,-0.011732406732079726
2017-03-01,1. Buy & Hold,0.0
2017-03-02,1. Buy & Hold,-0.006826950369859963
2017-03-03,1. Buy & Hold,-0.005921228982248339
2017-03-06,1. Buy & Hold,-0.008013690870014668
2017-03-07,1. Buy & Hold,-0.009498307770128599
2017-03-08,1. Buy & Hold,-0.010256462364767384
2017-03-09,1. Buy & Hold,-0.008557841507105732
2017-03-10,1. Buy & Hold,-0.006507054115219967
2017-03-13,1. Buy & Hold,-0.0022749022885506253
2017-03-14,1. Buy & Hold,-0.00023277529278674
2017-03-15,1. Buy & Hold,0.0
2017-03-16,1. Buy & Hold,0.0
2017-03-17,1. Buy & Hold,-0.000742043423320595
2017-03-20,1. Buy & Hold,0.0
2017-03-21,1. Buy & Hold,-0.01691399840905334
2017-03-22,1. Buy & Hold,-0.01205336649080696
2017-03-23,1. Buy & Hold,-0.013985749859955463
2017-03-24,1. Buy & Hold,-0.012893032516122314
2017-03-27,1. Buy & Hold,-0.009777469952590259
2017-03-28,1. Buy & Hold,-0.002174108348801448
2017-03-29,1. Buy & Hold,-0.0006722645498966962
2017-03-30,1. Buy & Hold,0.0
2017-03-31,1. Buy & Hold,-0.0026384961050656937
2017-04-03,1. Buy & Hold,0.0
2017-04-04,1. Buy & Hold,-0.0032565258225973354
2017-04-05,1. Buy & Hold,-0.008239098460213116
2017-04-06,1. Buy & Hold,-0.0072511624933845956
2017-04-07,1. Buy & Hold,-0.00791673289044824
2017-04-10,1. Buy & Hold,-0.006457247263610216
2017-04-11,1. Buy & Hold,-0.0083522707412893
2017-04-12,1. Buy & Hold,-0.012892416914059915
2017-04-13,1. Buy & Hold,-0.016901800869110042
2017-04-17,1. Buy & Hold,-0.005629097391979811
2017-04-18,1. Buy & Hold,-0.009124134978281889
2017-04-19,1. Buy & Hold,-0.011459990213620373
2017-04-20,1. Buy & Hold,-0.003823127856970209
2017-04-21,1. Buy & Hold,-0.0040701519059270835
2017-04-24,1. Buy & Hold,0.0
2017-04-25,1. Buy & Hold,0.0
2017-04-26,1. Buy & Hold,-0.002547229722275461
2017-04-27,1. Buy & Hold,0.0
2017-04-28,1. Buy & Hold,0.0
2017-05-01,1. Buy & Hold,0.0
2017-05-02,1. Buy & Hold,-0.001095881521068128
2017-05-03,1. Buy & Hold,-0.0034416618074878517
2017-05-04,1. Buy & Hold,-0.006267363320522351
2017-05-05,1. Buy & Hold,-0.0032137176421609148
2017-05-08,1. Buy & Hold,-0.0006189152699920054
2017-05-09,1. Buy & Hold,0.0
2017-05-10,1. Buy & Hold,0.0
2017-05-11,1. Buy & Hold,0.0
2017-05-12,1. Buy & Hold,0.0
2017-05-15,1. Buy & Hold,0.0
2017-05-16,1. Buy & Hold,0.0
2017-05-17,1. Buy & Hold,-0.02574980662727104
2017-05-18,1. Buy & Hold,-0.016343682865609926
2017-05-19,1. Buy & Hold,-0.010013274322399828
2017-05-22,1. Buy & Hold,-0.005692372704037906
2017-05-23,1. Buy & Hold,-0.005729371602293772
2017-05-24,1. Buy & Hold,-0.0007816787337876265
2017-05-25,1. Buy & Hold,0.0
2017-05-26,1. Buy & Hold,0.0
2017-05-30,1. Buy & Hold,0.0
2017-05-31,1. Buy & Hold,-0.0011251068134938468
2017-06-01,1. Buy & Hold,0.0
2017-06-02,1. Buy & Hold,0.0
2017-06-05,1. Buy & Hold,0.0
2017-06-06,1. Buy & Hold,-0.0018973234410331553
2017-06-07,1. Buy & Hold,0.0
2017-06-08,1. Buy & Hold,0.0
2017-06-09,1. Buy & Hold,-0.013964507061595237
2017-06-12,1. Buy & Hold,-0.018907668833524315
2017-06-13,1. Buy & Hold,-0.009875064859531364
2017-06-14,1. Buy & Hold,-0.008759344164285579
2017-06-15,1. Buy & Hold,-0.012955009345745097
2017-06-16,1. Buy & Hold,-0.014430439571992987
2017-06-19,1. Buy & Hold,-0.003672486638200678
2017-06-20,1. Buy & Hold,-0.007610916388865463
2017-06-21,1. Buy & Hold,-0.0033186665216635163
2017-06-22,1. Buy & Hold,-0.004741574761877208
2017-06-23,1. Buy & Hold,-0.004287514680050721
2017-06-26,1. Buy & Hold,-0.008069913890559098
2017-06-27,1. Buy & Hold,-0.020882945430624526
2017-06-28,1. Buy & Hold,-0.007269817822900096
2017-06-29,1. Buy & Hold,-0.020808482405175174
2017-06-30,1. Buy & Hold,-0.02233284568788134
2017-07-03,1. Buy & Hold,-0.02753503170136024
2017-07-05,1. Buy & Hold,-0.027129139072440255
2017-07-06,1. Buy & Hold,-0.03710832509164579
2017-07-07,1. Buy & Hold,-0.02828020072677282
2017-07-10,1. Buy & Hold,-0.021869846884428848
2017-07-11,1. Buy & Hold,-0.017727159066141012
2017-07-12,1. Buy & Hold,-0.007016538495195996
2017-07-13,1. Buy & Hold,-0.006950832945581041
2017-07-14,1. Buy & Hold,0.0
2017-07-17,1. Buy & Hold,-0.0019401099657197483
2017-07-18,1. Buy & Hold,0.0
2017-07-19,1. Buy & Hold,0.0
2017-07-20,1. Buy & Hold,0.0
2017-07-21,1. Buy & Hold,0.0
2017-07-24,1. Buy & Hold,0.0
2017-07-25,1. Buy & Hold,0.0
2017-07-26,1. Buy & Hold,0.0
2017-07-27,1. Buy & Hold,-0.006308533893537993
2017-07-28,1. Buy & Hold,-0.006316628779979466
2017-07-31,1. Buy & Hold,-0.012099140325274626
2017-08-01,1. Buy & Hold,-0.007451800804617782
2017-08-02,1. Buy & Hold,-0.004455457903091705
2017-08-03,1. Buy & Hold,-0.0012677879308855317
2017-08-04,1. Buy & Hold,0.0
2017-08-07,1. Buy & Hold,0.0
2017-08-08,1. Buy & Hold,-0.00028531352991406487
2017-08-09,1. Buy & Hold,-0.0018555211417476114
2017-08-10,1. Buy & Hold,-0.02085744778598132
2017-08-11,1. Buy & Hold,-0.0228008240719515
2017-08-14,1. Buy & Hold,-0.007797900359216095
2017-08-15,1. Buy & Hold,-0.00911458473747339
2017-08-16,1. Buy & Hold,-0.008957163541125
2017-08-17,1. Buy & Hold,-0.025486116893159286
2017-08-18,1. Buy & Hold,-0.027493521232589368
2017-08-21,1. Buy & Hold,-0.029864261279716565
2017-08-22,1. Buy & Hold,-0.018340605949535536
2017-08-23,1. Buy & Hold,-0.01765625596234493
2017-08-24,1. Buy & Hold,-0.020677146221030812
2017-08-25,1. Buy & Hold,-0.022595740208876232
2017-08-28,1. Buy & Hold,-0.02089173984302507
2017-08-29,1. Buy & Hold,-0.01912509747036158
2017-08-30,1. Buy & Hold,-0.013391026212994843
2017-08-31,1. Buy & Hold,-0.00839047030933506
2017-09-01,1. Buy & Hold,-0.007020158405972865
2017-09-05,1. Buy & Hold,-0.015240500106517773
2017-09-06,1. Buy & Hold,-0.0112458637021627
2017-09-07,1. Buy & Hold,-0.008409407661969005
2017-09-08,1. Buy & Hold,-0.015563577197165593
2017-09-11,1. Buy & Hold,0.0
2017-09-12,1. Buy & Hold,0.0
2017-09-13,1. Buy & Hold,0.0
2017-09-14,1. Buy & Hold,-0.0003583927893465141
2017-09-15,1. Buy & Hold,0.0
2017-09-18,1. Buy & Hold,0.0
2017-09-19,1. Buy & Hold,0.0
2017-09-20,1. Buy & Hold,-0.0002523517320765603
2017-09-21,1. Buy & Hold,-0.007079704538828736
2017-09-22,1. Buy & Hold,-0.013116162332091051
2017-09-25,1. Buy & Hold,-0.028080184538471074
2017-09-26,1. Buy & Hold,-0.026873849470409418
2017-09-27,1. Buy & Hold,-0.020013638312359784
2017-09-28,1. Buy & Hold,-0.019041259582885738
2017-09-29,1. Buy & Hold,-0.014082660454172162
2017-10-02,1. Buy & Hold,-0.01268738297269483
2017-10-03,1. Buy & Hold,-0.00697255980546847
2017-10-04,1. Buy & Hold,-0.004658594650141609
2017-10-05,1. Buy & Hold,0.0
2017-10-06,1. Buy & Hold,0.0
2017-10-09,1. Buy & Hold,-0.0002571840601182035
2017-10-10,1. Buy & Hold,0.0
2017-10-11,1. Buy & Hold,0.0
2017-10-12,1. Buy & Hold,-0.0009713995189940845
2017-10-13,1. Buy & Hold,0.0
2017-10-16,1. Buy & Hold,0.0
2017-10-17,1. Buy & Hold,0.0
2017-10-18,1. Buy & Hold,-0.0007692320342308753
2017-10-19,1. Buy & Hold,-0.004200884328820832
2017-10-20,1. Buy & Hold,-0.003399128007176229
2017-10-23,1. Buy & Hold,-0.00754412490751959
2017-10-24,1. Buy & Hold,-0.00297414882076359
2017-10-25,1. Buy & Hold,-0.00854133948175273
2017-10-26,1. Buy & Hold,-0.00503099000159868
2017-10-27,1. Buy & Hold,0.0
2017-10-30,1. Buy & Hold,-0.000591063980813236
2017-10-31,1. Buy & Hold,-0.0007769661449382995
2017-11-01,1. Buy & Hold,0.0
2017-11-02,1. Buy & Hold,-0.003848961198059254
2017-11-03,1. Buy & Hold,0.0
2017-11-06,1. Buy & Hold,0.0
2017-11-07,1. Buy & Hold,0.0
2017-11-08,1. Buy & Hold,0.0
2017-11-09,1. Buy & Hold,-0.003364091988464776
2017-11-10,1. Buy & Hold,-0.0010545743270289685
2017-11-13,1. Buy & Hold,0.0
2017-11-14,1. Buy & Hold,-0.0008392344395120402
2017-11-15,1. Buy & Hold,-0.007323970304708186
2017-11-16,1. Buy & Hold,0.0
2017-11-17,1. Buy & Hold,-0.00686736763329282
2017-11-20,1. Buy & Hold,-0.006076310837974172
2017-11-21,1. Buy & Hold,0.0
2017-11-22,1. Buy & Hold,-0.00224726180419755
2017-11-24,1. Buy & Hold,0.0
2017-11-27,1. Buy & Hold,0.0
2017-11-28,1. Buy & Hold,0.0
2017-11-29,1. Buy & Hold,-0.013349624048921163
2017-11-30,1. Buy & Hold,-0.00635163872702228
2017-12-01,1. Buy & Hold,-0.009239760520917822
2017-12-04,1. Buy & Hold,-0.014770774005251074
2017-12-05,1. Buy & Hold,-0.015512440650523573
2017-12-06,1. Buy & Hold,-0.012264795620909921
2017-12-07,1. Buy & Hold,-0.010209497102886654
2017-12-08,1. Buy & Hold,-0.006097089785894749
2017-12-11,1. Buy & Hold,0.0
2017-12-12,1. Buy & Hold,0.0
2017-12-13,1. Buy & Hold,0.0
2017-12-14,1. Buy & Hold,0.0
2017-12-15,1. Buy & Hold,0.0
2017-12-18,1. Buy & Hold,0.0
2017-12-19,1. Buy & Hold,-0.004515667950273713
2017-12-20,1. Buy & Hold,-0.0072442065875192784
2017-12-21,1. Buy & Hold,-0.006486878342223747
2017-12-22,1. Buy & Hold,-0.008014099976705776
2017-12-26,1. Buy & Hold,-0.009305604265467822
2017-12-27,1. Buy & Hold,-0.009495312632354144
2017-12-28,1. Buy & Hold,-0.006570927537990632
2017-12-29,1. Buy & Hold,-0.012471886530441428
2018-01-02,1. Buy & Hold,-0.00037263266379657214
2018-01-03,1. Buy & Hold,0.0
2018-01-04,1. Buy & Hold,0.0
2018-01-05,1. Buy & Hold,0.0
2018-01-08,1. Buy & Hold,0.0
2018-01-09,1. Buy & Hold,-0.0005527359036329399
2018-01-10,1. Buy & Hold,-0.000258580503047864
2018-01-11,1. Buy & Hold,0.0
2018-01-12,1. Buy & Hold,0.0
2018-01-16,1. Buy & Hold,-0.0013397664629906053
2018-01-17,1. Buy & Hold,0.0
2018-01-18,1. Buy & Hold,0.0
2018-01-19,1. Buy & Hold,0.0
2018-01-22,1. Buy & Hold,0.0
2018-01-23,1. Buy & Hold,0.0
2018-01-24,1. Buy & Hold,0.0
2018-01-25,1. Buy & Hold,0.0
2018-01-26,1. Buy & Hold,0.0
2018-01-29,1. Buy & Hold,-0.00116301752350403
2018-01-30,1. Buy & Hold,-0.011226527980894465
2018-01-31,1. Buy & Hold,-0.011725962808398487
2018-02-01,1. Buy & Hold,-0.011977195882021504
2018-02-02,1. Buy & Hold,-0.031041387999457392
2018-02-05,1. Buy & Hold,-0.0750552180047457
2018-02-06,1. Buy & Hold,-0.052449671750576
2018-02-07,1. Buy & Hold,-0.056988838516315914
2018-02-08,1. Buy & Hold,-0.09775743409854894
2018-02-09,1. Buy & Hold,-0.08430696714214778
2018-02-12,1. Buy & Hold,-0.07148200438396388
2018-02-13,1. Buy & Hold,-0.06591965670404647
2018-02-14,1. Buy & Hold,-0.05262513015158725
2018-02-15,1. Buy & Hold,-0.037553537717660325
2018-02-16,1. Buy & Hold,-0.03683657330982921
2018-02-20,1. Buy & Hold,-0.043576504669329844
2018-02-21,1. Buy & Hold,-0.05054460367455386
2018-02-22,1. Buy & Hold,-0.04655884405610805
2018-02-23,1. Buy & Hold,-0.030894216809357184
2018-02-26,1. Buy & Hold,-0.01878187503623173
2018-02-27,1. Buy & Hold,-0.03158760364266525
2018-02-28,1. Buy & Hold,-0.04210720483948626
2018-03-01,1. Buy & Hold,-0.05669533098520979
2018-03-02,1. Buy & Hold,-0.049177852406687164
2018-03-05,1. Buy & Hold,-0.0375479148236181
2018-03-06,1. Buy & Hold,-0.03545961462237714
2018-03-07,1. Buy & Hold,-0.03675836385254717
2018-03-08,1. Buy & Hold,-0.03398882380811432
2018-03-09,1. Buy & Hold,-0.017287934780019523
2018-03-12,1. Buy & Hold,-0.01650769519013947
2018-03-13,1. Buy & Hold,-0.025384594598006478
2018-03-14,1. Buy & Hold,-0.030217872010946025
2018-03-15,1. Buy & Hold,-0.029336302613132734
2018-03-16,1. Buy & Hold,-0.02821067910254618
2018-03-19,1. Buy & Hold,-0.04584622909665064
2018-03-20,1. Buy & Hold,-0.04130208011299557
2018-03-21,1. Buy & Hold,-0.04365143458698662
2018-03-22,1. Buy & Hold,-0.0668218147104107
2018-03-23,1. Buy & Hold,-0.08940166786169568
2018-03-26,1. Buy & Hold,-0.06072673923734142
2018-03-27,1. Buy & Hold,-0.0883200185904636
2018-03-28,1. Buy & Hold,-0.09803550936589196
2018-03-29,1. Buy & Hold,-0.07924586998874084
2018-04-02,1. Buy & Hold,-0.10508136147001343
2018-04-03,1. Buy & Hold,-0.09210137159437291
2018-04-04,1. Buy & Hold,-0.07906980707312615
2018-04-05,1. Buy & Hold,-0.06960554968641848
2018-04-06,1. Buy & Hold,-0.0896110941792015
2018-04-09,1. Buy & Hold,-0.0878958702465744
2018-04-10,1. Buy & Hold,-0.06853147330706723
2018-04-11,1. Buy & Hold,-0.0731969387493358
2018-04-12,1. Buy & Hold,-0.06501667947028739
2018-04-13,1. Buy & Hold,-0.0667341138703556
2018-04-16,1. Buy & Hold,-0.06445182243536803
2018-04-17,1. Buy & Hold,-0.04771920151208092
2018-04-18,1. Buy & Hold,-0.04782825644720519
2018-04-19,1. Buy & Hold,-0.04891547700824279
2018-04-20,1. Buy & Hold,-0.05866898563766723
2018-04-23,1. Buy & Hold,-0.06365575611853817
2018-04-24,1. Buy & Hold,-0.07902230597591316
2018-04-25,1. Buy & Hold,-0.08039759411206521
2018-04-26,1. Buy & Hold,-0.060427911473632724
2018-04-27,1. Buy & Hold,-0.06013834648904556
2018-04-30,1. Buy & Hold,-0.062317337287052736
2018-05-01,1. Buy & Hold,-0.05972577668050891
2018-05-02,1. Buy & Hold,-0.061862271490888986
2018-05-03,1. Buy & Hold,-0.06499363883333886
2018-05-04,1. Buy & Hold,-0.05071101602387962
2018-05-07,1. Buy & Hold,-0.043015737702445114
2018-05-08,1. Buy & Hold,-0.04129857489864734
2018-05-09,1. Buy & Hold,-0.03214412653988147
2018-05-10,1. Buy & Hold,-0.02460228337230871
2018-05-11,1. Buy & Hold,-0.02483697102905316
2018-05-14,1. Buy & Hold,-0.02450783269560113
2018-05-15,1. Buy & Hold,-0.033311282403718785
2018-05-16,1. Buy & Hold,-0.03039699235055538
2018-05-17,1. Buy & Hold,-0.034268818529597546
2018-05-18,1. Buy & Hold,-0.03964900352845357
2018-05-21,1. Buy & Hold,-0.03115494027373027
2018-05-22,1. Buy & Hold,-0.03479362116964152
2018-05-23,1. Buy & Hold,-0.027226268079245268
2018-05-24,1. Buy & Hold,-0.030073190992863083
2018-05-25,1. Buy & Hold,-0.03104648556283522
2018-05-29,1. Buy & Hold,-0.03902097445914284
2018-05-30,1. Buy & Hold,-0.02654075051696458
2018-05-31,1. Buy & Hold,-0.03077881201462601
2018-06-01,1. Buy & Hold,-0.017765231707825173
2018-06-04,1. Buy & Hold,-0.007724505994583453
2018-06-05,1. Buy & Hold,-0.007008936533937163
2018-06-06,1. Buy & Hold,0.0
2018-06-07,1. Buy & Hold,-0.00402293567006891
2018-06-08,1. Buy & Hold,-0.0007576686525215634
2018-06-11,1. Buy & Hold,0.0
2018-06-12,1. Buy & Hold,0.0
2018-06-13,1. Buy & Hold,0.0
2018-06-14,1. Buy & Hold,0.0
2018-06-15,1. Buy & Hold,-0.0014226205849603658
2018-06-18,1. Buy & Hold,0.0
2018-06-19,1. Buy & Hold,-0.0021029178365471034
2018-06-20,1. Buy & Hold,0.0
2018-06-21,1. Buy & Hold,-0.006506850476107053
2018-06-22,1. Buy & Hold,-0.010318020890515282
2018-06-25,1. Buy & Hold,-0.030627370928502474
2018-06-26,1. Buy & Hold,-0.022139174895248588
2018-06-27,1. Buy & Hold,-0.03154159764250099
2018-06-28,1. Buy & Hold,-0.021608879269106807
2018-06-29,1. Buy & Hold,-0.02572721570733986
2018-07-02,1. Buy & Hold,-0.021545682814700623
2018-07-03,1. Buy & Hold,-0.03366753973518996
2018-07-05,1. Buy & Hold,-0.022372674396698024
2018-07-06,1. Buy & Hold,-0.014672611543034534
2018-07-09,1. Buy & Hold,-0.002623031240155031
2018-07-10,1. Buy & Hold,0.0
2018-07-11,1. Buy & Hold,-0.0016560586939730613
2018-07-12,1. Buy & Hold,0.0
2018-07-13,1. Buy & Hold,-0.002082695517364545
2018-07-16,1. Buy & Hold,-0.0007537752109256509
2018-07-17,1. Buy & Hold,0.0
2018-07-18,1. Buy & Hold,-0.0010306395559829633
2018-07-19,1. Buy & Hold,-0.008777516025398871
2018-07-20,1. Buy & Hold,-0.007883736232773286
2018-07-23,1. Buy & Hold,-0.006888066658501541
2018-07-24,1. Buy & Hold,-0.0012298719060212884
2018-07-25,1. Buy & Hold,0.0
2018-07-26,1. Buy & Hold,-0.011754938421137685
2018-07-27,1. Buy & Hold,-0.020785651132418443
2018-07-30,1. Buy & Hold,-0.03407558436423737
2018-07-31,1. Buy & Hold,-0.030123727131273585
2018-08-01,1. Buy & Hold,-0.024771871279626632
2018-08-02,1. Buy & Hold,-0.011757001027753376
2018-08-03,1. Buy & Hold,-0.007952408032218002
2018-08-06,1. Buy & Hold,-0.0019737459735754558
2018-08-07,1. Buy & Hold,0.0
2018-08-08,1. Buy & Hold,-7.266188495956559e-05
2018-08-09,1. Buy & Hold,-0.0038432640736220285
2018-08-10,1. Buy & Hold,-0.009681949093351273
2018-08-13,1. Buy & Hold,-0.013863074828726773
2018-08-14,1. Buy & Hold,-0.010793261629907907
2018-08-15,1. Buy & Hold,-0.02000587289940461
2018-08-16,1. Buy & Hold,-0.01347658212058187
2018-08-17,1. Buy & Hold,-0.01894487676407872
2018-08-20,1. Buy & Hold,-0.015494257736813666
2018-08-21,1. Buy & Hold,-0.011462515810859539
2018-08-22,1. Buy & Hold,-0.006887610866326996
2018-08-23,1. Buy & Hold,-0.007319379515947019
2018-08-24,1. Buy & Hold,0.0
2018-08-27,1. Buy & Hold,0.0
2018-08-28,1. Buy & Hold,0.0
2018-08-29,1. Buy & Hold,0.0
2018-08-30,1. Buy & Hold,-0.0010121827163621533
2018-08-31,1. Buy & Hold,-0.0017502024690394598
2018-09-04,1. Buy & Hold,-0.0033386880490737666
2018-09-05,1. Buy & Hold,-0.016204982983235472
2018-09-06,1. Buy & Hold,-0.019245560316788084
2018-09-07,1. Buy & Hold,-0.02205829755082026
2018-09-10,1. Buy & Hold,-0.01733170036528408
2018-09-11,1. Buy & Hold,-0.009276953948876723
2018-09-12,1. Buy & Hold,-0.00808874678781138
2018-09-13,1. Buy & Hold,-0.005254143172331213
2018-09-14,1. Buy & Hold,-0.005148458376584785
2018-09-17,1. Buy & Hold,-0.014125575362849245
2018-09-18,1. Buy & Hold,-0.007242777561821157
2018-09-19,1. Buy & Hold,-0.0034737287311437776
2018-09-20,1. Buy & Hold,0.0
2018-09-21,1. Buy & Hold,-0.0033794763354282973
2018-09-24,1. Buy & Hold,-0.0018721234692956827
2018-09-25,1. Buy & Hold,-0.0002242636908680957
2018-09-26,1. Buy & Hold,0.0
2018-09-27,1. Buy & Hold,0.0
2018-09-28,1. Buy & Hold,-0.00590281511691455
2018-10-01,1. Buy & Hold,0.0
2018-10-02,1. Buy & Hold,-0.003714932801859609
2018-10-03,1. Buy & Hold,-0.004581341657587815
2018-10-04,1. Buy & Hold,-0.020649665984286143
2018-10-05,1. Buy & Hold,-0.033308556718367806
2018-10-08,1. Buy & Hold,-0.03721668919725368
2018-10-09,1. Buy & Hold,-0.03224243095718291
2018-10-10,1. Buy & Hold,-0.07077386621116512
2018-10-11,1. Buy & Hold,-0.08890783697867703
2018-10-12,1. Buy & Hold,-0.06724776159037602
2018-10-15,1. Buy & Hold,-0.07838191265619086
2018-10-16,1. Buy & Hold,-0.05328931665160247
2018-10-17,1. Buy & Hold,-0.04835183841888545
2018-10-18,1. Buy & Hold,-0.06741403313852007
2018-10-19,1. Buy & Hold,-0.06605212800205859
2018-10-22,1. Buy & Hold,-0.06730116315884009
2018-10-23,1. Buy & Hold,-0.06773238079434554
2018-10-24,1. Buy & Hold,-0.10231380034233761
2018-10-25,1. Buy & Hold,-0.07451053757586487
2018-10-26,1. Buy & Hold,-0.09439106055209676
2018-10-29,1. Buy & Hold,-0.10860942428206524
2018-10-30,1. Buy & Hold,-0.0992061771715969
2018-10-31,1. Buy & Hold,-0.07944457345765957
2018-11-01,1. Buy & Hold,-0.06573057244203516
2018-11-02,1. Buy & Hold,-0.07322683786457189
2018-11-05,1. Buy & Hold,-0.0720423798551973
2018-11-06,1. Buy & Hold,-0.06919336490477877
2018-11-07,1. Buy & Hold,-0.04495270526468532
2018-11-08,1. Buy & Hold,-0.04979561277801273
2018-11-09,1. Buy & Hold,-0.05860758601461983
2018-11-12,1. Buy & Hold,-0.08301521277116825
2018-11-13,1. Buy & Hold,-0.08263858513864647
2018-11-14,1. Buy & Hold,-0.09017862601122262
2018-11-15,1. Buy & Hold,-0.08117714418479946
2018-11-16,1. Buy & Hold,-0.09080598642988436
2018-11-19,1. Buy & Hold,-0.11235201232576944
2018-11-20,1. Buy & Hold,-0.126953879382958
2018-11-21,1. Buy & Hold,-0.1292733547234904
2018-11-23,1. Buy & Hold,-0.13766813565516983
2018-11-26,1. Buy & Hold,-0.11918442211787282
2018-11-27,1. Buy & Hold,-0.11415729863853796
2018-11-28,1. Buy & Hold,-0.08806678359647016
2018-11-29,1. Buy & Hold,-0.09204632048469873
2018-11-30,1. Buy & Hold,-0.08116923852770602
2018-12-03,1. Buy & Hold,-0.06824668894878141
2018-12-04,1. Buy & Hold,-0.09926926080539156
2018-12-06,1. Buy & Hold,-0.0959132922729972
2018-12-07,1. Buy & Hold,-0.12034554680751114
2018-12-10,1. Buy & Hold,-0.1150615610462581
2018-12-11,1. Buy & Hold,-0.11612416216172473
2018-12-12,1. Buy & Hold,-0.11066036327776514
2018-12-13,1. Buy & Hold,-0.1063844753240016
2018-12-14,1. Buy & Hold,-0.12595152426115902
2018-12-17,1. Buy & Hold,-0.1465836192800907
2018-12-18,1. Buy & Hold,-0.14284178930826433
2018-12-19,1. Buy & Hold,-0.15813378491544225
2018-12-20,1. Buy & Hold,-0.17328543476612535
2018-12-21,1. Buy & Hold,-0.1941102823900042
2018-12-24,1. Buy & Hold,-0.2178182042287672
2018-12-26,1. Buy & Hold,-0.17047388852942727
2018-12-27,1. Buy & Hold,-0.16574266630792367
2018-12-28,1. Buy & Hold,-0.1648536164968268
2018-12-31,1. Buy & Hold,-0.15600868371122492
2019-01-02,1. Buy & Hold,-0.15467108561586143
2019-01-03,1. Buy & Hold,-0.17658828750200156
2019-01-04,1. Buy & Hold,-0.14285826516288427
2019-01-07,1. Buy & Hold,-0.131294246948306
2019-01-08,1. Buy & Hold,-0.1242981140650454
2019-01-09,1. Buy & Hold,-0.12083732506069872
2019-01-10,1. Buy & Hold,-0.11931908239372394
2019-01-11,1. Buy & Hold,-0.11691760427227611
2019-01-14,1. Buy & Hold,-0.12230755245441878
2019-01-15,1. Buy & Hold,-0.10808480603342092
2019-01-16,1. Buy & Hold,-0.10667016914746909
2019-01-17,1. Buy & Hold,-0.1023240142792039
2019-01-18,1. Buy & Hold,-0.1021504785838245
2019-01-22,1. Buy & Hold,-0.11731499518867122
2019-01-23,1. Buy & Hold,-0.11700219327766825
2019-01-24,1. Buy & Hold,-0.11557610649321093
2019-01-25,1. Buy & Hold,-0.10639583002492714
2019-01-28,1. Buy & Hold,-0.11820747666428538
2019-01-29,1. Buy & Hold,-0.12371911093677163
2019-01-30,1. Buy & Hold,-0.10548310970926
2019-01-31,1. Buy & Hold,-0.09469808830944182
2019-02-01,1. Buy & Hold,-0.0935748755960141
2019-02-04,1. Buy & Hold,-0.0836103290116474
2019-02-05,1. Buy & Hold,-0.07756630292992116
2019-02-06,1. Buy & Hold,-0.08192028373615426
2019-02-07,1. Buy & Hold,-0.0928800921541209
2019-02-08,1. Buy & Hold,-0.09219367818365004
2019-02-11,1. Buy & Hold,-0.09375730561279003
2019-02-12,1. Buy & Hold,-0.08144465365974801
2019-02-13,1. Buy & Hold,-0.08037745719548652
2019-02-14,1. Buy & Hold,-0.08406713091436814
2019-02-15,1. Buy & Hold,-0.07646270296407846
2019-02-19,1. Buy & Hold,-0.07348650221817027
2019-02-20,1. Buy & Hold,-0.07497873773458943
2019-02-21,1. Buy & Hold,-0.07872727627799463
2019-02-22,1. Buy & Hold,-0.07066667147466585
2019-02-25,1. Buy & Hold,-0.070025414232956
2019-02-26,1. Buy & Hold,-0.07014581336395537
2019-02-27,1. Buy & Hold,-0.0700675845954482
2019-02-28,1. Buy & Hold,-0.070466550454673
2019-03-01,1. Buy & Hold,-0.0678716510882061
2019-03-04,1. Buy & Hold,-0.06920949377703911
2019-03-05,1. Buy & Hold,-0.0686275688296515
2019-03-06,1. Buy & Hold,-0.07175946859113436
2019-03-07,1. Buy & Hold,-0.08125232711813786
2019-03-08,1. Buy & Hold,-0.08239958780141014
2019-03-11,1. Buy & Hold,-0.06430185934930671
2019-03-12,1. Buy & Hold,-0.06226716845480221
2019-03-13,1. Buy & Hold,-0.05561203944637808
2019-03-14,1. Buy & Hold,-0.057619829506211064
2019-03-15,1. Buy & Hold,-0.05468326623084478
2019-03-18,1. Buy & Hold,-0.05336989495370177
2019-03-19,1. Buy & Hold,-0.05231860782146038
2019-03-20,1. Buy & Hold,-0.048499689506609656
2019-03-21,1. Buy & Hold,-0.039115701358879
2019-03-22,1. Buy & Hold,-0.058760708360057486
2019-03-25,1. Buy & Hold,-0.05956824649004304
2019-03-26,1. Buy & Hold,-0.05311304445716672
2019-03-27,1. Buy & Hold,-0.057652042318863575
2019-03-28,1. Buy & Hold,-0.05379809146550592
2019-03-29,1. Buy & Hold,-0.04825556254231844
2019-04-01,1. Buy & Hold,-0.0349611132512364
2019-04-02,1. Buy & Hold,-0.03339790851049056
2019-04-03,1. Buy & Hold,-0.029407805177725718
2019-04-04,1. Buy & Hold,-0.030801411929385684
2019-04-05,1. Buy & Hold,-0.027475493983048282
2019-04-08,1. Buy & Hold,-0.025611029251224958
2019-04-09,1. Buy & Hold,-0.028228140065010218
2019-04-10,1. Buy & Hold,-0.025038637746878072
2019-04-11,1. Buy & Hold,-0.025401841131074753
2019-04-12,1. Buy & Hold,-0.017301796561660702
2019-04-15,1. Buy & Hold,-0.016638498175157675
2019-04-16,1. Buy & Hold,-0.012771314762407072
2019-04-17,1. Buy & Hold,-0.010114404274118374
2019-04-18,1. Buy & Hold,-0.009260895827600747
2019-04-22,1. Buy & Hold,-0.0039006877783475257
2019-04-23,1. Buy & Hold,0.0
2019-04-24,1. Buy & Hold,-0.003498851383542763
2019-04-25,1. Buy & Hold,-0.0014702013489720786
2019-04-26,1. Buy & Hold,0.0
2019-04-29,1. Buy & Hold,0.0
2019-04-30,1. Buy & Hold,-0.0005518983326317171
2019-05-01,1. Buy & Hold,-0.006641356202180802
2019-05-02,1. Buy & Hold,-0.00825877242266969
2019-05-03,1. Buy & Hold,0.0
2019-05-06,1. Buy & Hold,-0.00414459099942333
2019-05-07,1. Buy & Hold,-0.021465885970350863
2019-05-08,1. Buy & Hold,-0.022978006979547452
2019-05-09,1. Buy & Hold,-0.02889548858350264
2019-05-10,1. Buy & Hold,-0.026736882272272954
2019-05-13,1. Buy & Hold,-0.0533853259972337
2019-05-14,1. Buy & Hold,-0.04585224162461202
2019-05-15,1. Buy & Hold,-0.03578477969174689
2019-05-16,1. Buy & Hold,-0.026046902186728393
2019-05-17,1. Buy & Hold,-0.0351642915465996
2019-05-20,1. Buy & Hold,-0.04279685508818285
2019-05-21,1. Buy & Hold,-0.038246425985842734
2019-05-22,1. Buy & Hold,-0.038478397037979686
2019-05-23,1. Buy & Hold,-0.050242534414397334
2019-05-24,1. Buy & Hold,-0.04850432019157973
2019-05-28,1. Buy & Hold,-0.051391956430886475
2019-05-29,1. Buy & Hold,-0.05983024864460868
2019-05-30,1. Buy & Hold,-0.05815918545564635
2019-05-31,1. Buy & Hold,-0.07174240652137896
2019-06-03,1. Buy & Hold,-0.08558053814160028
2019-06-04,1. Buy & Hold,-0.0616466941002178
2019-06-05,1. Buy & Hold,-0.05246484393603169
2019-06-06,1. Buy & Hold,-0.04386633224732385
2019-06-07,1. Buy & Hold,-0.03163003174257337
2019-06-10,1. Buy & Hold,-0.025357684159749733
2019-06-11,1. Buy & Hold,-0.024589175202169463
2019-06-12,1. Buy & Hold,-0.02762021268230635
2019-06-13,1. Buy & Hold,-0.023892712049099377
2019-06-14,1. Buy & Hold,-0.023536978850342394
2019-06-17,1. Buy & Hold,-0.017766943572072123
2019-06-18,1. Buy & Hold,-0.010955918302091352
2019-06-19,1. Buy & Hold,-0.007290312730687391
2019-06-20,1. Buy & Hold,0.0
2019-06-21,1. Buy & Hold,-0.0007800916901152132
2019-06-24,1. Buy & Hold,-0.0001670501319648413
2019-06-25,1. Buy & Hold,-0.012731859423868602
2019-06-26,1. Buy & Hold,-0.011196409889531128
2019-06-27,1. Buy & Hold,-0.007780838234806413
2019-06-28,1. Buy & Hold,-0.0036582930500864007
2019-07-01,1. Buy & Hold,0.0
2019-07-02,1. Buy & Hold,0.0
2019-07-03,1. Buy & Hold,0.0
2019-07-05,1. Buy & Hold,-0.002634036264832806
2019-07-08,1. Buy & Hold,-0.006569156994624497
2019-07-09,1. Buy & Hold,-0.0025661461438109437
2019-07-10,1. Buy & Hold,0.0
2019-07-11,1. Buy & Hold,0.0
2019-07-12,1. Buy & Hold,0.0
2019-07-15,1. Buy & Hold,0.0
2019-07-16,1. Buy & Hold,-0.004186665415182413
2019-07-17,1. Buy & Hold,-0.00821384715810076
2019-07-18,1. Buy & Hold,-0.014999036747966134
2019-07-19,1. Buy & Hold,-0.023142792457091593
2019-07-22,1. Buy & Hold,-0.019107404902370364
2019-07-23,1. Buy & Hold,-0.012297443910697092
2019-07-24,1. Buy & Hold,-0.006726994649365011
2019-07-25,1. Buy & Hold,-0.014095443140400427
2019-07-26,1. Buy & Hold,-0.0029168711210690117
2019-07-29,1. Buy & Hold,-0.005106608329238741
2019-07-30,1. Buy & Hold,-0.010155963350834183
2019-07-31,1. Buy & Hold,-0.023264175828875265
2019-08-01,1. Buy & Hold,-0.0324287900960694
2019-08-02,1. Buy & Hold,-0.03973003602421459
2019-08-05,1. Buy & Hold,-0.07260656660160336
2019-08-06,1. Buy & Hold,-0.058920287996628254
2019-08-07,1. Buy & Hold,-0.059703962912619715
2019-08-08,1. Buy & Hold,-0.039365677176403636
2019-08-09,1. Buy & Hold,-0.04862771286321394
2019-08-12,1. Buy & Hold,-0.06124675098770541
2019-08-13,1. Buy & Hold,-0.04735256467980945
2019-08-14,1. Buy & Hold,-0.07710152655591247
2019-08-15,1. Buy & Hold,-0.07068655803947754
2019-08-16,1. Buy & Hold,-0.05651098801858286
2019-08-19,1. Buy & Hold,-0.0425154092653265
2019-08-20,1. Buy & Hold,-0.0504438759666576
2019-08-21,1. Buy & Hold,-0.04387580515826576
2019-08-22,1. Buy & Hold,-0.04440284299514838
2019-08-23,1. Buy & Hold,-0.07051721501991809
2019-08-26,1. Buy & Hold,-0.05805207511936799
2019-08-27,1. Buy & Hold,-0.06022377922804671
2019-08-28,1. Buy & Hold,-0.05471036024072084
2019-08-29,1. Buy & Hold,-0.04153895704493986
2019-08-30,1. Buy & Hold,-0.04201205305518647
2019-09-03,1. Buy & Hold,-0.047805312917474
2019-09-04,1. Buy & Hold,-0.037516823237766846
2019-09-05,1. Buy & Hold,-0.022930837762155064
2019-09-06,1. Buy & Hold,-0.024745252866245567
2019-09-09,1. Buy & Hold,-0.024461458851294297
2019-09-10,1. Buy & Hold,-0.029730243498061613
2019-09-11,1. Buy & Hold,-0.024794581072002518
2019-09-12,1. Buy & Hold,-0.018104780856996877
2019-09-13,1. Buy & Hold,-0.017890816643863824
2019-09-16,1. Buy & Hold,-0.025397857706843795
2019-09-17,1. Buy & Hold,-0.021722751021349466
2019-09-18,1. Buy & Hold,-0.02205182346022219
2019-09-19,1. Buy & Hold,-0.023361433534883208
2019-09-20,1. Buy & Hold,-0.03435523383084831
2019-09-23,1. Buy & Hold,-0.0339230820771427
2019-09-24,1. Buy & Hold,-0.045689176581196596
2019-09-25,1. Buy & Hold,-0.03603553579319664
2019-09-26,1. Buy & Hold,-0.03741542275575488
2019-09-27,1. Buy & Hold,-0.042385873834622674
2019-09-30,1. Buy & Hold,-0.03908838836956401
2019-10-01,1. Buy & Hold,-0.04343024896855035
2019-10-02,1. Buy & Hold,-0.059473976930872564
2019-10-03,1. Buy & Hold,-0.05251910738739713
2019-10-04,1. Buy & Hold,-0.0382920975516391
2019-10-07,1. Buy & Hold,-0.04101783394698377
2019-10-08,1. Buy & Hold,-0.053641736669030125
2019-10-09,1. Buy & Hold,-0.04485910456282788
2019-10-10,1. Buy & Hold,-0.03747573327694418
2019-10-11,1. Buy & Hold,-0.028256034303238694
2019-10-14,1. Buy & Hold,-0.027055436153291833
2019-10-15,1. Buy & Hold,-0.01774667781405751
2019-10-16,1. Buy & Hold,-0.017140945534525248
2019-10-17,1. Buy & Hold,-0.013541667974366862
2019-10-18,1. Buy & Hold,-0.025667575714733847
2019-10-21,1. Buy & Hold,-0.017346316784221882
2019-10-22,1. Buy & Hold,-0.02511818015839951
2019-10-23,1. Buy & Hold,-0.020755854029991014
2019-10-24,1. Buy & Hold,-0.010625306377857085
2019-10-25,1. Buy & Hold,-0.0023993888656733344
2019-10-28,1. Buy & Hold,0.0
2019-10-29,1. Buy & Hold,-0.00771412945974605
2019-10-30,1. Buy & Hold,-0.0012473128766892609
2019-10-31,1. Buy & Hold,-0.0030477274418996324
2019-11-01,1. Buy & Hold,0.0
2019-11-04,1. Buy & Hold,0.0
2019-11-05,1. Buy & Hold,-0.0046704058293428104
2019-11-06,1. Buy & Hold,-0.003295149412778652
2019-11-07,1. Buy & Hold,0.0
2019-11-08,1. Buy & Hold,0.0
2019-11-11,1. Buy & Hold,-0.0006304453332749672
2019-11-12,1. Buy & Hold,0.0
2019-11-13,1. Buy & Hold,0.0
2019-11-14,1. Buy & Hold,0.0
2019-11-15,1. Buy & Hold,0.0
2019-11-18,1. Buy & Hold,0.0
2019-11-19,1. Buy & Hold,-0.00038864128444442473
2019-11-20,1. Buy & Hold,-0.005009492547741279
2019-11-21,1. Buy & Hold,-0.004518254053929948
2019-11-22,1. Buy & Hold,-0.005418736708256921
2019-11-25,1. Buy & Hold,0.0
2019-11-26,1. Buy & Hold,0.0
2019-11-27,1. Buy & Hold,0.0
2019-11-29,1. Buy & Hold,-0.003356166560052201
2019-12-02,1. Buy & Hold,-0.010918341757771014
2019-12-03,1. Buy & Hold,-0.016744566175030593
2019-12-04,1. Buy & Hold,-0.012980440500337653
2019-12-05,1. Buy & Hold,-0.01248014801868442
2019-12-06,1. Buy & Hold,-0.003742353345459822
2019-12-09,1. Buy & Hold,-0.005746863118694853
2019-12-10,1. Buy & Hold,-0.007636947925918274
2019-12-11,1. Buy & Hold,-0.003909268092686224
2019-12-12,1. Buy & Hold,0.0
2019-12-13,1. Buy & Hold,0.0
2019-12-16,1. Buy & Hold,0.0
2019-12-17,1. Buy & Hold,0.0
2019-12-18,1. Buy & Hold,0.0
2019-12-19,1. Buy & Hold,0.0
2019-12-20,1. Buy & Hold,0.0
2019-12-23,1. Buy & Hold,-0.0001831190492519302
2019-12-24,1. Buy & Hold,0.0
2019-12-26,1. Buy & Hold,0.0
2019-12-27,1. Buy & Hold,-0.000621315404081713
2019-12-30,1. Buy & Hold,-0.010779183777596396
2019-12-31,1. Buy & Hold,-0.007464058908713951
2020-01-02,1. Buy & Hold,0.0
2020-01-03,1. Buy & Hold,-0.008397481674024956
2020-01-06,1. Buy & Hold,-0.0020167386146294417
2020-01-07,1. Buy & Hold,-0.004395236658276232
2020-01-08,1. Buy & Hold,0.0
2020-01-09,1. Buy & Hold,0.0
2020-01-10,1. Buy & Hold,-0.0021756283034259894
2020-01-13,1. Buy & Hold,0.0
2020-01-14,1. Buy & Hold,-0.0014094774331530422
2020-01-15,1. Buy & Hold,-0.0011463487039076812
2020-01-16,1. Buy & Hold,0.0
2020-01-17,1. Buy & Hold,0.0
2020-01-21,1. Buy & Hold,0.0
2020-01-22,1. Buy & Hold,0.0
2020-01-23,1. Buy & Hold,0.0
2020-01-24,1. Buy & Hold,-0.008438410966918997
2020-01-27,1. Buy & Hold,-0.02351734042394643
2020-01-28,1. Buy & Hold,-0.013065131976326376
2020-01-29,1. Buy & Hold,-0.010848403000708875
2020-01-30,1. Buy & Hold,0.0
2020-01-31,1. Buy & Hold,-0.013304846432641059
2020-02-03,1. Buy & Hold,0.0
2020-02-04,1. Buy & Hold,0.0
2020-02-05,1. Buy & Hold,-0.009861748495259146
2020-02-06,1. Buy & Hold,-0.004283477202153087
2020-02-07,1. Buy & Hold,-0.007106517076844952
2020-02-10,1. Buy & Hold,0.0
2020-02-11,1. Buy & Hold,-0.0019534864655184753
2020-02-12,1. Buy & Hold,0.0
2020-02-13,1. Buy & Hold,0.0
2020-02-14,1. Buy & Hold,0.0
2020-02-18,1. Buy & Hold,0.0
2020-02-19,1. Buy & Hold,0.0
2020-02-20,1. Buy & Hold,-0.005915629845082096
2020-02-21,1. Buy & Hold,-0.018918835458937897
2020-02-24,1. Buy & Hold,-0.06001188819136875
2020-02-25,1. Buy & Hold,-0.08902114932912973
2020-02-26,1. Buy & Hold,-0.08957245739822074
2020-02-27,1. Buy & Hold,-0.13692287129312
2020-02-28,1. Buy & Hold,-0.1385939881572715
2020-03-02,1. Buy & Hold,-0.09294576892427765
2020-03-03,1. Buy & Hold,-0.11961149326901606
2020-03-04,1. Buy & Hold,-0.08556603073685658
2020-03-05,1. Buy & Hold,-0.11550135218318056
2020-03-06,1. Buy & Hold,-0.13087046599886804
2020-03-09,1. Buy & Hold,-0.19627591424073507
2020-03-10,1. Buy & Hold,-0.15125207110642566
2020-03-11,1. Buy & Hold,-0.18983384281796406
2020-03-12,1. Buy & Hold,-0.2665863006222336
2020-03-13,1. Buy & Hold,-0.19909770014573366
2020-03-16,1. Buy & Hold,-0.29373026524848295
2020-03-17,1. Buy & Hold,-0.25614637758309944
2020-03-18,1. Buy & Hold,-0.2861255272109017
2020-03-19,1. Buy & Hold,-0.2757529222764041
2020-03-20,1. Buy & Hold,-0.30730287678489604
2020-03-23,1. Buy & Hold,-0.31301961656437205
2020-03-24,1. Buy & Hold,-0.2517058618183011
2020-03-25,1. Buy & Hold,-0.24846761481554383
2020-03-26,1. Buy & Hold,-0.21380982220989034
2020-03-27,1. Buy & Hold,-0.24041571495138178
2020-03-30,1. Buy & Hold,-0.21257388405524782
2020-03-31,1. Buy & Hold,-0.22264771380852924
2020-04-01,1. Buy & Hold,-0.2540589967674571
2020-04-02,1. Buy & Hold,-0.2370623586731032
2020-04-03,1. Buy & Hold,-0.24494411336231975
2020-04-06,1. Buy & Hold,-0.1927881922696208
2020-04-07,1. Buy & Hold,-0.19720552697571342
2020-04-08,1. Buy & Hold,-0.17915325144585015
2020-04-09,1. Buy & Hold,-0.17046742943642093
2020-04-13,1. Buy & Hold,-0.1594591528422778
2020-04-14,1. Buy & Hold,-0.12636054372455527
2020-04-15,1. Buy & Hold,-0.13653158051039205
2020-04-16,1. Buy & Hold,-0.1303029818303839
2020-04-17,1. Buy & Hold,-0.11488672924757747
2020-04-20,1. Buy & Hold,-0.12893118414469348
2020-04-21,1. Buy & Hold,-0.15493256975610942
2020-04-22,1. Buy & Hold,-0.13408436719138328
2020-04-23,1. Buy & Hold,-0.13575205346897334
2020-04-24,1. Buy & Hold,-0.12482144907809176
2020-04-27,1. Buy & Hold,-0.11025379354367917
2020-04-28,1. Buy & Hold,-0.12345296887259706
2020-04-29,1. Buy & Hold,-0.09532273819544917
2020-04-30,1. Buy & Hold,-0.09750117349852061
2020-05-01,1. Buy & Hold,-0.12421770227700724
2020-05-04,1. Buy & Hold,-0.11141344789665082
2020-05-05,1. Buy & Hold,-0.10519631321336742
2020-05-06,1. Buy & Hold,-0.10351242147904821
2020-05-07,1. Buy & Hold,-0.09619571585426483
2020-05-08,1. Buy & Hold,-0.0799446670046832
2020-05-11,1. Buy & Hold,-0.07749754475930952
2020-05-12,1. Buy & Hold,-0.09482990736319079
2020-05-13,1. Buy & Hold,-0.10521847272368287
2020-05-14,1. Buy & Hold,-0.09274444455500222
2020-05-15,1. Buy & Hold,-0.08245404820011602
2020-05-18,1. Buy & Hold,-0.06122391734731234
2020-05-19,1. Buy & Hold,-0.0693358408476469
2020-05-20,1. Buy & Hold,-0.05349785382301557
2020-05-21,1. Buy & Hold,-0.0624786704028803
2020-05-22,1. Buy & Hold,-0.06244837952356571
2020-05-26,1. Buy & Hold,-0.06002187039717939
2020-05-27,1. Buy & Hold,-0.056112848756631695
2020-05-28,1. Buy & Hold,-0.060434380313133904
2020-05-29,1. Buy & Hold,-0.05255760822968347
2020-06-01,1. Buy & Hold,-0.04415333977481872
2020-06-02,1. Buy & Hold,-0.040004713596343666
2020-06-03,1. Buy & Hold,-0.0347801447995914
2020-06-04,1. Buy & Hold,-0.04361683127376968
2020-06-05,1. Buy & Hold,-0.022799927218964133
2020-06-08,1. Buy & Hold,-0.011363231344961509
2020-06-09,1. Buy & Hold,-0.00643532897811642
2020-06-10,1. Buy & Hold,0.0
2020-06-11,1. Buy & Hold,-0.052218388389159306
2020-06-12,1. Buy & Hold,-0.04871540535301266
2020-06-15,1. Buy & Hold,-0.036583659416594805
2020-06-16,1. Buy & Hold,-0.022928590840414043
2020-06-17,1. Buy & Hold,-0.020822536307738903
2020-06-18,1. Buy & Hold,-0.01854867791420334
2020-06-19,1. Buy & Hold,-0.022317758397212
2020-06-22,1. Buy & Hold,-0.011140350392094557
2020-06-23,1. Buy & Hold,-0.005149051685166193
2020-06-24,1. Buy & Hold,-0.030006798492562773
2020-06-25,1. Buy & Hold,-0.017752246601849528
2020-06-26,1. Buy & Hold,-0.04877957238719689
2020-06-29,1. Buy & Hold,-0.03316473858351814
2020-06-30,1. Buy & Hold,-0.033548282507762914
2020-07-01,1. Buy & Hold,-0.022537301617586783
2020-07-02,1. Buy & Hold,-0.0163018297953448
2020-07-06,1. Buy & Hold,0.0
2020-07-07,1. Buy & Hold,-0.004806376679397374
2020-07-08,1. Buy & Hold,0.0
2020-07-09,1. Buy & Hold,0.0
2020-07-10,1. Buy & Hold,0.0
2020-07-13,1. Buy & Hold,-0.011508784506300036
2020-07-14,1. Buy & Hold,0.0
2020-07-15,1. Buy & Hold,0.0
2020-07-16,1. Buy & Hold,-0.00736509146726713
2020-07-17,1. Buy & Hold,-0.011280170733505943
2020-07-20,1. Buy & Hold,0.0
2020-07-21,1. Buy & Hold,-0.0024533706333427973
2020-07-22,1. Buy & Hold,0.0
2020-07-23,1. Buy & Hold,-0.017066440148115043
2020-07-24,1. Buy & Hold,-0.024707410719780106
2020-07-27,1. Buy & Hold,-0.013376470682957442
2020-07-28,1. Buy & Hold,-0.0197191511358641
2020-07-29,1. Buy & Hold,-0.010975528496375953
2020-07-30,1. Buy & Hold,-0.014183971735506508
2020-07-31,1. Buy & Hold,-0.00887301229564875
2020-08-03,1. Buy & Hold,-0.0010144851592453752
2020-08-04,1. Buy & Hold,0.0
2020-08-05,1. Buy & Hold,0.0
2020-08-06,1. Buy & Hold,0.0
2020-08-07,1. Buy & Hold,-0.003678877015651413
2020-08-10,1. Buy & Hold,-0.005434526215298871
2020-08-11,1. Buy & Hold,-0.013496988694172355
2020-08-12,1. Buy & Hold,0.0
2020-08-13,1. Buy & Hold,0.0
2020-08-14,1. Buy & Hold,0.0
2020-08-17,1. Buy & Hold,0.0
2020-08-18,1. Buy & Hold,0.0
2020-08-19,1. Buy & Hold,-0.005779463209045676
2020-08-20,1. Buy & Hold,0.0
2020-08-21,1. Buy & Hold,0.0
2020-08-24,1. Buy & Hold,0.0
2020-08-25,1. Buy & Hold,0.0
2020-08-26,1. Buy & Hold,0.0
2020-08-27,1. Buy & Hold,0.0
2020-08-28,1. Buy & Hold,0.0
2020-08-31,1. Buy & Hold,-0.11345378143051923
2020-09-01,1. Buy & Hold,-0.1059498098552238
2020-09-02,1. Buy & Hold,-0.09403239670493826
2020-09-03,1. Buy & Hold,-0.12737175494042913
2020-09-04,1. Buy & Hold,-0.1356268682308712
2020-09-08,1. Buy & Hold,-0.16152666029926488
2020-09-09,1. Buy & Hold,-0.14604923516318255
2020-09-10,1. Buy & Hold,-0.16147177477387217
2020-09-11,1. Buy & Hold,-0.16103580253480482
2020-09-14,1. Buy & Hold,-0.15166701305963728
2020-09-15,1. Buy & Hold,-0.145998062942788
2020-09-16,1. Buy & Hold,-0.1532215637427517
2020-09-17,1. Buy & Hold,-0.1620159906433358
2020-09-18,1. Buy & Hold,-0.16937432121768733
2020-09-21,1. Buy & Hold,-0.1765572845106981
2020-09-22,1. Buy & Hold,-0.16915649454693465
2020-09-23,1. Buy & Hold,-0.19228793026042001
2020-09-24,1. Buy & Hold,-0.18855288584173951
2020-09-25,1. Buy & Hold,-0.17677521893157047
2020-09-28,1. Buy & Hold,-0.16483741163698065
2020-09-29,1. Buy & Hold,-0.16721602313767606
2020-09-30,1. Buy & Hold,-0.15905620632651732
2020-10-01,1. Buy & Hold,-0.15184995225230796
2020-10-02,1. Buy & Hold,-0.16499825529018972
2020-10-05,1. Buy & Hold,-0.1508025132734676
2020-10-06,1. Buy & Hold,-0.16349342058695296
2020-10-07,1. Buy & Hold,-0.15016423437980714
2020-10-08,1. Buy & Hold,-0.14323112260552215
2020-10-09,1. Buy & Hold,-0.13500587645959583
2020-10-12,1. Buy & Hold,-0.12206645815249231
2020-10-13,1. Buy & Hold,-0.12320820292911866
2020-10-14,1. Buy & Hold,-0.13291865074168027
2020-10-15,1. Buy & Hold,-0.13529521109514842
2020-10-16,1. Buy & Hold,-0.13615964130425773
2020-10-19,1. Buy & Hold,-0.15099401654119934
2020-10-20,1. Buy & Hold,-0.1462092831465479
2020-10-21,1. Buy & Hold,-0.14830966799809975
2020-10-22,1. Buy & Hold,-0.14424057075028168
2020-10-23,1. Buy & Hold,-0.13945809952577454
2020-10-26,1. Buy & Hold,-0.1556391576960049
2020-10-27,1. Buy & Hold,-0.15435227762022324
2020-10-28,1. Buy & Hold,-0.18844703820626063
2020-10-29,1. Buy & Hold,-0.17625424319597735
2020-10-30,1. Buy & Hold,-0.18897269452818302
2020-11-02,1. Buy & Hold,-0.18118282394215893
2020-11-03,1. Buy & Hold,-0.16681735589383354
2020-11-04,1. Buy & Hold,-0.14850398355583158
2020-11-05,1. Buy & Hold,-0.13293286309369726
2020-11-06,1. Buy & Hold,-0.1317918719849322
2020-11-09,1. Buy & Hold,-0.11517661642411048
2020-11-10,1. Buy & Hold,-0.12156237014587196
2020-11-11,1. Buy & Hold,-0.11611948890497278
2020-11-12,1. Buy & Hold,-0.12453540444197661
2020-11-13,1. Buy & Hold,-0.11601837076437269
2020-11-16,1. Buy & Hold,-0.1080852270696429
2020-11-17,1. Buy & Hold,-0.11382218663540998
2020-11-18,1. Buy & Hold,-0.12053938135571886
2020-11-19,1. Buy & Hold,-0.11796167045970998
2020-11-20,1. Buy & Hold,-0.12620415857680675
2020-11-23,1. Buy & Hold,-0.11871978712654331
2020-11-24,1. Buy & Hold,-0.10160141895496448
2020-11-25,1. Buy & Hold,-0.10098141382370965
2020-11-27,1. Buy & Hold,-0.0992977383847611
2020-11-30,1. Buy & Hold,-0.1045988642746937
2020-12-01,1. Buy & Hold,-0.09248033163640146
2020-12-02,1. Buy & Hold,-0.08734594020831311
2020-12-03,1. Buy & Hold,-0.09214141996611493
2020-12-04,1. Buy & Hold,-0.0858991806189958
2020-12-07,1. Buy & Hold,-0.0838870873456704
2020-12-08,1. Buy & Hold,-0.08078273264842255
2020-12-09,1. Buy & Hold,-0.09199303814072456
2020-12-10,1. Buy & Hold,-0.09212351649085154
2020-12-11,1. Buy & Hold,-0.08669475793198385
2020-12-14,1. Buy & Hold,-0.0907403836921521
2020-12-15,1. Buy & Hold,-0.08405775400158567
2020-12-16,1. Buy & Hold,-0.08372648646903899
2020-12-17,1. Buy & Hold,-0.07807158843751662
2020-12-18,1. Buy & Hold,-0.07878942604583887
2020-12-21,1. Buy & Hold,-0.08124796580199892
2020-12-22,1. Buy & Hold,-0.08824596759535837
2020-12-23,1. Buy & Hold,-0.08640923240310715
2020-12-24,1. Buy & Hold,-0.08339204155732866
2020-12-28,1. Buy & Hold,-0.07206788637214209
2020-12-29,1. Buy & Hold,-0.07209543059822064
2020-12-30,1. Buy & Hold,-0.06941167667776828
2020-12-31,1. Buy & Hold,-0.06500195885944303
2021-01-04,1. Buy & Hold,-0.0744635017182413
2021-01-05,1. Buy & Hold,-0.06967746192776278
2021-01-06,1. Buy & Hold,-0.07255430432582795
2021-01-07,1. Buy & Hold,-0.0587601088834164
2021-01-08,1. Buy & Hold,-0.052938480541784544
2021-01-11,1. Buy & Hold,-0.05808057513393763
2021-01-12,1. Buy & Hold,-0.05954135178893193
2021-01-13,1. Buy & Hold,-0.05676049876718874
2021-01-14,1. Buy & Hold,-0.06628567146220865
2021-01-15,1. Buy & Hold,-0.0753784772042357
2021-01-19,1. Buy & Hold,-0.06885949946925114
2021-01-20,1. Buy & Hold,-0.04960766667583355
2021-01-21,1. Buy & Hold,-0.04945490582057901
2021-01-22,1. Buy & Hold,-0.051787499259361776
2021-01-25,1. Buy & Hold,-0.04924365588766689
2021-01-26,1. Buy & Hold,-0.04768571432776815
2021-01-27,1. Buy & Hold,-0.07668982114690961
2021-01-28,1. Buy & Hold,-0.06593330067956507
2021-01-29,1. Buy & Hold,-0.0849284941121511
2021-02-01,1. Buy & Hold,-0.07140852086059189
2021-02-02,1. Buy & Hold,-0.05668630228886148
2021-02-03,1. Buy & Hold,-0.052172341826857156
2021-02-04,1. Buy & Hold,-0.04036885975632664
2021-02-05,1. Buy & Hold,-0.035856947252979714
2021-02-08,1. Buy & Hold,-0.02543239221739063
2021-02-09,1. Buy & Hold,-0.028701752762780953
2021-02-10,1. Buy & Hold,-0.027093281523681297
2021-02-11,1. Buy & Hold,-0.02470124238866519
2021-02-12,1. Buy & Hold,-0.023722160575548608
2021-02-16,1. Buy & Hold,-0.01951628092045093
2021-02-17,1. Buy & Hold,-0.01871807566962865
2021-02-18,1. Buy & Hold,-0.024810729067080418
2021-02-19,1. Buy & Hold,-0.031194486337723516
2021-02-22,1. Buy & Hold,-0.03366106489799717
2021-02-23,1. Buy & Hold,-0.029757677161070188
2021-02-24,1. Buy & Hold,-0.018914410768827956
2021-02-25,1. Buy & Hold,-0.043732628236835436
2021-02-26,1. Buy & Hold,-0.051242590571677536
2021-03-01,1. Buy & Hold,-0.03061732097236888
2021-03-02,1. Buy & Hold,-0.03936304331984204
2021-03-03,1. Buy & Hold,-0.05021998253196897
2021-03-04,1. Buy & Hold,-0.05917743979378103
2021-03-05,1. Buy & Hold,-0.04441386231440622
2021-03-08,1. Buy & Hold,-0.04786261192033908
2021-03-09,1. Buy & Hold,-0.036413788032703995
2021-03-10,1. Buy & Hold,-0.027982565744633113
2021-03-11,1. Buy & Hold,-0.017217057591495784
2021-03-12,1. Buy & Hold,-0.01778737476608686
2021-03-15,1. Buy & Hold,-0.014849574754389609
2021-03-16,1. Buy & Hold,-0.013524709969721655
2021-03-17,1. Buy & Hold,-0.01122293527706648
2021-03-18,1. Buy & Hold,-0.02729761593227031
2021-03-19,1. Buy & Hold,-0.02901072175995369
2021-03-22,1. Buy & Hold,-0.02407110767655996
2021-03-23,1. Buy & Hold,-0.026872692929284143
2021-03-24,1. Buy & Hold,-0.032792497057569286
2021-03-25,1. Buy & Hold,-0.031768861934825116
2021-03-26,1. Buy & Hold,-0.018374452297837657
2021-03-29,1. Buy & Hold,-0.01558625643671201
2021-03-30,1. Buy & Hold,-0.018548833826524093
2021-03-31,1. Buy & Hold,-0.014583069827050538
2021-04-01,1. Buy & Hold,0.0
2021-04-05,1. Buy & Hold,0.0
2021-04-06,1. Buy & Hold,-0.0014071013071727822
2021-04-07,1. Buy & Hold,0.0
2021-04-08,1. Buy & Hold,0.0
2021-04-09,1. Buy & Hold,0.0
2021-04-12,1. Buy & Hold,0.0
2021-04-13,1. Buy & Hold,0.0
2021-04-14,1. Buy & Hold,-0.005080909466558958
2021-04-15,1. Buy & Hold,0.0
2021-04-16,1. Buy & Hold,0.0
2021-04-19,1. Buy & Hold,-0.004591012451382451
2021-04-20,1. Buy & Hold,-0.012272370352565244
2021-04-21,1. Buy & Hold,-0.008196651142242217
2021-04-22,1. Buy & Hold,-0.020626405624207745
2021-04-23,1. Buy & Hold,-0.010922575472490374
2021-04-26,1. Buy & Hold,-0.009633179202430167
2021-04-27,1. Buy & Hold,-0.01035679715962996
2021-04-28,1. Buy & Hold,-0.006305210731741981
2021-04-29,1. Buy & Hold,0.0
2021-04-30,1. Buy & Hold,-0.006785629561208577
2021-05-03,1. Buy & Hold,-0.005232311302174637
2021-05-04,1. Buy & Hold,-0.011010534676510843
2021-05-05,1. Buy & Hold,-0.012634130514318524
2021-05-06,1. Buy & Hold,-0.003988137003585449
2021-05-07,1. Buy & Hold,0.0
2021-05-10,1. Buy & Hold,-0.012312850574547285
2021-05-11,1. Buy & Hold,-0.020489986381448402
2021-05-12,1. Buy & Hold,-0.039223441181874104
2021-05-13,1. Buy & Hold,-0.030123432335572832
2021-05-14,1. Buy & Hold,-0.018006104016127015
2021-05-17,1. Buy & Hold,-0.01909111546271646
2021-05-18,1. Buy & Hold,-0.026819854172528416
2021-05-19,1. Buy & Hold,-0.029665002139698988
2021-05-20,1. Buy & Hold,-0.018834569867659964
2021-05-21,1. Buy & Hold,-0.018033541878587127
2021-05-24,1. Buy & Hold,-0.006028986434241303
2021-05-25,1. Buy & Hold,-0.008204779345991344
2021-05-26,1. Buy & Hold,-0.007766789853427984
2021-05-27,1. Buy & Hold,-0.0074014735737456235
2021-05-28,1. Buy & Hold,-0.006104999937359732
2021-06-01,1. Buy & Hold,-0.0053933529244588425
2021-06-02,1. Buy & Hold,-0.002242270012284758
2021-06-03,1. Buy & Hold,-0.005391256473114061
2021-06-04,1. Buy & Hold,0.0
2021-06-07,1. Buy & Hold,0.0
2021-06-08,1. Buy & Hold,-0.0020205708776104845
2021-06-09,1. Buy & Hold,-0.0038515341392361736
2021-06-10,1. Buy & Hold,0.0
2021-06-11,1. Buy & Hold,0.0
2021-06-14,1. Buy & Hold,0.0
2021-06-15,1. Buy & Hold,-0.004172725315740116
2021-06-16,1. Buy & Hold,-0.00900530188365309
2021-06-17,1. Buy & Hold,-0.005652749257323786
2021-06-18,1. Buy & Hold,-0.017848401090954508
2021-06-21,1. Buy & Hold,-0.007504661959947555
2021-06-22,1. Buy & Hold,0.0
2021-06-23,1. Buy & Hold,0.0
2021-06-24,1. Buy & Hold,0.0
2021-06-25,1. Buy & Hold,0.0
2021-06-28,1. Buy & Hold,0.0
2021-06-29,1. Buy & Hold,-0.0024216707026316875
2021-06-30,1. Buy & Hold,-0.000662165292594119
2021-07-01,1. Buy & Hold,0.0
2021-07-02,1. Buy & Hold,0.0
2021-07-06,1. Buy & Hold,-0.003256967113188898
2021-07-07,1. Buy & Hold,-0.004843395357387135
2021-07-08,1. Buy & Hold,-0.013701416572997848
2021-07-09,1. Buy & Hold,-0.0026777702360295573
2021-07-12,1. Buy & Hold,0.0
2021-07-13,1. Buy & Hold,-0.002169987230601164
2021-07-14,1. Buy & Hold,-0.0020284188439925574
2021-07-15,1. Buy & Hold,-0.007249695315382195
2021-07-16,1. Buy & Hold,-0.019261196674994485
2021-07-19,1. Buy & Hold,-0.03322616615577335
2021-07-20,1. Buy & Hold,-0.07786489859738825
2021-07-21,1. Buy & Hold,-0.07117891070953235
2021-07-22,1. Buy & Hold,-0.07046115245722799
2021-07-23,1. Buy & Hold,-0.05857536847151559
2021-07-26,1. Buy & Hold,-0.05321255349154701
2021-07-27,1. Buy & Hold,-0.057633790268974756
2021-07-28,1. Buy & Hold,-0.05552034001926741
2021-07-29,1. Buy & Hold,-0.05498228980832374
2021-07-30,1. Buy & Hold,-0.0619047487723334
2021-08-02,1. Buy & Hold,-0.06454330552104953
2021-08-03,1. Buy & Hold,-0.05922617345297638
2021-08-04,1. Buy & Hold,-0.06247497720193206
2021-08-05,1. Buy & Hold,-0.052846255412273654
2021-08-06,1. Buy & Hold,-0.05087962318937331
2021-08-09,1. Buy & Hold,-0.04972878006895195
2021-08-10,1. Buy & Hold,-0.04510415925606701
2021-08-11,1. Buy & Hold,-0.04627213021291006
2021-08-12,1. Buy & Hold,-0.04367291038664045
2021-08-13,1. Buy & Hold,-0.0414857824780056
2021-08-16,1. Buy & Hold,-0.04047560932646839
2021-08-17,1. Buy & Hold,-0.047758992117483974
2021-08-18,1. Buy & Hold,-0.05632177707728522
2021-08-19,1. Buy & Hold,-0.05597739639998064
2021-08-20,1. Buy & Hold,-0.04898924680884595
2021-08-23,1. Buy & Hold,-0.03766146231665328
2021-08-24,1. Buy & Hold,-0.03853780176274781
2021-08-25,1. Buy & Hold,-0.03775756278883191
2021-08-26,1. Buy & Hold,-0.04349044752690617
2021-08-27,1. Buy & Hold,-0.035205805021838045
2021-08-30,1. Buy & Hold,-0.03168863535303898
2021-08-31,1. Buy & Hold,-0.033943561828458396
2021-09-01,1. Buy & Hold,-0.031817522334799474
2021-09-02,1. Buy & Hold,-0.033183462370614494
2021-09-03,1. Buy & Hold,-0.031989808769527193
2021-09-07,1. Buy & Hold,-0.02914864069341037
2021-09-08,1. Buy & Hold,-0.029394473257922493
2021-09-09,1. Buy & Hold,-0.033450713660219
2021-09-10,1. Buy & Hold,-0.040613697122805464
2021-09-13,1. Buy & Hold,-0.03775048239591629
2021-09-14,1. Buy & Hold,-0.044243228093341816
2021-09-15,1. Buy & Hold,-0.03781405545081496
2021-09-16,1. Buy & Hold,-0.03859143558730698
2021-09-17,1. Buy & Hold,-0.04630712929913798
2021-09-20,1. Buy & Hold,-0.06435819492045881
2021-09-21,1. Buy & Hold,-0.06596787906326766
2021-09-22,1. Buy & Hold,-0.05720047161612387
2021-09-23,1. Buy & Hold,-0.044554440894684605
2021-09-24,1. Buy & Hold,-0.039934873767185866
2021-09-27,1. Buy & Hold,-0.03791750429832399
2021-09-28,1. Buy & Hold,-0.05486368166819692
2021-09-29,1. Buy & Hold,-0.05294691030773975
2021-09-30,1. Buy & Hold,-0.06260632538724863
2021-10-01,1. Buy & Hold,-0.049728457949229296
2021-10-04,1. Buy & Hold,-0.063499969084988
2021-10-05,1. Buy & Hold,-0.05304808574054085
2021-10-06,1. Buy & Hold,-0.04802926128809345
2021-10-07,1. Buy & Hold,-0.040851032425267005
2021-10-08,1. Buy & Hold,-0.040437640121010365
2021-10-11,1. Buy & Hold,-0.04866336909627729
2021-10-12,1. Buy & Hold,-0.052982156650482407
2021-10-13,1. Buy & Hold,-0.05381849441246589
2021-10-14,1. Buy & Hold,-0.03936105445229015
2021-10-15,1. Buy & Hold,-0.029103484425041955
2021-10-18,1. Buy & Hold,-0.025558308916816642
2021-10-19,1. Buy & Hold,-0.018343442045334456
2021-10-20,1. Buy & Hold,-0.018079409027271738
2021-10-21,1. Buy & Hold,-0.014641953788340616
2021-10-22,1. Buy & Hold,-0.016011308146935962
2021-10-25,1. Buy & Hold,-0.007272049045866565
2021-10-26,1. Buy & Hold,-0.003831733235629071
2021-10-27,1. Buy & Hold,-0.009825427814040163
2021-10-28,1. Buy & Hold,-0.003365667379769045
2021-10-29,1. Buy & Hold,0.0
2021-11-01,1. Buy & Hold,0.0
2021-11-02,1. Buy & Hold,0.0
2021-11-03,1. Buy & Hold,0.0
2021-11-04,1. Buy & Hold,0.0
2021-11-05,1. Buy & Hold,0.0
2021-11-08,1. Buy & Hold,0.0
2021-11-09,1. Buy & Hold,-0.007850688102647189
2021-11-10,1. Buy & Hold,-0.010675651491256032
2021-11-11,1. Buy & Hold,-0.013191049603406396
2021-11-12,1. Buy & Hold,-0.007373625917953349
2021-11-15,1. Buy & Hold,-0.008324111614812947
2021-11-16,1. Buy & Hold,-0.0033763881551102048
2021-11-17,1. Buy & Hold,-0.00697391902929593
2021-11-18,1. Buy & Hold,-0.0035224773071056803
2021-11-19,1. Buy & Hold,-0.007606052449543037
2021-11-22,1. Buy & Hold,-0.012395107077872823
2021-11-23,1. Buy & Hold,-0.00931865412789893
2021-11-24,1. Buy & Hold,-0.004774834107584175
2021-11-26,1. Buy & Hold,-0.02400904970265438
2021-11-29,1. Buy & Hold,-0.01691473543397969
2021-11-30,1. Buy & Hold,-0.03516713155081042
2021-12-01,1. Buy & Hold,-0.04675411418624091
2021-12-02,1. Buy & Hold,-0.03743829684228759
2021-12-03,1. Buy & Hold,-0.04511311830689441
2021-12-06,1. Buy & Hold,-0.034361732793495775
2021-12-07,1. Buy & Hold,-0.018575129893929662
2021-12-08,1. Buy & Hold,-0.01739622803576248
2021-12-09,1. Buy & Hold,-0.020708187301325696
2021-12-10,1. Buy & Hold,-0.013661154838815595
2021-12-13,1. Buy & Hold,-0.020356857188933403
2021-12-14,1. Buy & Hold,-0.023295415623098028
2021-12-15,1. Buy & Hold,-0.008753895443369204
2021-12-16,1. Buy & Hold,-0.013524848541138928
2021-12-17,1. Buy & Hold,-0.029229862819466816
2021-12-20,1. Buy & Hold,-0.036775290398368014
2021-12-21,1. Buy & Hold,-0.022338870766201342
2021-12-22,1. Buy & Hold,-0.011594451869496042
2021-12-23,1. Buy & Hold,-0.0073285773086839345
2021-12-27,1. Buy & Hold,0.0
2021-12-28,1. Buy & Hold,-0.0003904535318985351
2021-12-29,1. Buy & Hold,-0.001236644482745169
2021-12-30,1. Buy & Hold,-0.0024692102564898835
2021-12-31,1. Buy & Hold,-0.005317924330212586
2022-01-03,1. Buy & Hold,0.0
2022-01-04,1. Buy & Hold,0.0
2022-01-05,1. Buy & Hold,-0.015558095579530175
2022-01-06,1. Buy & Hold,-0.015262203921220218
2022-01-07,1. Buy & Hold,-0.016501016431271005
2022-01-10,1. Buy & Hold,-0.019304877800743945
2022-01-11,1. Buy & Hold,-0.012383119767150385
2022-01-12,1. Buy & Hold,-0.009876444843504013
2022-01-13,1. Buy & Hold,-0.023972307575778135
2022-01-14,1. Buy & Hold,-0.027375895845941366
2022-01-18,1. Buy & Hold,-0.045230337863439905
2022-01-19,1. Buy & Hold,-0.049807724532598144
2022-01-20,1. Buy & Hold,-0.05855007753499993
2022-01-21,1. Buy & Hold,-0.08827192491958712
2022-01-24,1. Buy & Hold,-0.09006053234305038
2022-01-25,1. Buy & Hold,-0.09711227265294164
2022-01-26,1. Buy & Hold,-0.09453236549443032
2022-01-27,1. Buy & Hold,-0.09452831490308454
2022-01-28,1. Buy & Hold,-0.07108118478954244
2022-01-31,1. Buy & Hold,-0.05531799646303452
2022-02-01,1. Buy & Hold,-0.04223758552083454
2022-02-02,1. Buy & Hold,-0.034688369025830494
2022-02-03,1. Buy & Hold,-0.06538442079022812
2022-02-04,1. Buy & Hold,-0.0563100149208307
2022-02-07,1. Buy & Hold,-0.06202269986065397
2022-02-08,1. Buy & Hold,-0.059938922271122526
2022-02-09,1. Buy & Hold,-0.051816778723560705
2022-02-10,1. Buy & Hold,-0.064102669703767
2022-02-11,1. Buy & Hold,-0.08019471458484687
2022-02-14,1. Buy & Hold,-0.08070915048919548
2022-02-15,1. Buy & Hold,-0.0690529046789767
2022-02-16,1. Buy & Hold,-0.06905418890614305
2022-02-17,1. Buy & Hold,-0.08564528785466329
2022-02-18,1. Buy & Hold,-0.0924434743112429
2022-02-22,1. Buy & Hold,-0.10731180912904692
2022-02-23,1. Buy & Hold,-0.12408793838691244
2022-02-24,1. Buy & Hold,-0.11633138725476239
2022-02-25,1. Buy & Hold,-0.098412647598404
2022-02-28,1. Buy & Hold,-0.10329710374379693
2022-03-01,1. Buy & Hold,-0.1182098107297549
2022-03-02,1. Buy & Hold,-0.10700713243530414
2022-03-03,1. Buy & Hold,-0.1135660800379124
2022-03-04,1. Buy & Hold,-0.1213036808639342
2022-03-07,1. Buy & Hold,-0.1466328457858564
2022-03-08,1. Buy & Hold,-0.15349368409587863
2022-03-09,1. Buy & Hold,-0.13304230076041326
2022-03-10,1. Buy & Hold,-0.13450884974069072
2022-03-11,1. Buy & Hold,-0.14461150539385575
2022-03-14,1. Buy & Hold,-0.14694797021848724
2022-03-15,1. Buy & Hold,-0.13011181411038644
2022-03-16,1. Buy & Hold,-0.1111596342864044
2022-03-17,1. Buy & Hold,-0.09939051826874296
2022-03-18,1. Buy & Hold,-0.08916334757330938
2022-03-21,1. Buy & Hold,-0.09012165942137688
2022-03-22,1. Buy & Hold,-0.0792245864975279
2022-03-23,1. Buy & Hold,-0.0912800487544099
2022-03-24,1. Buy & Hold,-0.08069119103067246
2022-03-25,1. Buy & Hold,-0.07642211926788403
2022-03-28,1. Buy & Hold,-0.06960106171546335
2022-03-29,1. Buy & Hold,-0.05986209694767121
2022-03-30,1. Buy & Hold,-0.06596133420141734
2022-03-31,1. Buy & Hold,-0.08317402066438463
2022-04-01,1. Buy & Hold,-0.07869737317249707
2022-04-04,1. Buy & Hold,-0.06890962824504002
2022-04-05,1. Buy & Hold,-0.08011286338749946
2022-04-06,1. Buy & Hold,-0.09106656272363835
2022-04-07,1. Buy & Hold,-0.08799921751714124
2022-04-08,1. Buy & Hold,-0.08833340252814048
2022-04-11,1. Buy & Hold,-0.10633518522312867
2022-04-12,1. Buy & Hold,-0.10944326530800892
2022-04-13,1. Buy & Hold,-0.10022871756022883
2022-04-14,1. Buy & Hold,-0.11146239026010768
2022-04-18,1. Buy & Hold,-0.11101428089992636
2022-04-19,1. Buy & Hold,-0.09761650873488438
2022-04-20,1. Buy & Hold,-0.11236046349924304
2022-04-21,1. Buy & Hold,-0.1245719683951796
2022-04-22,1. Buy & Hold,-0.14606961336629817
2022-04-25,1. Buy & Hold,-0.14011014992039544
2022-04-26,1. Buy & Hold,-0.1637412066016877
2022-04-27,1. Buy & Hold,-0.1602095307882544
2022-04-28,1. Buy & Hold,-0.1354276214673339
2022-04-29,1. Buy & Hold,-0.16531551921607257
2022-05-02,1. Buy & Hold,-0.15865852350295837
2022-05-03,1. Buy & Hold,-0.15506580761559513
2022-05-04,1. Buy & Hold,-0.13066960017401652
2022-05-05,1. Buy & Hold,-0.16233813949078918
2022-05-06,1. Buy & Hold,-0.16682895166577205
2022-05-09,1. Buy & Hold,-0.1915620981112964
2022-05-10,1. Buy & Hold,-0.19077597899985302
2022-05-11,1. Buy & Hold,-0.20164096669845744
2022-05-12,1. Buy & Hold,-0.20272306444652616
2022-05-13,1. Buy & Hold,-0.18504177343266529
2022-05-16,1. Buy & Hold,-0.18702650781060576
2022-05-17,1. Buy & Hold,-0.176661340928803
2022-05-18,1. Buy & Hold,-0.20974895097105953
2022-05-19,1. Buy & Hold,-0.21550560031247867
2022-05-20,1. Buy & Hold,-0.21416202533399337
2022-05-23,1. Buy & Hold,-0.1935320360751137
2022-05-24,1. Buy & Hold,-0.20191968097739155
2022-05-25,1. Buy & Hold,-0.19472407926721244
2022-05-26,1. Buy & Hold,-0.17995628392019675
2022-05-27,1. Buy & Hold,-0.16323067024451465
2022-05-31,1. Buy & Hold,-0.16558831189697198
2022-06-01,1. Buy & Hold,-0.17221250218182713
2022-06-02,1. Buy & Hold,-0.15759407107850873
2022-06-03,1. Buy & Hold,-0.1699902631565358
2022-06-06,1. Buy & Hold,-0.19959620635199735
2022-06-07,1. Buy & Hold,-0.19179006176367666
2022-06-08,1. Buy & Hold,-0.19537279965367393
2022-06-09,1. Buy & Hold,-0.21567891846460643
2022-06-10,1. Buy & Hold,-0.23842048977295927
2022-06-13,1. Buy & Hold,-0.26602289647338206
2022-06-14,1. Buy & Hold,-0.27062886489177795
2022-06-15,1. Buy & Hold,-0.260555970176516
2022-06-16,1. Buy & Hold,-0.2787840173736568
2022-06-17,1. Buy & Hold,-0.28250047866120837
2022-06-21,1. Buy & Hold,-0.2633713153111547
2022-06-22,1. Buy & Hold,-0.26486906942548794
2022-06-23,1. Buy & Hold,-0.2595127027157565
2022-06-24,1. Buy & Hold,-0.23752613029142167
2022-06-27,1. Buy & Hold,-0.23934820033155166
2022-06-28,1. Buy & Hold,-0.2547309722520819
2022-06-29,1. Buy & Hold,-0.2558119957913354
2022-06-30,1. Buy & Hold,-0.26316854287432906
2022-07-01,1. Buy & Hold,-0.2552334127994433
2022-07-05,1. Buy & Hold,-0.25303436202701507
2022-07-06,1. Buy & Hold,-0.25150896181321214
2022-07-07,1. Buy & Hold,-0.23907066358217305
2022-07-08,1. Buy & Hold,-0.2397129732053219
2022-07-11,1. Buy & Hold,-0.2486841316591408
2022-07-12,1. Buy & Hold,-0.25553193824985704
2022-07-13,1. Buy & Hold,-0.2575565736847518
2022-07-14,1. Buy & Hold,-0.26160774577688956
2022-07-15,1. Buy & Hold,-0.24628204395905293
2022-07-18,1. Buy & Hold,-0.3037354722262852
2022-07-19,1. Buy & Hold,-0.28829698490785494
2022-07-20,1. Buy & Hold,-0.28391174065597435
2022-07-21,1. Buy & Hold,-0.2777613590443074
2022-07-22,1. Buy & Hold,-0.28311403917059486
2022-07-25,1. Buy & Hold,-0.28028544621268453
2022-07-26,1. Buy & Hold,-0.2908621117744187
2022-07-27,1. Buy & Hold,-0.27610501117963854
2022-07-28,1. Buy & Hold,-0.27172232182926753
2022-07-29,1. Buy & Hold,-0.27204819322029833
2022-08-01,1. Buy & Hold,-0.27188799454845886
2022-08-02,1. Buy & Hold,-0.2782118891115518
2022-08-03,1. Buy & Hold,-0.2653360389910671
2022-08-04,1. Buy & Hold,-0.2660736386666223
2022-08-05,1. Buy & Hold,-0.2691666291625977
2022-08-08,1. Buy & Hold,-0.27075779236447195
2022-08-09,1. Buy & Hold,-0.27478333183226317
2022-08-10,1. Buy & Hold,-0.2559587674639435
2022-08-11,1. Buy & Hold,-0.2578246497994529
2022-08-12,1. Buy & Hold,-0.24392287582312175
2022-08-15,1. Buy & Hold,-0.23887993654065157
2022-08-16,1. Buy & Hold,-0.2350067276722575
2022-08-17,1. Buy & Hold,-0.24217332958746454
2022-08-18,1. Buy & Hold,-0.2406765320471726
2022-08-19,1. Buy & Hold,-0.25226839891921105
2022-08-22,1. Buy & Hold,-0.26997971937641746
2022-08-23,1. Buy & Hold,-0.27272295752623016
2022-08-24,1. Buy & Hold,-0.2706924700278742
2022-08-25,1. Buy & Hold,-0.28443095962358084
2022-08-26,1. Buy & Hold,-0.3102598967187852
2022-08-29,1. Buy & Hold,-0.31398106537306963
2022-08-30,1. Buy & Hold,-0.32085434593390294
2022-08-31,1. Buy & Hold,-0.3252182065434115
2022-09-01,1. Buy & Hold,-0.3215595658597916
2022-09-02,1. Buy & Hold,-0.3296557887856401
2022-09-06,1. Buy & Hold,-0.3342801182052669
2022-09-07,1. Buy & Hold,-0.32246282309062824
2022-09-08,1. Buy & Hold,-0.3183056569431916
2022-09-09,1. Buy & Hold,-0.3065954504804377
2022-09-12,1. Buy & Hold,-0.3006229227910303
2022-09-13,1. Buy & Hold,-0.3339520678200254
2022-09-14,1. Buy & Hold,-0.3303368595258186
2022-09-15,1. Buy & Hold,-0.33618573729478834
2022-09-16,1. Buy & Hold,-0.33828469025706487
2022-09-19,1. Buy & Hold,-0.33405583739752837
2022-09-20,1. Buy & Hold,-0.3403452252724315
2022-09-21,1. Buy & Hold,-0.3523399055569571
2022-09-22,1. Buy & Hold,-0.3565157878876048
2022-09-23,1. Buy & Hold,-0.3682204987149976
2022-09-26,1. Buy & Hold,-0.3743931973662316
2022-09-27,1. Buy & Hold,-0.3778546352248971
2022-09-28,1. Buy & Hold,-0.36271862460226234
2022-09-29,1. Buy & Hold,-0.3747636769739552
2022-09-30,1. Buy & Hold,-0.384248826890485
2022-10-03,1. Buy & Hold,-0.3705990749395957
2022-10-04,1. Buy & Hold,-0.3541974572875207
2022-10-05,1. Buy & Hold,-0.35600452819470757
2022-10-06,1. Buy & Hold,-0.360744728698111
2022-10-07,1. Buy & Hold,-0.3794062385340561
2022-10-10,1. Buy & Hold,-0.38348470460171485
2022-10-11,1. Buy & Hold,-0.3913790554432634
2022-10-12,1. Buy & Hold,-0.3902341838690815
2022-10-13,1. Buy & Hold,-0.37302097495070075
2022-10-14,1. Buy & Hold,-0.3848679552537359
2022-10-17,1. Buy & Hold,-0.3648263926593039
2022-10-18,1. Buy & Hold,-0.35847938517823
2022-10-19,1. Buy & Hold,-0.35705218516024345
2022-10-20,1. Buy & Hold,-0.36075697251280037
2022-10-21,1. Buy & Hold,-0.34272725081216127
2022-10-24,1. Buy & Hold,-0.3376758414534639
2022-10-25,1. Buy & Hold,-0.32631648173769706
2022-10-26,1. Buy & Hold,-0.3298483910260044
2022-10-27,1. Buy & Hold,-0.34009620891795705
2022-10-28,1. Buy & Hold,-0.3265305255179893
2022-10-31,1. Buy & Hold,-0.33340661333141375
2022-11-01,1. Buy & Hold,-0.3353594911301789
2022-11-02,1. Buy & Hold,-0.35303883523659113
2022-11-03,1. Buy & Hold,-0.3617015705327605
2022-11-04,1. Buy & Hold,-0.35333177834515644
2022-11-07,1. Buy & Hold,-0.34649442213909654
2022-11-08,1. Buy & Hold,-0.34400961239492034
2022-11-09,1. Buy & Hold,-0.3623807524844973
2022-11-10,1. Buy & Hold,-0.32556961170739823
2022-11-11,1. Buy & Hold,-0.31535949453532836
2022-11-14,1. Buy & Hold,-0.3177568449743534
2022-11-15,1. Buy & Hold,-0.30918492648930157
2022-11-16,1. Buy & Hold,-0.31382690224453524
2022-11-17,1. Buy & Hold,-0.318314332281377
2022-11-18,1. Buy & Hold,-0.3183096486297951
2022-11-21,1. Buy & Hold,-0.3198957987751421
2022-11-22,1. Buy & Hold,-0.31084322273900433
2022-11-23,1. Buy & Hold,-0.30520261671094656
2022-11-25,1. Buy & Hold,-0.30622041210152456
2022-11-28,1. Buy & Hold,-0.31600663183362754
2022-11-29,1. Buy & Hold,-0.31888869599417086
2022-11-30,1. Buy & Hold,-0.29457332539033193
2022-12-01,1. Buy & Hold,-0.2919557218535096
2022-12-02,1. Buy & Hold,-0.29204514477647425
2022-12-05,1. Buy & Hold,-0.3054187666684982
2022-12-06,1. Buy & Hold,-0.32045006674820076
2022-12-07,1. Buy & Hold,-0.3207674773527684
2022-12-08,1. Buy & Hold,-0.31408443602201713
2022-12-09,1. Buy & Hold,-0.3163388008048261
2022-12-12,1. Buy & Hold,-0.3071141465761156
2022-12-13,1. Buy & Hold,-0.3007964714202096
2022-12-14,1. Buy & Hold,-0.3027193945822502
2022-12-15,1. Buy & Hold,-0.3229884773187338
2022-12-16,1. Buy & Hold,-0.3291654030985553
2022-12-19,1. Buy & Hold,-0.33596778842691954
2022-12-20,1. Buy & Hold,-0.3341625353983941
2022-12-21,1. Buy & Hold,-0.3250354435510149
2022-12-22,1. Buy & Hold,-0.3350074981184263
2022-12-23,1. Buy & Hold,-0.3316114831412241
2022-12-27,1. Buy & Hold,-0.3374640738392249
2022-12-28,1. Buy & Hold,-0.344969328959651
2022-12-29,1. Buy & Hold,-0.33215003873407245
2022-12-30,1. Buy & Hold,-0.33254733875707415
2023-01-03,1. Buy & Hold,-0.33274947241918984
2023-01-04,1. Buy & Hold,-0.3260554734642784
2023-01-05,1. Buy & Hold,-0.3318261970448057
2023-01-06,1. Buy & Hold,-0.31715601379652625
2023-01-09,1. Buy & Hold,-0.31951330655260535
2023-01-10,1. Buy & Hold,-0.31371296163709955
2023-01-11,1. Buy & Hold,-0.3065030917873795
2023-01-12,1. Buy & Hold,-0.3023917590787477
2023-01-13,1. Buy & Hold,-0.2977823294837894
2023-01-17,1. Buy & Hold,-0.30124362312962555
2023-01-18,1. Buy & Hold,-0.31297677926523804
2023-01-19,1. Buy & Hold,-0.31966490612071213
2023-01-20,1. Buy & Hold,-0.3021817636118932
2023-01-23,1. Buy & Hold,-0.29209463662641916
2023-01-24,1. Buy & Hold,-0.28986447194611265
2023-01-25,1. Buy & Hold,-0.2883977287584172
2023-01-26,1. Buy & Hold,-0.28218850658448164
2023-01-27,1. Buy & Hold,-0.2780967431987239
2023-01-30,1. Buy & Hold,-0.29042310109806324
2023-01-31,1. Buy & Hold,-0.2816241021749632
2023-02-01,1. Buy & Hold,-0.2725111910736274
2023-02-02,1. Buy & Hold,-0.2541145813569268
2023-02-03,1. Buy & Hold,-0.26106095750617764
2023-02-06,1. Buy & Hold,-0.26498436923228125
2023-02-07,1. Buy & Hold,-0.25532333481570235
2023-02-08,1. Buy & Hold,-0.2627943350097959
2023-02-09,1. Buy & Hold,-0.2703961591374494
2023-02-10,1. Buy & Hold,-0.27471221505346666
2023-02-13,1. Buy & Hold,-0.2652049732905145
2023-02-14,1. Buy & Hold,-0.2641800733777023
2023-02-15,1. Buy & Hold,-0.26341293599774807
2023-02-16,1. Buy & Hold,-0.2755336697637972
2023-02-17,1. Buy & Hold,-0.27888721350737605
2023-02-21,1. Buy & Hold,-0.2932151235689483
2023-02-22,1. Buy & Hold,-0.29553658222222956
2023-02-23,1. Buy & Hold,-0.29034745378812854
2023-02-24,1. Buy & Hold,-0.2972379259925767
2023-02-27,1. Buy & Hold,-0.2953462475095027
2023-02-28,1. Buy & Hold,-0.29605752169976823
2023-03-01,1. Buy & Hold,-0.3031945261332982
2023-03-02,1. Buy & Hold,-0.29995504558691444
2023-03-03,1. Buy & Hold,-0.28680579549429414
2023-03-06,1. Buy & Hold,-0.28568323060090045
2023-03-07,1. Buy & Hold,-0.2967312483962873
2023-03-08,1. Buy & Hold,-0.296201513440228
2023-03-09,1. Buy & Hold,-0.31171798674435097
2023-03-10,1. Buy & Hold,-0.3181102592823485
2023-03-13,1. Buy & Hold,-0.3185034673822854
2023-03-14,1. Buy & Hold,-0.3056227689572383
2023-03-15,1. Buy & Hold,-0.3048436137956554
2023-03-16,1. Buy & Hold,-0.29366788176470243
2023-03-17,1. Buy & Hold,-0.29995234002974075
2023-03-20,1. Buy & Hold,-0.29554039632083906
2023-03-21,1. Buy & Hold,-0.28564974544207034
2023-03-22,1. Buy & Hold,-0.2959286573593092
2023-03-23,1. Buy & Hold,-0.2871723786028826
2023-03-24,1. Buy & Hold,-0.28543873806917797
2023-03-27,1. Buy & Hold,-0.2837509131428179
2023-03-28,1. Buy & Hold,-0.28709336863072266
2023-03-29,1. Buy & Hold,-0.27653682544277414
2023-03-30,1. Buy & Hold,-0.2721120318812184
2023-03-31,1. Buy & Hold,-0.26112242089525106
2023-04-03,1. Buy & Hold,-0.2554130134489341
2023-04-04,1. Buy & Hold,-0.258820284832885
2023-04-05,1. Buy & Hold,-0.26056220272029773
2023-04-06,1. Buy & Hold,-0.25776422813292127
2023-04-10,1. Buy & Hold,-0.2584476174361098
2023-04-11,1. Buy & Hold,-0.25954251372933507
2023-04-12,1. Buy & Hold,-0.2654468492949919
2023-04-13,1. Buy & Hold,-0.25292189898343115
2023-04-14,1. Buy & Hold,-0.2497932845625794
2023-04-17,1. Buy & Hold,-0.24956350870452823
2023-04-18,1. Buy & Hold,-0.24783598559656822
2023-04-19,1. Buy & Hold,-0.25060618356198483
2023-04-20,1. Buy & Hold,-0.2533812162261611
2023-04-21,1. Buy & Hold,-0.25005691257019835
2023-04-24,1. Buy & Hold,-0.2496316786192835
2023-04-25,1. Buy & Hold,-0.2618457668986636
2023-04-26,1. Buy & Hold,-0.262684171245675
2023-04-27,1. Buy & Hold,-0.2445129057560259
2023-04-28,1. Buy & Hold,-0.23816810758340531
2023-05-01,1. Buy & Hold,-0.2381153884835593
2023-05-02,1. Buy & Hold,-0.2477816622947045
2023-05-03,1. Buy & Hold,-0.252863338163404
2023-05-04,1. Buy & Hold,-0.2589904809121471
2023-05-05,1. Buy & Hold,-0.24606766134846833
2023-05-08,1. Buy & Hold,-0.24199986813698285
2023-05-09,1. Buy & Hold,-0.24493035686100065
2023-05-10,1. Buy & Hold,-0.2422046424221269
2023-05-11,1. Buy & Hold,-0.24288355587438215
2023-05-12,1. Buy & Hold,-0.24587957739433824
2023-05-15,1. Buy & Hold,-0.24396498618308354
2023-05-16,1. Buy & Hold,-0.2468564851406084
2023-05-17,1. Buy & Hold,-0.2355323206101061
2023-05-18,1. Buy & Hold,-0.22257425451484592
2023-05-19,1. Buy & Hold,-0.22735178040316978
2023-05-22,1. Buy & Hold,-0.22848637389133206
2023-05-23,1. Buy & Hold,-0.23525357805672348
2023-05-24,1. Buy & Hold,-0.23752533886075794
2023-05-25,1. Buy & Hold,-0.22353640668274835
2023-05-26,1. Buy & Hold,-0.21108619803358009
2023-05-30,1. Buy & Hold,-0.2088191312361351
2023-05-31,1. Buy & Hold,-0.21562510180069502
2023-06-01,1. Buy & Hold,-0.2024802994831151
2023-06-02,1. Buy & Hold,-0.19464645981386908
2023-06-05,1. Buy & Hold,-0.19548771533532736
2023-06-06,1. Buy & Hold,-0.19449022329289342
2023-06-07,1. Buy & Hold,-0.20141819711502146
2023-06-08,1. Buy & Hold,-0.19518828740021485
2023-06-09,1. Buy & Hold,-0.19274452996107483
2023-06-12,1. Buy & Hold,-0.1846069029409844
2023-06-13,1. Buy & Hold,-0.17818404811694896
2023-06-14,1. Buy & Hold,-0.1731738121853154
2023-06-15,1. Buy & Hold,-0.16463837406328008
2023-06-16,1. Buy & Hold,-0.16934539753259326
2023-06-20,1. Buy & Hold,-0.1699475420058354
2023-06-21,1. Buy & Hold,-0.17622560138955937
2023-06-22,1. Buy & Hold,-0.17229902497377683
2023-06-23,1. Buy & Hold,-0.17603244700134724
2023-06-26,1. Buy & Hold,-0.18644902056398427
2023-06-27,1. Buy & Hold,-0.1780831290599647
2023-06-28,1. Buy & Hold,-0.1780477366467862
2023-06-29,1. Buy & Hold,-0.1762896082287168
2023-06-30,1. Buy & Hold,-0.17651716777971016
2023-07-03,1. Buy & Hold,-0.17229769307378576
2023-07-05,1. Buy & Hold,-0.17085303624613657
2023-07-06,1. Buy & Hold,-0.18060456289634963
2023-07-07,1. Buy & Hold,-0.18444107718837002
2023-07-10,1. Buy & Hold,-0.18492348558021268
2023-07-11,1. Buy & Hold,-0.17971144470908595
2023-07-12,1. Buy & Hold,-0.1711172260765333
2023-07-13,1. Buy & Hold,-0.16289586688800858
2023-07-14,1. Buy & Hold,-0.1645052801258231
2023-07-17,1. Buy & Hold,-0.16173728110510868
2023-07-18,1. Buy & Hold,-0.15535039308648868
2023-07-19,1. Buy & Hold,-0.1515110656562658
2023-07-20,1. Buy & Hold,-0.162480694629086
2023-07-21,1. Buy & Hold,-0.16372275912072698
2023-07-24,1. Buy & Hold,-0.15727269509229488
2023-07-25,1. Buy & Hold,-0.15766553516552737
2023-07-26,1. Buy & Hold,-0.1552627010852557
2023-07-27,1. Buy & Hold,-0.1607258234073505
2023-07-28,1. Buy & Hold,-0.14945099473775056
2023-07-31,1. Buy & Hold,-0.14717552819067167
2023-08-01,1. Buy & Hold,-0.15000730584314687
2023-08-02,1. Buy & Hold,-0.16349864321791835
2023-08-03,1. Buy & Hold,-0.16132859855310563
2023-08-04,1. Buy & Hold,-0.1629562870250583
2023-08-07,1. Buy & Hold,-0.15362759599890002
2023-08-08,1. Buy & Hold,-0.15787648370716376
2023-08-09,1. Buy & Hold,-0.16540170228741374
2023-08-10,1. Buy & Hold,-0.16262951784324312
2023-08-11,1. Buy & Hold,-0.16470570594422515
2023-08-14,1. Buy & Hold,-0.15978546213299707
2023-08-15,1. Buy & Hold,-0.17092045294769614
2023-08-16,1. Buy & Hold,-0.17850921022108757
2023-08-17,1. Buy & Hold,-0.18375961437977756
2023-08-18,1. Buy & Hold,-0.1842113051643764
2023-08-21,1. Buy & Hold,-0.17714947510445767
2023-08-22,1. Buy & Hold,-0.17984209745452634
2023-08-23,1. Buy & Hold,-0.17160838301608988
2023-08-24,1. Buy & Hold,-0.18355285589175277
2023-08-25,1. Buy & Hold,-0.17805113701545291
2023-08-28,1. Buy & Hold,-0.17349896182296506
2023-08-29,1. Buy & Hold,-0.16057875443837255
2023-08-30,1. Buy & Hold,-0.15837822339494512
2023-08-31,1. Buy & Hold,-0.15969241079839908
2023-09-01,1. Buy & Hold,-0.160413820317935
2023-09-05,1. Buy & Hold,-0.16117666819545265
2023-09-06,1. Buy & Hold,-0.16800640257201208
2023-09-07,1. Buy & Hold,-0.16909786742506047
2023-09-08,1. Buy & Hold,-0.1676491335285949
2023-09-11,1. Buy & Hold,-0.15848288089277945
2023-09-12,1. Buy & Hold,-0.16199784004502235
2023-09-13,1. Buy & Hold,-0.16086452078473457
2023-09-14,1. Buy & Hold,-0.15680682517574518
2023-09-15,1. Buy & Hold,-0.16688686232259028
2023-09-18,1. Buy & Hold,-0.1672350573394367
2023-09-19,1. Buy & Hold,-0.17012389082900345
2023-09-20,1. Buy & Hold,-0.17907648151995442
2023-09-21,1. Buy & Hold,-0.1920914445717484
2023-09-22,1. Buy & Hold,-0.19598464787298497
2023-09-25,1. Buy & Hold,-0.19286956425362298
2023-09-26,1. Buy & Hold,-0.20361344605013212
2023-09-27,1. Buy & Hold,-0.2038288054796409
2023-09-28,1. Buy & Hold,-0.1992098653924654
2023-09-29,1. Buy & Hold,-0.20028800333957084
2023-10-02,1. Buy & Hold,-0.19612227898091988
2023-10-03,1. Buy & Hold,-0.2076357258485604
2023-10-04,1. Buy & Hold,-0.20217314651685386
2023-10-05,1. Buy & Hold,-0.20452059969314326
2023-10-06,1. Buy & Hold,-0.1966633032271136
2023-10-09,1. Buy & Hold,-0.19325242866829007
2023-10-10,1. Buy & Hold,-0.18860219362965233
2023-10-11,1. Buy & Hold,-0.1881160616484519
2023-10-12,1. Buy & Hold,-0.19143089582274606
2023-10-13,1. Buy & Hold,-0.19672184836727033
2023-10-16,1. Buy & Hold,-0.18723696267804002
2023-10-17,1. Buy & Hold,-0.18851773997964197
2023-10-18,1. Buy & Hold,-0.20080776618055854
2023-10-19,1. Buy & Hold,-0.20356650668903348
2023-10-20,1. Buy & Hold,-0.21305214625215255
2023-10-23,1. Buy & Hold,-0.21159263320079874
2023-10-24,1. Buy & Hold,-0.2065989448277161
2023-10-25,1. Buy & Hold,-0.21737698177259338
2023-10-26,1. Buy & Hold,-0.23065345476188062
2023-10-27,1. Buy & Hold,-0.23417981787850511
2023-10-30,1. Buy & Hold,-0.22269025871832068
2023-10-31,1. Buy & Hold,-0.21850050579253982
2023-11-01,1. Buy & Hold,-0.20922025398731628
2023-11-02,1. Buy & Hold,-0.19537077871406588
2023-11-03,1. Buy & Hold,-0.18861223000559058
2023-11-06,1. Buy & Hold,-0.1865808021815455
2023-11-07,1. Buy & Hold,-0.18325946333878693
2023-11-08,1. Buy & Hold,-0.18351062475013116
2023-11-09,1. Buy & Hold,-0.18839302716069725
2023-11-10,1. Buy & Hold,-0.17770467293502215
2023-11-13,1. Buy & Hold,-0.1767816223429185
2023-11-14,1. Buy & Hold,-0.16306733165226558
2023-11-15,1. Buy & Hold,-0.15815105066000895
2023-11-16,1. Buy & Hold,-0.1598787437147326
2023-11-17,1. Buy & Hold,-0.15856462257202544
2023-11-20,1. Buy & Hold,-0.15286463811182804
2023-11-21,1. Buy & Hold,-0.1533044502488234
2023-11-22,1. Buy & Hold,-0.15116400478570274
2023-11-24,1. Buy & Hold,-0.1505651742173211
2023-11-27,1. Buy & Hold,-0.15222564132975125
2023-11-28,1. Buy & Hold,-0.15032979112246442
2023-11-29,1. Buy & Hold,-0.15316302501959875
2023-11-30,1. Buy & Hold,-0.15301725571518823
2023-12-01,1. Buy & Hold,-0.15402731080616197
2023-12-04,1. Buy & Hold,-0.16061509395305715
2023-12-05,1. Buy & Hold,-0.15969821663887016
2023-12-06,1. Buy & Hold,-0.16488986723148769
2023-12-07,1. Buy & Hold,-0.15753870476897458
2023-12-08,1. Buy & Hold,-0.15466621038670914
2023-12-11,1. Buy & Hold,-0.15714975269351045
2023-12-12,1. Buy & Hold,-0.153385926391702
2023-12-13,1. Buy & Hold,-0.14459799075617663
2023-12-14,1. Buy & Hold,-0.1428810486691351
2023-12-15,1. Buy & Hold,-0.1406667193742448
2023-12-18,1. Buy & Hold,-0.1324319247308172
2023-12-19,1. Buy & Hold,-0.12611286087635387
2023-12-20,1. Buy & Hold,-0.13864035768554506
2023-12-21,1. Buy & Hold,-0.1303546311341612
2023-12-22,1. Buy & Hold,-0.1302622415725933
2023-12-26,1. Buy & Hold,-0.12707230788618132
2023-12-27,1. Buy & Hold,-0.125623165638784
2023-12-28,1. Buy & Hold,-0.12648985396862444
2023-12-29,1. Buy & Hold,-0.1291481222659033
2024-01-02,1. Buy & Hold,-0.13198339579710622
2024-01-03,1. Buy & Hold,-0.1360249025295003
2024-01-04,1. Buy & Hold,-0.13894827512899985
2024-01-05,1. Buy & Hold,-0.13564644484189955
2024-01-08,1. Buy & Hold,-0.12417954837514557
2024-01-09,1. Buy & Hold,-0.12547527051725918
2024-01-10,1. Buy & Hold,-0.1185177993405776
2024-01-11,1. Buy & Hold,-0.1195184541860678
2024-01-12,1. Buy & Hold,-0.11836261106465186
2024-01-16,1. Buy & Hold,-0.1210718157597549
2024-01-17,1. Buy & Hold,-0.12596710553106916
2024-01-18,1. Buy & Hold,-0.11887782908065564
2024-01-19,1. Buy & Hold,-0.10948903351090072
2024-01-22,1. Buy & Hold,-0.1088855087585719
2024-01-23,1. Buy & Hold,-0.10583709765088603
2024-01-24,1. Buy & Hold,-0.09896538647247209
2024-01-25,1. Buy & Hold,-0.09489205199323882
2024-01-26,1. Buy & Hold,-0.09335887823753736
2024-01-29,1. Buy & Hold,-0.08447140036700852
2024-01-30,1. Buy & Hold,-0.08341898391204079
2024-01-31,1. Buy & Hold,-0.09784896696502764
2024-02-01,1. Buy & Hold,-0.08746586961456268
2024-02-02,1. Buy & Hold,-0.06971487106291797
2024-02-05,1. Buy & Hold,-0.07373827726871099
2024-02-06,1. Buy & Hold,-0.07081577169645913
2024-02-07,1. Buy & Hold,-0.06247145682988884
2024-02-08,1. Buy & Hold,-0.05876342894751378
2024-02-09,1. Buy & Hold,-0.05461822663564807
2024-02-12,1. Buy & Hold,-0.054964791142099116
2024-02-13,1. Buy & Hold,-0.06528538796906315
2024-02-14,1. Buy & Hold,-0.055539795561441806
2024-02-15,1. Buy & Hold,-0.046729378296665465
2024-02-16,1. Buy & Hold,-0.0517658837629449
2024-02-20,1. Buy & Hold,-0.05847935582106746
2024-02-21,1. Buy & Hold,-0.0580831359150667
2024-02-22,1. Buy & Hold,-0.03422888440687375
2024-02-23,1. Buy & Hold,-0.03460796737874372
2024-02-26,1. Buy & Hold,-0.06820973568838379
2024-02-27,1. Buy & Hold,-0.06478397421328229
2024-02-28,1. Buy & Hold,-0.06481449609424014
2024-02-29,1. Buy & Hold,-0.060265495872313495
2024-03-01,1. Buy & Hold,-0.05287189681543812
2024-03-04,1. Buy & Hold,-0.056636625288274685
2024-03-05,1. Buy & Hold,-0.0631178321917193
2024-03-06,1. Buy & Hold,-0.06000738535668862
2024-03-07,1. Buy & Hold,-0.050804378264975136
2024-03-08,1. Buy & Hold,-0.05653071760543785
2024-03-11,1. Buy & Hold,-0.05738554963848746
2024-03-12,1. Buy & Hold,-0.04324366579960721
2024-03-13,1. Buy & Hold,-0.043419678540252096
2024-03-14,1. Buy & Hold,-0.04626651916701574
2024-03-15,1. Buy & Hold,-0.05327458904829525
2024-03-18,1. Buy & Hold,-0.04257959217699001
2024-03-19,1. Buy & Hold,-0.03783114201254207
2024-03-20,1. Buy & Hold,-0.027407278285818
2024-03-21,1. Buy & Hold,-0.02477740613717196
2024-03-22,1. Buy & Hold,-0.02512814294246857
2024-03-25,1. Buy & Hold,-0.0271666233179807
2024-03-26,1. Buy & Hold,-0.02972053232800074
2024-03-27,1. Buy & Hold,-0.026712439914970767
2024-03-28,1. Buy & Hold,-0.027819604755862665
2024-04-01,1. Buy & Hold,-0.02907336256438657
2024-04-02,1. Buy & Hold,-0.031680785999458436
2024-04-03,1. Buy & Hold,-0.03351373661933816
2024-04-04,1. Buy & Hold,-0.044859745873580534
2024-04-05,1. Buy & Hold,-0.03253822340368124
2024-04-08,1. Buy & Hold,-0.03309872142008039
2024-04-09,1. Buy & Hold,-0.03389739709988234
2024-04-10,1. Buy & Hold,-0.03878720759033988
2024-04-11,1. Buy & Hold,-0.030896472365663414
2024-04-12,1. Buy & Hold,-0.04664127755777754
2024-04-15,1. Buy & Hold,-0.05960680357585644
2024-04-16,1. Buy & Hold,-0.06259049533729223
2024-04-17,1. Buy & Hold,-0.06776316388655002
2024-04-18,1. Buy & Hold,-0.068289576177781
2024-04-19,1. Buy & Hold,-0.08219455808994583
2024-04-22,1. Buy & Hold,-0.07328474279735436
2024-04-23,1. Buy & Hold,-0.059163153160106556
2024-04-24,1. Buy & Hold,-0.06114055651366191
2024-04-25,1. Buy & Hold,-0.0690350773778277
2024-04-26,1. Buy & Hold,-0.05772758466234517
2024-04-29,1. Buy & Hold,-0.05666595426141791
2024-04-30,1. Buy & Hold,-0.07042367865430854
2024-05-01,1. Buy & Hold,-0.06997631183390515
2024-05-02,1. Buy & Hold,-0.05976934544884799
2024-05-03,1. Buy & Hold,-0.047681783245233283
2024-05-06,1. Buy & Hold,-0.03443312488231788
2024-05-07,1. Buy & Hold,-0.039139237266307025
2024-05-08,1. Buy & Hold,-0.03798266230464025
2024-05-09,1. Buy & Hold,-0.03382737671899974
2024-05-10,1. Buy & Hold,-0.03326534825826113
2024-05-13,1. Buy & Hold,-0.032907999193106545
2024-05-14,1. Buy & Hold,-0.030024237403764843
2024-05-15,1. Buy & Hold,-0.021242430515095206
2024-05-16,1. Buy & Hold,-0.02157263712487777
2024-05-17,1. Buy & Hold,-0.019839509708279725
2024-05-20,1. Buy & Hold,-0.022280392025066757
2024-05-21,1. Buy & Hold,-0.016514824496110397
2024-05-22,1. Buy & Hold,-0.019587874524513382
2024-05-23,1. Buy & Hold,-0.023313957312143876
2024-05-24,1. Buy & Hold,-0.013904578072622777
2024-05-28,1. Buy & Hold,-0.008559362103899624
2024-05-29,1. Buy & Hold,-0.012800440069487893
2024-05-30,1. Buy & Hold,-0.019384782667618516
2024-05-31,1. Buy & Hold,-0.019644456099882742
2024-06-03,1. Buy & Hold,-0.018534325763275145
2024-06-04,1. Buy & Hold,-0.01608376751117195
2024-06-05,1. Buy & Hold,-0.00805045125319545
2024-06-06,1. Buy & Hold,-0.006612335781714279
2024-06-07,1. Buy & Hold,-0.009126573525440482
2024-06-10,1. Buy & Hold,-0.056708550226290594
2024-06-11,1. Buy & Hold,-0.05564690907680712
2024-06-12,1. Buy & Hold,-0.0540118473031905
2024-06-13,1. Buy & Hold,-0.05259268553089342
2024-06-14,1. Buy & Hold,-0.053289713584593085
2024-06-17,1. Buy & Hold,-0.046328568048619116
2024-06-18,1. Buy & Hold,-0.04474871914737885
2024-06-20,1. Buy & Hold,-0.04284372849579863
2024-06-21,1. Buy & Hold,-0.041316510548858945
2024-06-24,1. Buy & Hold,-0.03872916885235372
2024-06-25,1. Buy & Hold,-0.03955032879706093
2024-06-26,1. Buy & Hold,-0.033753037574514665
2024-06-27,1. Buy & Hold,-0.03226696651788594
2024-06-28,1. Buy & Hold,-0.03908624944521892
2024-07-01,1. Buy & Hold,-0.03337879244088758
2024-07-02,1. Buy & Hold,-0.021007117793061532
2024-07-03,1. Buy & Hold,-0.015617030785917875
2024-07-05,1. Buy & Hold,-0.005433745045606392
2024-07-08,1. Buy & Hold,-0.008661950420319527
2024-07-09,1. Buy & Hold,-0.006374839727724145
2024-07-10,1. Buy & Hold,-0.0005529996533042387
2024-07-11,1. Buy & Hold,-0.014863177929244298
2024-07-12,1. Buy & Hold,-0.012211272525010124
2024-07-15,1. Buy & Hold,-0.007130888750257706
2024-07-16,1. Buy & Hold,0.0
2024-07-17,1. Buy & Hold,-0.0030425151323762696
2024-07-18,1. Buy & Hold,-0.011031842011723714
2024-07-19,1. Buy & Hold,-0.018450265285437084
2024-07-22,1. Buy & Hold,-0.0132749464938694
2024-07-23,1. Buy & Hold,-0.018163993201509264
2024-07-24,1. Buy & Hold,-0.03963900418798033
2024-07-25,1. Buy & Hold,-0.04174125644838451
2024-07-26,1. Buy & Hold,-0.03255474520667744
2024-07-29,1. Buy & Hold,-0.028720412869412695
2024-07-30,1. Buy & Hold,-0.02865791242732971
2024-07-31,1. Buy & Hold,-0.024466574808955477
2024-08-01,1. Buy & Hold,-0.029196217955449695
2024-08-02,1. Buy & Hold,-0.04436045062266672
2024-08-05,1. Buy & Hold,-0.070862030293686
2024-08-06,1. Buy & Hold,-0.06484272370784204
2024-08-07,1. Buy & Hold,-0.07013414551032762
2024-08-08,1. Buy & Hold,-0.0548740506782625
2024-08-09,1. Buy & Hold,-0.050475342198189777
2024-08-12,1. Buy & Hold,-0.05321182422825921
2024-08-13,1. Buy & Hold,-0.042975717316131125
2024-08-14,1. Buy & Hold,-0.040593538357816594
2024-08-15,1. Buy & Hold,-0.024710508925352356
2024-08-16,1. Buy & Hold,-0.022551057100212338
2024-08-19,1. Buy & Hold,-0.014959050397590462
2024-08-20,1. Buy & Hold,-0.014749910163992972
2024-08-21,1. Buy & Hold,-0.01160076124867099
2024-08-22,1. Buy & Hold,-0.019095757650059626
2024-08-23,1. Buy & Hold,-0.011146626866068961
2024-08-26,1. Buy & Hold,-0.010622120541419078
2024-08-27,1. Buy & Hold,-0.012521183075780403
2024-08-28,1. Buy & Hold,-0.017608787964262646
2024-08-29,1. Buy & Hold,-0.01258412803402241
2024-08-30,1. Buy & Hold,-0.0020522451141943834
2024-09-03,1. Buy & Hold,-0.01392003985011525
2024-09-04,1. Buy & Hold,-0.012989889274140408
2024-09-05,1. Buy & Hold,-0.012326247588836277
2024-09-06,1. Buy & Hold,-0.02985589182200174
2024-09-09,1. Buy & Hold,-0.016346097219002157
2024-09-10,1. Buy & Hold,-0.013394862912655753
2024-09-11,1. Buy & Hold,-0.01055280685065127
2024-09-12,1. Buy & Hold,-0.004345512076044448
2024-09-13,1. Buy & Hold,0.0
2024-09-16,1. Buy & Hold,0.0
2024-09-17,1. Buy & Hold,0.0
2024-09-18,1. Buy & Hold,-0.0025417385966679533
2024-09-19,1. Buy & Hold,0.0
2024-09-20,1. Buy & Hold,-0.0005444046162813291
2024-09-23,1. Buy & Hold,0.0
2024-09-24,1. Buy & Hold,-0.0005160588478227527
2024-09-25,1. Buy & Hold,-0.0033104749000332934
2024-09-26,1. Buy & Hold,-0.004655249168106977
2024-09-27,1. Buy & Hold,-0.0008886451060770743
2024-09-30,1. Buy & Hold,0.0
2024-10-01,1. Buy & Hold,-0.0040699678042059855
2024-10-02,1. Buy & Hold,-0.008024760994975523
2024-10-03,1. Buy & Hold,-0.012357858112140803
2024-10-04,1. Buy & Hold,-0.0015215705403257764
2024-10-07,1. Buy & Hold,-0.015694495578419645
2024-10-08,1. Buy & Hold,-0.008474607963630696
2024-10-09,1. Buy & Hold,-0.002528672921073474
2024-10-10,1. Buy & Hold,-0.006961016144013391
2024-10-11,1. Buy & Hold,-0.004598754407350897
2024-10-14,1. Buy & Hold,-0.0005412223153190075
2024-10-15,1. Buy & Hold,0.0
2024-10-16,1. Buy & Hold,0.0
2024-10-17,1. Buy & Hold,-0.003003253228428888
2024-10-18,1. Buy & Hold,0.0
2024-10-21,1. Buy & Hold,-0.005452643772505197
2024-10-22,1. Buy & Hold,-0.003311046731386913
2024-10-23,1. Buy & Hold,-0.011495046132958792
2024-10-24,1. Buy & Hold,0.0
2024-10-25,1. Buy & Hold,-0.0005384367001121393
2024-10-28,1. Buy & Hold,0.0
2024-10-29,1. Buy & Hold,-0.0027721389200018967
2024-10-30,1. Buy & Hold,-0.001683702936593865
2024-10-31,1. Buy & Hold,-0.01579325320845387
2024-11-01,1. Buy & Hold,-0.013293741123802863
2024-11-04,1. Buy & Hold,-0.017483083624316963
2024-11-05,1. Buy & Hold,-0.0072871713420797285
2024-11-06,1. Buy & Hold,0.0
2024-11-07,1. Buy & Hold,0.0
2024-11-08,1. Buy & Hold,0.0
2024-11-11,1. Buy & Hold,0.0
2024-11-12,1. Buy & Hold,-0.00437706705458828
2024-11-13,1. Buy & Hold,0.0
2024-11-14,1. Buy & Hold,-0.005982975226701983
2024-11-15,1. Buy & Hold,-0.00883388498889973
2024-11-18,1. Buy & Hold,-0.00044048129994571296
2024-11-19,1. Buy & Hold,0.0
2024-11-20,1. Buy & Hold,-0.002127301008797997
2024-11-21,1. Buy & Hold,0.0
2024-11-22,1. Buy & Hold,0.0
2024-11-25,1. Buy & Hold,0.0
2024-11-26,1. Buy & Hold,0.0
2024-11-27,1. Buy & Hold,-0.0005427226221777483
2024-11-29,1. Buy & Hold,0.0
2024-12-02,1. Buy & Hold,0.0
2024-12-03,1. Buy & Hold,-0.0011837071529193768
2024-12-04,1. Buy & Hold,-0.0005468613047896801
2024-12-05,1. Buy & Hold,0.0
2024-12-06,1. Buy & Hold,0.0
2024-12-09,1. Buy & Hold,-0.006661275875806973
2024-12-10,1. Buy & Hold,-0.0013056034458642245
2024-12-11,1. Buy & Hold,0.0
2024-12-12,1. Buy & Hold,-0.004299470722098079
2024-12-13,1. Buy & Hold,-0.004162244374178684
2024-12-16,1. Buy & Hold,0.0
2024-12-17,1. Buy & Hold,0.0
2024-12-18,1. Buy & Hold,-0.032497362212235203
2024-12-19,1. Buy & Hold,-0.03241982069253908
2024-12-20,1. Buy & Hold,-0.03003604263030657
2024-12-23,1. Buy & Hold,-0.02606356646516982
2024-12-24,1. Buy & Hold,-0.008407052542649104
2024-12-26,1. Buy & Hold,-0.011619311993102493
2024-12-27,1. Buy & Hold,-0.024541057641004265
2024-12-30,1. Buy & Hold,-0.03678395071121443
2024-12-31,1. Buy & Hold,-0.04105643356501479
2025-01-02,1. Buy & Hold,-0.048875107614490015
2025-01-03,1. Buy & Hold,-0.03736896668247121
2025-01-06,1. Buy & Hold,-0.034012214006834345
2025-01-07,1. Buy & Hold,-0.04073611044992369
2025-01-08,1. Buy & Hold,-0.04187480693438729
2025-01-10,1. Buy & Hold,-0.051935624638795
2025-01-13,1. Buy & Hold,-0.0498549091287385
2025-01-14,1. Buy & Hold,-0.05219723336233847
2025-01-15,1. Buy & Hold,-0.029202750560205507
2025-01-16,1. Buy & Hold,-0.03570004885892768
2025-01-17,1. Buy & Hold,-0.02613299853230026
2025-01-21,1. Buy & Hold,-0.02061336770314023
2025-01-22,1. Buy & Hold,-0.01722121527672599
2025-01-23,1. Buy & Hold,-0.008726009900683413
2025-01-24,1. Buy & Hold,-0.00984487947548473
2025-01-27,1. Buy & Hold,-0.0011546315789985762
2025-01-28,1. Buy & Hold,0.0
2025-01-29,1. Buy & Hold,-0.0016024427802374054
2025-01-30,1. Buy & Hold,0.0
2025-01-31,1. Buy & Hold,-0.0026737728648800023
2025-02-03,1. Buy & Hold,-0.007497864104785279
2025-02-04,1. Buy & Hold,0.0
2025-02-05,1. Buy & Hold,-0.002781754922672254
2025-02-06,1. Buy & Hold,-0.00041651804827517997
2025-02-07,1. Buy & Hold,-0.012214215784340525
2025-02-10,1. Buy & Hold,-0.01007595913140179
2025-02-11,1. Buy & Hold,-0.012254512904882818
2025-02-12,1. Buy & Hold,-0.011167887896396882
2025-02-13,1. Buy & Hold,0.0
2025-02-14,1. Buy & Hold,-0.0016729812906305039
2025-02-18,1. Buy & Hold,-0.005156787509181789
2025-02-19,1. Buy & Hold,-0.0020711280276820452
2025-02-20,1. Buy & Hold,-0.014179596011018666
2025-02-21,1. Buy & Hold,-0.027074535393724817
2025-02-24,1. Buy & Hold,-0.03233714518956939
2025-02-25,1. Buy & Hold,-0.03771332146116273
2025-02-26,1. Buy & Hold,-0.04280749859611764
2025-02-27,1. Buy & Hold,-0.05051079740356314
2025-02-28,1. Buy & Hold,-0.0327307689848053
2025-03-03,1. Buy & Hold,-0.044199480524343165
2025-03-04,1. Buy & Hold,-0.06431228152932271
2025-03-05,1. Buy & Hold,-0.05582903787647365
2025-03-06,1. Buy & Hold,-0.07559195342110615
2025-03-07,1. Buy & Hold,-0.077471371533056
2025-03-10,1. Buy & Hold,-0.10583298970782358
2025-03-11,1. Buy & Hold,-0.11258546440847361
2025-03-12,1. Buy & Hold,-0.10930082791135003
2025-03-13,1. Buy & Hold,-0.12556882170217182
2025-03-14,1. Buy & Hold,-0.10982772491832402
2025-03-17,1. Buy & Hold,-0.10562881726452225
2025-03-18,1. Buy & Hold,-0.11619232992855487
2025-03-19,1. Buy & Hold,-0.10477908673893829
2025-03-20,1. Buy & Hold,-0.10601700236214305
2025-03-21,1. Buy & Hold,-0.10072545532386426
2025-03-24,1. Buy & Hold,-0.08105494215242692
2025-03-25,1. Buy & Hold,-0.07676775095750663
2025-03-26,1. Buy & Hold,-0.08538441203949144
2025-03-27,1. Buy & Hold,-0.08364610514733425
2025-03-28,1. Buy & Hold,-0.10446372027391242
2025-03-31,1. Buy & Hold,-0.09709005059674672
2025-04-01,1. Buy & Hold,-0.09785721425828096
2025-04-02,1. Buy & Hold,-0.09103710986284692
2025-04-03,1. Buy & Hold,-0.1296582990078709
2025-04-04,1. Buy & Hold,-0.1809911271931702
2025-04-07,1. Buy & Hold,-0.18423117850246157
2025-04-08,1. Buy & Hold,-0.19765960994448112
2025-04-09,1. Buy & Hold,-0.12671461679789645
2025-04-10,1. Buy & Hold,-0.15406808534798475
2025-04-11,1. Buy & Hold,-0.14073681953730444
2025-04-14,1. Buy & Hold,-0.1353636516218216
2025-04-15,1. Buy & Hold,-0.13394212240410067
2025-04-16,1. Buy & Hold,-0.15185841520710067
2025-04-17,1. Buy & Hold,-0.14408353286646544
2025-04-21,1. Buy & Hold,-0.15928518485440563
2025-04-22,1. Buy & Hold,-0.1345762894018669
2025-04-23,1. Buy & Hold,-0.12364133235551608
2025-04-24,1. Buy & Hold,-0.10953053817110565
2025-04-25,1. Buy & Hold,-0.1008851773528415
2025-04-28,1. Buy & Hold,-0.09947959213992293
2025-04-29,1. Buy & Hold,-0.09186195665769234
2025-04-30,1. Buy & Hold,-0.09250036047256559
2025-05-01,1. Buy & Hold,-0.08813310263986482
2025-05-02,1. Buy & Hold,-0.07508803509361969
2025-05-05,1. Buy & Hold,-0.08212334152954685
2025-05-06,1. Buy & Hold,-0.08808663046583314
2025-05-07,1. Buy & Hold,-0.08140170033717035
2025-05-08,1. Buy & Hold,-0.07596586793221083
2025-05-09,1. Buy & Hold,-0.07505669526806379
2025-05-12,1. Buy & Hold,-0.04902770397494528
2025-05-13,1. Buy & Hold,-0.042265073786798994
2025-05-14,1. Buy & Hold,-0.036685009859722256
2025-05-15,1. Buy & Hold,-0.032776394767879344
2025-05-16,1. Buy & Hold,-0.025809880691999614
2025-05-19,1. Buy & Hold,-0.027504249153286742
2025-05-20,1. Buy & Hold,-0.029598568093197178
2025-05-21,1. Buy & Hold,-0.041517453244051664
2025-05-22,1. Buy & Hold,-0.04083522525852589
2025-05-23,1. Buy & Hold,-0.04616469040540839
2025-05-27,1. Buy & Hold,-0.025120034612839518
2025-05-28,1. Buy & Hold,-0.030434172872964748
2025-05-29,1. Buy & Hold,-0.028626609408210803
2025-05-30,1. Buy & Hold,-0.026210251433650522
2025-06-02,1. Buy & Hold,-0.024111228291246588
2025-06-03,1. Buy & Hold,-0.02334790799499031
2025-06-04,1. Buy & Hold,-0.023711772623197055
2025-06-05,1. Buy & Hold,-0.03808461132149968
2025-06-06,1. Buy & Hold,-0.026784355032940146
2025-06-09,1. Buy & Hold,-0.02337527121103747
2025-06-10,1. Buy & Hold,-0.013696959848413771
2025-06-11,1. Buy & Hold,-0.01659807925535313
2025-06-12,1. Buy & Hold,-0.018000859450233806
2025-06-13,1. Buy & Hold,-0.02850196108691448
2025-06-16,1. Buy & Hold,-0.020549066412936665
2025-06-17,1. Buy & Hold,-0.028663113752939787
2025-06-18,1. Buy & Hold,-0.03294487355455603
2025-06-20,1. Buy & Hold,-0.03403292300233541
2025-06-23,1. Buy & Hold,-0.01876375272117456
2025-06-24,1. Buy & Hold,-0.012026138999870987
2025-06-25,1. Buy & Hold,-0.015812529233418318
2025-06-26,1. Buy & Hold,-0.008418114230923795
2025-06-27,1. Buy & Hold,-0.0019053180405897785
2025-06-30,1. Buy & Hold,0.0
2025-07-01,1. Buy & Hold,-0.0027532745382077783
2025-07-02,1. Buy & Hold,0.0
2025-07-03,1. Buy & Hold,0.0
2025-07-07,1. Buy & Hold,-0.010218870456670857
2025-07-08,1. Buy & Hold,-0.01696742021482728
2025-07-09,1. Buy & Hold,-0.01358964475657727
2025-07-10,1. Buy & Hold,-0.01126259504628106
2025-07-11,1. Buy & Hold,-0.015274944748584448
2025-07-14,1. Buy & Hold,-0.013008515409426682
2025-07-15,1. Buy & Hold,-0.02102862480950431
2025-07-16,1. Buy & Hold,-0.016735404283164168
2025-07-17,1. Buy & Hold,-0.011352978115403886
2025-07-18,1. Buy & Hold,-0.013998508114813232
2025-07-21,1. Buy & Hold,-0.008341090230340523
2025-07-22,1. Buy & Hold,-0.006384923705142151
2025-07-23,1. Buy & Hold,-0.0018888703725475418
2025-07-24,1. Buy & Hold,-0.005498926920022945
2025-07-25,1. Buy & Hold,-0.0022120300701067392
2025-07-28,1. Buy & Hold,-0.002295945069207566
2025-07-29,1. Buy & Hold,-0.005153867256387676
2025-07-30,1. Buy & Hold,-0.009171340167301357
2025-07-31,1. Buy & Hold,-0.009648778371451982
2025-08-01,1. Buy & Hold,-0.02402559760417939
2025-08-04,1. Buy & Hold,-0.011460896955898144
2025-08-05,1. Buy & Hold,-0.015108163791702631
2025-08-06,1. Buy & Hold,-0.004086855052327453
2025-08-07,1. Buy & Hold,-0.00610732384208026
2025-08-08,1. Buy & Hold,0.0
2025-08-11,1. Buy & Hold,0.0
2025-08-12,1. Buy & Hold,0.0
2025-08-13,1. Buy & Hold,0.0
2025-08-14,1. Buy & Hold,0.0
2025-08-15,1. Buy & Hold,-0.0028327240629122184
2025-08-18,1. Buy & Hold,-0.0021452574662056637
2025-08-19,1. Buy & Hold,-0.0049185795753266025
2025-08-20,1. Buy & Hold,-0.006066422885154157
2025-08-21,1. Buy & Hold,-0.012324161351657339
2025-08-22,1. Buy & Hold,0.0
2025-08-25,1. Buy & Hold,-0.0026446495294196698
2025-08-26,1. Buy & Hold,-0.0003375670822000555
2025-08-27,1. Buy & Hold,0.0
2025-08-28,1. Buy & Hold,0.0
2025-08-29,1. Buy & Hold,-0.002617729758147045
2025-09-02,1. Buy & Hold,-0.005385926964576958
2025-09-03,1. Buy & Hold,0.0
2025-09-04,1. Buy & Hold,0.0
2025-09-05,1. Buy & Hold,-0.004595149241673132
2025-09-08,1. Buy & Hold,-0.004875896212429647
2025-09-09,1. Buy & Hold,0.0
2025-09-10,1. Buy & Hold,-0.008285068440876953
2025-09-11,1. Buy & Hold,0.0
2025-09-12,1. Buy & Hold,0.0
2025-09-15,1. Buy & Hold,0.0
2025-09-16,1. Buy & Hold,0.0
2025-09-17,1. Buy & Hold,0.0
2025-09-18,1. Buy & Hold,-0.00674673358786694
2025-09-19,1. Buy & Hold,-0.0015820685528905867
2025-09-22,1. Buy & Hold,-0.0027109688998208548
2025-09-23,1. Buy & Hold,-0.009675999811840842
2025-09-24,1. Buy & Hold,-0.007491753719454811
2025-09-25,1. Buy & Hold,-0.01369062011339272
2025-09-26,1. Buy & Hold,-0.0068736235726813985
2025-09-29,1. Buy & Hold,-0.005407723931006981
2025-09-30,1. Buy & Hold,-0.00454645313383553
2025-10-01,1. Buy & Hold,-0.0036373428557361673
2025-10-02,1. Buy & Hold,-0.010403678791981176
2025-10-03,1. Buy & Hold,-0.010163503179429828
2025-10-06,1. Buy & Hold,-0.004565071102186865
2025-10-07,1. Buy & Hold,-0.007813619968354096
2025-10-08,1. Buy & Hold,-0.007640253019729251
2025-10-09,1. Buy & Hold,-0.010647561464172376
2025-10-10,1. Buy & Hold,-0.030410740232315145
2025-10-13,1. Buy & Hold,-0.018804098193130624
2025-10-14,1. Buy & Hold,-0.015500437416672815
2025-10-15,1. Buy & Hold,-0.01049578078017147
2025-10-16,1. Buy & Hold,-0.021650561483764826
2025-10-17,1. Buy & Hold,-0.010472080911549053
2025-10-20,1. Buy & Hold,0.0
2025-10-21,1. Buy & Hold,0.0
2025-10-22,1. Buy & Hold,-0.010344256710734228
2025-10-23,1. Buy & Hold,-0.006922613819420393
2025-10-24,1. Buy & Hold,-0.007026602466147671
2025-10-27,1. Buy & Hold,0.0
2025-10-28,1. Buy & Hold,0.0
2025-10-29,1. Buy & Hold,-0.0032493873694554136
2025-10-30,1. Buy & Hold,-0.014043510824745612
2025-10-31,1. Buy & Hold,-0.00642912647012255
2025-11-03,1. Buy & Hold,-0.006894116812524262
2025-11-04,1. Buy & Hold,-0.014224033269411586
2025-11-05,1. Buy & Hold,-0.010916316535119671
2025-11-06,1. Buy & Hold,-0.017409462164106822
2025-11-07,1. Buy & Hold,-0.019621695747942362
2025-11-10,1. Buy & Hold,-0.008179410304408122
2025-11-11,1. Buy & Hold,0.0
2025-11-12,1. Buy & Hold,-0.002554135067199986
2025-11-13,1. Buy & Hold,-0.02152547284344742
2025-11-14,1. Buy & Hold,-0.029122762387927242
2025-11-17,1. Buy & Hold,-0.0923159245409379
2025-11-18,1. Buy & Hold,-0.10096848715072904
2025-11-19,1. Buy & Hold,-0.09976050966268284
2025-11-20,1. Buy & Hold,-0.10505335027550837
2025-11-21,1. Buy & Hold,-0.0964136718566596
2025-11-24,1. Buy & Hold,-0.08506065211352687
2025-11-25,1. Buy & Hold,-0.07323112306124822
2025-11-26,1. Buy & Hold,-0.06835880991673444
2015-11-30,2. Equal Weight,0.0
2015-12-01,2. Equal Weight,0.0
2015-12-02,2. Equal Weight,-0.008094016019210754
2015-12-03,2. Equal Weight,-0.018857242283333273
2015-12-04,2. Equal Weight,0.0
2015-12-07,2. Equal Weight,-0.007415124662684568
2015-12-08,2. Equal Weight,-0.011746928058823634
2015-12-09,2. Equal Weight,-0.022520816712573204
2015-12-10,2. Equal Weight,-0.020259983138023012
2015-12-11,2. Equal Weight,-0.04045747488263847
2015-12-14,2. Equal Weight,-0.029781053114288806
2015-12-15,2. Equal Weight,-0.020029729730966825
2015-12-16,2. Equal Weight,-0.002627750376029075
2015-12-17,2. Equal Weight,-0.014613817987900754
2015-12-18,2. Equal Weight,-0.035431157974234455
2015-12-21,2. Equal Weight,-0.028377007316840473
2015-12-22,2. Equal Weight,-0.024160647075490312
2015-12-23,2. Equal Weight,-0.01667871416421406
2015-12-24,2. Equal Weight,-0.018345237343865412
2015-12-28,2. Equal Weight,-0.017505240186113956
2015-12-29,2. Equal Weight,-0.0052082657696017115
2015-12-30,2. Equal Weight,-0.011909619863378336
2015-12-31,2. Equal Weight,-0.023225574417004097
2016-01-04,2. Equal Weight,-0.04502249598750807
2016-01-05,2. Equal Weight,-0.043967199319085194
2016-01-06,2. Equal Weight,-0.05045038489466675
2016-01-07,2. Equal Weight,-0.07189274728551175
2016-01-08,2. Equal Weight,-0.08396047397097164
2016-01-11,2. Equal Weight,-0.07894014250769518
2016-01-12,2. Equal Weight,-0.07086393865783741
2016-01-13,2. Equal Weight,-0.09812818972886593
2016-01-14,2. Equal Weight,-0.08539394295991712
2016-01-15,2. Equal Weight,-0.10826799433083786
2016-01-19,2. Equal Weight,-0.10645290866351452
2016-01-20,2. Equal Weight,-0.11894106000389391
2016-01-21,2. Equal Weight,-0.11619508235228383
2016-01-22,2. Equal Weight,-0.09733290243647202
2016-01-25,2. Equal Weight,-0.1083816907860493
2016-01-26,2. Equal Weight,-0.09925732641734644
2016-01-27,2. Equal Weight,-0.1142575935851485
2016-01-28,2. Equal Weight,-0.09835652171737089
2016-01-29,2. Equal Weight,-0.07721824405208697
2016-02-01,2. Equal Weight,-0.07678449786417918
2016-02-02,2. Equal Weight,-0.09640996371026901
2016-02-03,2. Equal Weight,-0.09962815229226635
2016-02-04,2. Equal Weight,-0.10225189866154902
2016-02-05,2. Equal Weight,-0.12805186217093106
2016-02-08,2. Equal Weight,-0.1430890686779138
2016-02-09,2. Equal Weight,-0.14098063475032135
2016-02-10,2. Equal Weight,-0.14152160820069531
2016-02-11,2. Equal Weight,-0.1475972898092437
2016-02-12,2. Equal Weight,-0.13211317495713656
2016-02-16,2. Equal Weight,-0.1195747436290667
2016-02-17,2. Equal Weight,-0.1026510313989634
2016-02-18,2. Equal Weight,-0.10860494449790409
2016-02-19,2. Equal Weight,-0.10617558478264744
2016-02-22,2. Equal Weight,-0.08995453930893046
2016-02-23,2. Equal Weight,-0.10037070916973774
2016-02-24,2. Equal Weight,-0.09533419474613838
2016-02-25,2. Equal Weight,-0.08360697059535849
2016-02-26,2. Equal Weight,-0.08763538095570698
2016-02-29,2. Equal Weight,-0.09540603221460858
2016-03-01,2. Equal Weight,-0.07229795241718562
2016-03-02,2. Equal Weight,-0.06962782060492195
2016-03-03,2. Equal Weight,-0.06832118174735884
2016-03-04,2. Equal Weight,-0.06592093975769917
2016-03-07,2. Equal Weight,-0.07193101243067751
2016-03-08,2. Equal Weight,-0.07871743040500201
2016-03-09,2. Equal Weight,-0.0730015920453433
2016-03-10,2. Equal Weight,-0.07551572025430967
2016-03-11,2. Equal Weight,-0.06395367901634341
2016-03-14,2. Equal Weight,-0.06157838872396496
2016-03-15,2. Equal Weight,-0.058814065805647235
2016-03-16,2. Equal Weight,-0.0548923093637436
2016-03-17,2. Equal Weight,-0.05144531143584935
2016-03-18,2. Equal Weight,-0.04606912450454056
2016-03-21,2. Equal Weight,-0.04243492562768665
2016-03-22,2. Equal Weight,-0.04439712530699847
2016-03-23,2. Equal Weight,-0.046371865126850306
2016-03-24,2. Equal Weight,-0.043965682133026845
2016-03-28,2. Equal Weight,-0.042747072259812696
2016-03-29,2. Equal Weight,-0.03249000705532932
2016-03-30,2. Equal Weight,-0.029094875508334186
2016-03-31,2. Equal Weight,-0.03196599773234107
2016-04-01,2. Equal Weight,-0.02077828869382655
2016-04-04,2. Equal Weight,-0.022176332648168064
2016-04-05,2. Equal Weight,-0.02614731445017954
2016-04-06,2. Equal Weight,-0.014231131856720255
2016-04-07,2. Equal Weight,-0.026462063900557435
2016-04-08,2. Equal Weight,-0.027800468764403934
2016-04-11,2. Equal Weight,-0.03095003536301514
2016-04-12,2. Equal Weight,-0.02134938778860401
2016-04-13,2. Equal Weight,-0.008475929577342688
2016-04-14,2. Equal Weight,-0.006047895921903839
2016-04-15,2. Equal Weight,-0.005384044561078693
2016-04-18,2. Equal Weight,0.0
2016-04-19,2. Equal Weight,-0.005636969557460259
2016-04-20,2. Equal Weight,-0.0042566440838711595
2016-04-21,2. Equal Weight,-0.008301436417819
2016-04-22,2. Equal Weight,-0.013355089120079648
2016-04-25,2. Equal Weight,-0.014067121882141185
2016-04-26,2. Equal Weight,-0.01827829037261198
2016-04-27,2. Equal Weight,-0.020342150529981767
2016-04-28,2. Equal Weight,-0.028106158095209957
2016-04-29,2. Equal Weight,-0.029131121068895486
2016-05-02,2. Equal Weight,-0.01792286456612567
2016-05-03,2. Equal Weight,-0.02738757550057136
2016-05-04,2. Equal Weight,-0.032408725237749604
2016-05-05,2. Equal Weight,-0.0355184032570021
2016-05-06,2. Equal Weight,-0.02739644730500807
2016-05-09,2. Equal Weight,-0.027396729563234613
2016-05-10,2. Equal Weight,-0.01580158087042933
2016-05-11,2. Equal Weight,-0.02702267144677297
2016-05-12,2. Equal Weight,-0.027934241059267405
2016-05-13,2. Equal Weight,-0.02758182849473609
2016-05-16,2. Equal Weight,-0.018158933743051216
2016-05-17,2. Equal Weight,-0.02813126746543359
2016-05-18,2. Equal Weight,-0.02206514666843438
2016-05-19,2. Equal Weight,-0.019115165503701136
2016-05-20,2. Equal Weight,-0.012165303915767325
2016-05-23,2. Equal Weight,-0.015044443254608844
2016-05-24,2. Equal Weight,-0.0007604086096056144
2016-05-25,2. Equal Weight,0.0
2016-05-26,2. Equal Weight,0.0
2016-05-27,2. Equal Weight,0.0
2016-05-31,2. Equal Weight,-0.0016311964290135232
2016-06-01,2. Equal Weight,-0.0025389240181469324
2016-06-02,2. Equal Weight,-8.709648002997824e-05
2016-06-03,2. Equal Weight,-0.005786122007981675
2016-06-06,2. Equal Weight,-0.0022392406891698384
2016-06-07,2. Equal Weight,-0.0006705409967376506
2016-06-08,2. Equal Weight,0.0
2016-06-09,2. Equal Weight,-0.0006521269764709994
2016-06-10,2. Equal Weight,-0.012373647434976376
2016-06-13,2. Equal Weight,-0.02032095113238248
2016-06-14,2. Equal Weight,-0.02120974648074123
2016-06-15,2. Equal Weight,-0.021703085297546686
2016-06-16,2. Equal Weight,-0.01809593800343498
2016-06-17,2. Equal Weight,-0.027572878215633697
2016-06-20,2. Equal Weight,-0.021913674860559753
2016-06-21,2. Equal Weight,-0.019488615157269455
2016-06-22,2. Equal Weight,-0.02732296212358867
2016-06-23,2. Equal Weight,-0.015777328377038116
2016-06-24,2. Equal Weight,-0.04800710504761941
2016-06-27,2. Equal Weight,-0.061407822217907616
2016-06-28,2. Equal Weight,-0.042964683705802115
2016-06-29,2. Equal Weight,-0.026993922764856168
2016-06-30,2. Equal Weight,-0.02244531986169985
2016-07-01,2. Equal Weight,-0.01832062289737111
2016-07-05,2. Equal Weight,-0.019217531339464314
2016-07-06,2. Equal Weight,-0.015480366822837481
2016-07-07,2. Equal Weight,-0.013628403337457292
2016-07-08,2. Equal Weight,0.0
2016-07-11,2. Equal Weight,0.0
2016-07-12,2. Equal Weight,0.0
2016-07-13,2. Equal Weight,-0.0014607049252412978
2016-07-14,2. Equal Weight,0.0
2016-07-15,2. Equal Weight,-0.001960699864694802
2016-07-18,2. Equal Weight,0.0
2016-07-19,2. Equal Weight,-0.0025641134129317194
2016-07-20,2. Equal Weight,0.0
2016-07-21,2. Equal Weight,-0.0071492769212392025
2016-07-22,2. Equal Weight,-0.0011453750612347164
2016-07-25,2. Equal Weight,-0.00027735569039682864
2016-07-26,2. Equal Weight,0.0
2016-07-27,2. Equal Weight,-0.00020189850900485302
2016-07-28,2. Equal Weight,0.0
2016-07-29,2. Equal Weight,0.0
2016-08-01,2. Equal Weight,0.0
2016-08-02,2. Equal Weight,-0.00603403171815521
2016-08-03,2. Equal Weight,-0.0062373431161570625
2016-08-04,2. Equal Weight,-0.0020206226914446946
2016-08-05,2. Equal Weight,0.0
2016-08-08,2. Equal Weight,-0.0014492826510200006
2016-08-09,2. Equal Weight,0.0
2016-08-10,2. Equal Weight,-0.0038659950733739563
2016-08-11,2. Equal Weight,0.0
2016-08-12,2. Equal Weight,0.0
2016-08-15,2. Equal Weight,0.0
2016-08-16,2. Equal Weight,-0.005278763137935449
2016-08-17,2. Equal Weight,-0.0045790584761997545
2016-08-18,2. Equal Weight,-0.0029206127427014506
2016-08-19,2. Equal Weight,-0.005632719825385395
2016-08-22,2. Equal Weight,-0.006741052264191396
2016-08-23,2. Equal Weight,-0.0038488169148409544
2016-08-24,2. Equal Weight,-0.008453270358562978
2016-08-25,2. Equal Weight,-0.008978926795404513
2016-08-26,2. Equal Weight,-0.007058768336601088
2016-08-29,2. Equal Weight,-0.004008724299944705
2016-08-30,2. Equal Weight,-0.006896482721434273
2016-08-31,2. Equal Weight,-0.008286638393649572
2016-09-01,2. Equal Weight,-0.0061533116031720885
2016-09-02,2. Equal Weight,-0.004857416494836764
2016-09-06,2. Equal Weight,0.0
2016-09-07,2. Equal Weight,-0.00293546124154548
2016-09-08,2. Equal Weight,-0.004870735089434327
2016-09-09,2. Equal Weight,-0.027794514738882427
2016-09-12,2. Equal Weight,-0.012221255030645774
2016-09-13,2. Equal Weight,-0.024526278148348842
2016-09-14,2. Equal Weight,-0.023129624615883256
2016-09-15,2. Equal Weight,-0.011325576375650404
2016-09-16,2. Equal Weight,-0.011030459081988544
2016-09-19,2. Equal Weight,-0.01176763407589861
2016-09-20,2. Equal Weight,-0.011552994956225748
2016-09-21,2. Equal Weight,-0.004949241708852846
2016-09-22,2. Equal Weight,0.0
2016-09-23,2. Equal Weight,-0.004365997336985195
2016-09-26,2. Equal Weight,-0.014295686917882668
2016-09-27,2. Equal Weight,-0.003440697098520966
2016-09-28,2. Equal Weight,0.0
2016-09-29,2. Equal Weight,-0.009140929891075535
2016-09-30,2. Equal Weight,0.0
2016-10-03,2. Equal Weight,0.0
2016-10-04,2. Equal Weight,-0.0019617064446022176
2016-10-05,2. Equal Weight,0.0
2016-10-06,2. Equal Weight,-0.003233249776087577
2016-10-07,2. Equal Weight,-0.006501459064268478
2016-10-10,2. Equal Weight,-0.0024471127682438513
2016-10-11,2. Equal Weight,-0.012931920141775207
2016-10-12,2. Equal Weight,-0.011920432230808825
2016-10-13,2. Equal Weight,-0.0169165878236732
2016-10-14,2. Equal Weight,-0.015405995195218717
2016-10-17,2. Equal Weight,-0.019316733092534517
2016-10-18,2. Equal Weight,-0.0068491668740779344
2016-10-19,2. Equal Weight,-0.003070321701797613
2016-10-20,2. Equal Weight,-0.0032181012106401487
2016-10-21,2. Equal Weight,0.0
2016-10-24,2. Equal Weight,0.0
2016-10-25,2. Equal Weight,-0.0001790561274710621
2016-10-26,2. Equal Weight,-0.0010490170978294988
2016-10-27,2. Equal Weight,-0.0046199036892600924
2016-10-28,2. Equal Weight,-0.008363768881177208
2016-10-31,2. Equal Weight,-0.008520669772702862
2016-11-01,2. Equal Weight,-0.018739528999088644
2016-11-02,2. Equal Weight,-0.026265137232437057
2016-11-03,2. Equal Weight,-0.03147978092484948
2016-11-04,2. Equal Weight,-0.034785629088037395
2016-11-07,2. Equal Weight,-0.012419909795316215
2016-11-08,2. Equal Weight,-0.00940604762243362
2016-11-09,2. Equal Weight,-0.0032976392163136335
2016-11-10,2. Equal Weight,-0.01172142173831136
2016-11-11,2. Equal Weight,0.0
2016-11-14,2. Equal Weight,-0.012456594911551523
2016-11-15,2. Equal Weight,-0.0038282855824967633
2016-11-16,2. Equal Weight,0.0
2016-11-17,2. Equal Weight,0.0
2016-11-18,2. Equal Weight,-0.004498735757879646
2016-11-21,2. Equal Weight,0.0
2016-11-22,2. Equal Weight,0.0
2016-11-23,2. Equal Weight,-5.5152561486411954e-05
2016-11-25,2. Equal Weight,0.0
2016-11-28,2. Equal Weight,-0.0058777268436771895
2016-11-29,2. Equal Weight,-0.007459618488535819
2016-11-30,2. Equal Weight,-0.01196090600444517
2016-12-01,2. Equal Weight,-0.021732060532877143
2016-12-02,2. Equal Weight,-0.019114207565027342
2016-12-05,2. Equal Weight,-0.0070643671713126605
2016-12-06,2. Equal Weight,-0.0032089517746112803
2016-12-07,2. Equal Weight,0.0
2016-12-08,2. Equal Weight,-0.0003669060212911093
2016-12-09,2. Equal Weight,0.0
2016-12-12,2. Equal Weight,-0.0007516569478031378
2016-12-13,2. Equal Weight,0.0
2016-12-14,2. Equal Weight,0.0
2016-12-15,2. Equal Weight,0.0
2016-12-16,2. Equal Weight,-0.0022345779318680018
2016-12-19,2. Equal Weight,0.0
2016-12-20,2. Equal Weight,0.0
2016-12-21,2. Equal Weight,-0.0014397542719746196
2016-12-22,2. Equal Weight,-0.003622815845117578
2016-12-23,2. Equal Weight,-0.0004327414108690279
2016-12-27,2. Equal Weight,0.0
2016-12-28,2. Equal Weight,-0.011024524973445703
2016-12-29,2. Equal Weight,-0.012189819355743743
2016-12-30,2. Equal Weight,-0.01991758927814514
2017-01-03,2. Equal Weight,-0.01253409005745215
2017-01-04,2. Equal Weight,-0.004423794626640235
2017-01-05,2. Equal Weight,-0.0031405131843145074
2017-01-06,2. Equal Weight,0.0
2017-01-09,2. Equal Weight,0.0
2017-01-10,2. Equal Weight,-0.0017417646930847277
2017-01-11,2. Equal Weight,0.0
2017-01-12,2. Equal Weight,-0.004344202595794133
2017-01-13,2. Equal Weight,0.0
2017-01-17,2. Equal Weight,-0.005551511205623769
2017-01-18,2. Equal Weight,-0.002257836783690493
2017-01-19,2. Equal Weight,-0.0017650907386169386
2017-01-20,2. Equal Weight,0.0
2017-01-23,2. Equal Weight,0.0
2017-01-24,2. Equal Weight,0.0
2017-01-25,2. Equal Weight,0.0
2017-01-26,2. Equal Weight,0.0
2017-01-27,2. Equal Weight,0.0
2017-01-30,2. Equal Weight,-0.005889732467810127
2017-01-31,2. Equal Weight,-0.010652297797571908
2017-02-01,2. Equal Weight,-0.005815245747099372
2017-02-02,2. Equal Weight,-0.005628296080461567
2017-02-03,2. Equal Weight,-0.00031728904539747485
2017-02-06,2. Equal Weight,0.0
2017-02-07,2. Equal Weight,0.0
2017-02-08,2. Equal Weight,0.0
2017-02-09,2. Equal Weight,0.0
2017-02-10,2. Equal Weight,-0.001756930870614145
2017-02-13,2. Equal Weight,0.0
2017-02-14,2. Equal Weight,0.0
2017-02-15,2. Equal Weight,0.0
2017-02-16,2. Equal Weight,-0.002638111674430658
2017-02-17,2. Equal Weight,-0.0009951535841696596
2017-02-21,2. Equal Weight,0.0
2017-02-22,2. Equal Weight,-0.0002478988523046935
2017-02-23,2. Equal Weight,-0.009858000996859705
2017-02-24,2. Equal Weight,-0.008774660051024582
2017-02-27,2. Equal Weight,-0.009025127078443388
2017-02-28,2. Equal Weight,-0.011732406732079379
2017-03-01,2. Equal Weight,0.0
2017-03-02,2. Equal Weight,-0.00682695036986014
2017-03-03,2. Equal Weight,-0.005921228982248691
2017-03-06,2. Equal Weight,-0.008013690870014495
2017-03-07,2. Equal Weight,-0.0094983077701286
2017-03-08,2. Equal Weight,-0.01025646236476721
2017-03-09,2. Equal Weight,-0.00855784150710591
2017-03-10,2. Equal Weight,-0.006507054115219793
2017-03-13,2. Equal Weight,-0.0022749022885506258
2017-03-14,2. Equal Weight,-0.00023277529278674004
2017-03-15,2. Equal Weight,0.0
2017-03-16,2. Equal Weight,0.0
2017-03-17,2. Equal Weight,-0.0007420434233209433
2017-03-20,2. Equal Weight,0.0
2017-03-21,2. Equal Weight,-0.016913998409053516
2017-03-22,2. Equal Weight,-0.012053366490807136
2017-03-23,2. Equal Weight,-0.013985749859955814
2017-03-24,2. Equal Weight,-0.012893032516122315
2017-03-27,2. Equal Weight,-0.00977746995259026
2017-03-28,2. Equal Weight,-0.0021741083488016223
2017-03-29,2. Equal Weight,-0.0006722645498966963
2017-03-30,2. Equal Weight,0.0
2017-03-31,2. Equal Weight,-0.002638496105065348
2017-04-03,2. Equal Weight,0.0
2017-04-04,2. Equal Weight,-0.0032565258225971637
2017-04-05,2. Equal Weight,-0.008239098460212946
2017-04-06,2. Equal Weight,-0.007251162493384425
2017-04-07,2. Equal Weight,-0.007916732890447899
2017-04-10,2. Equal Weight,-0.006457247263610218
2017-04-11,2. Equal Weight,-0.00835227074128913
2017-04-12,2. Equal Weight,-0.01289241691405992
2017-04-13,2. Equal Weight,-0.01690180086911005
2017-04-17,2. Equal Weight,-0.005629097391979467
2017-04-18,2. Equal Weight,-0.009124134978281719
2017-04-19,2. Equal Weight,-0.011459990213620205
2017-04-20,2. Equal Weight,-0.0038231278569700374
2017-04-21,2. Equal Weight,-0.004070151905927085
2017-04-24,2. Equal Weight,0.0
2017-04-25,2. Equal Weight,0.0
2017-04-26,2. Equal Weight,-0.002547229722275462
2017-04-27,2. Equal Weight,0.0
2017-04-28,2. Equal Weight,0.0
2017-05-01,2. Equal Weight,0.0
2017-05-02,2. Equal Weight,-0.0010958815210679602
2017-05-03,2. Equal Weight,-0.0034416618074876847
2017-05-04,2. Equal Weight,-0.006267363320522184
2017-05-05,2. Equal Weight,-0.003213717642160579
2017-05-08,2. Equal Weight,-0.000618915269991669
2017-05-09,2. Equal Weight,0.0
2017-05-10,2. Equal Weight,0.0
2017-05-11,2. Equal Weight,0.0
2017-05-12,2. Equal Weight,0.0
2017-05-15,2. Equal Weight,0.0
2017-05-16,2. Equal Weight,0.0
2017-05-17,2. Equal Weight,-0.025749806627271044
2017-05-18,2. Equal Weight,-0.016343682865610092
2017-05-19,2. Equal Weight,-0.01001327432239983
2017-05-22,2. Equal Weight,-0.005692372704038236
2017-05-23,2. Equal Weight,-0.005729371602293937
2017-05-24,2. Equal Weight,-0.0007816787337877909
2017-05-25,2. Equal Weight,0.0
2017-05-26,2. Equal Weight,0.0
2017-05-30,2. Equal Weight,0.0
2017-05-31,2. Equal Weight,-0.0011251068134936848
2017-06-01,2. Equal Weight,0.0
2017-06-02,2. Equal Weight,0.0
2017-06-05,2. Equal Weight,0.0
2017-06-06,2. Equal Weight,-0.0018973234410329953
2017-06-07,2. Equal Weight,0.0
2017-06-08,2. Equal Weight,0.0
2017-06-09,2. Equal Weight,-0.013964507061594925
2017-06-12,2. Equal Weight,-0.01890766883352432
2017-06-13,2. Equal Weight,-0.00987506485953121
2017-06-14,2. Equal Weight,-0.008759344164285105
2017-06-15,2. Equal Weight,-0.012955009345745104
2017-06-16,2. Equal Weight,-0.014430439571992677
2017-06-19,2. Equal Weight,-0.003672486638200362
2017-06-20,2. Equal Weight,-0.007610916388865466
2017-06-21,2. Equal Weight,-0.0033186665216635176
2017-06-22,2. Equal Weight,-0.004741574761876734
2017-06-23,2. Equal Weight,-0.004287514680050564
2017-06-26,2. Equal Weight,-0.008069913890558784
2017-06-27,2. Equal Weight,-0.020882945430624057
2017-06-28,2. Equal Weight,-0.007269817822900258
2017-06-29,2. Equal Weight,-0.020808482405174706
2017-06-30,2. Equal Weight,-0.022332845687881034
2017-07-03,2. Equal Weight,-0.02753503170136041
2017-07-05,2. Equal Weight,-0.02712913907243995
2017-07-06,2. Equal Weight,-0.037108325091645654
2017-07-07,2. Equal Weight,-0.028280200726772675
2017-07-10,2. Equal Weight,-0.0218698468844287
2017-07-11,2. Equal Weight,-0.017727159066140703
2017-07-12,2. Equal Weight,-0.0070165384951956815
2017-07-13,2. Equal Weight,-0.0069508329455805675
2017-07-14,2. Equal Weight,0.0
2017-07-17,2. Equal Weight,-0.0019401099657195896
2017-07-18,2. Equal Weight,0.0
2017-07-19,2. Equal Weight,0.0
2017-07-20,2. Equal Weight,0.0
2017-07-21,2. Equal Weight,0.0
2017-07-24,2. Equal Weight,0.0
2017-07-25,2. Equal Weight,0.0
2017-07-26,2. Equal Weight,0.0
2017-07-27,2. Equal Weight,-0.00630853389353815
2017-07-28,2. Equal Weight,-0.006316628779979312
2017-07-31,2. Equal Weight,-0.012099140325274474
2017-08-01,2. Equal Weight,-0.0074518008046177845
2017-08-02,2. Equal Weight,-0.004455457903091707
2017-08-03,2. Equal Weight,-0.001267787930885532
2017-08-04,2. Equal Weight,0.0
2017-08-07,2. Equal Weight,0.0
2017-08-08,2. Equal Weight,-0.00028531352991391113
2017-08-09,2. Equal Weight,-0.0018555211417476119
2017-08-10,2. Equal Weight,-0.020857447785981326
2017-08-11,2. Equal Weight,-0.022800824071951203
2017-08-14,2. Equal Weight,-0.007797900359216098
2017-08-15,2. Equal Weight,-0.009114584737473239
2017-08-16,2. Equal Weight,-0.008957163541124694
2017-08-17,2. Equal Weight,-0.02548611689315914
2017-08-18,2. Equal Weight,-0.027493521232589226
2017-08-21,2. Equal Weight,-0.029864261279716267
2017-08-22,2. Equal Weight,-0.01834060594953539
2017-08-23,2. Equal Weight,-0.017656255962345088
2017-08-24,2. Equal Weight,-0.020677146221030816
2017-08-25,2. Equal Weight,-0.02259574020887593
2017-08-28,2. Equal Weight,-0.020891739843025076
2017-08-29,2. Equal Weight,-0.01912509747036143
2017-08-30,2. Equal Weight,-0.013391026212995
2017-08-31,2. Equal Weight,-0.008390470309335063
2017-09-01,2. Equal Weight,-0.007020158405972868
2017-09-05,2. Equal Weight,-0.015240500106518085
2017-09-06,2. Equal Weight,-0.011245863702162703
2017-09-07,2. Equal Weight,-0.008409407661969006
2017-09-08,2. Equal Weight,-0.015563577197165753
2017-09-11,2. Equal Weight,0.0
2017-09-12,2. Equal Weight,0.0
2017-09-13,2. Equal Weight,0.0
2017-09-14,2. Equal Weight,-0.00035839278934636195
2017-09-15,2. Equal Weight,0.0
2017-09-18,2. Equal Weight,0.0
2017-09-19,2. Equal Weight,0.0
2017-09-20,2. Equal Weight,-0.00025235173207686137
2017-09-21,2. Equal Weight,-0.007079704538829038
2017-09-22,2. Equal Weight,-0.013116162332091204
2017-09-25,2. Equal Weight,-0.02808018453847153
2017-09-26,2. Equal Weight,-0.026873849470409425
2017-09-27,2. Equal Weight,-0.020013638312359788
2017-09-28,2. Equal Weight,-0.01904125958288589
2017-09-29,2. Equal Weight,-0.014082660454172015
2017-10-02,2. Equal Weight,-0.01268738297269498
2017-10-03,2. Equal Weight,-0.006972559805468321
2017-10-04,2. Equal Weight,-0.004658594650141911
2017-10-05,2. Equal Weight,0.0
2017-10-06,2. Equal Weight,0.0
2017-10-09,2. Equal Weight,-0.00025718406011835293
2017-10-10,2. Equal Weight,0.0
2017-10-11,2. Equal Weight,0.0
2017-10-12,2. Equal Weight,-0.0009713995189940846
2017-10-13,2. Equal Weight,0.0
2017-10-16,2. Equal Weight,0.0
2017-10-17,2. Equal Weight,0.0
2017-10-18,2. Equal Weight,-0.0007692320342310216
2017-10-19,2. Equal Weight,-0.004200884328820833
2017-10-20,2. Equal Weight,-0.0033991280071763758
2017-10-23,2. Equal Weight,-0.007544124907519591
2017-10-24,2. Equal Weight,-0.0029741488207638824
2017-10-25,2. Equal Weight,-0.008541339481752877
2017-10-26,2. Equal Weight,-0.005030990001598535
2017-10-27,2. Equal Weight,0.0
2017-10-30,2. Equal Weight,-0.0005910639808133803
2017-10-31,2. Equal Weight,-0.0007769661449382996
2017-11-01,2. Equal Weight,0.0
2017-11-02,2. Equal Weight,-0.0038489611980593984
2017-11-03,2. Equal Weight,0.0
2017-11-06,2. Equal Weight,0.0
2017-11-07,2. Equal Weight,0.0
2017-11-08,2. Equal Weight,0.0
2017-11-09,2. Equal Weight,-0.0033640919884646327
2017-11-10,2. Equal Weight,-0.0010545743270292556
2017-11-13,2. Equal Weight,0.0
2017-11-14,2. Equal Weight,-0.0008392344395121835
2017-11-15,2. Equal Weight,-0.007323970304708331
2017-11-16,2. Equal Weight,0.0
2017-11-17,2. Equal Weight,-0.006867367633293106
2017-11-20,2. Equal Weight,-0.006076310837974173
2017-11-21,2. Equal Weight,0.0
2017-11-22,2. Equal Weight,-0.002247261804197266
2017-11-24,2. Equal Weight,0.0
2017-11-27,2. Equal Weight,0.0
2017-11-28,2. Equal Weight,0.0
2017-11-29,2. Equal Weight,-0.013349624048921304
2017-11-30,2. Equal Weight,-0.006351638727022562
2017-12-01,2. Equal Weight,-0.009239760520917963
2017-12-04,2. Equal Weight,-0.014770774005251357
2017-12-05,2. Equal Weight,-0.015512440650523995
2017-12-06,2. Equal Weight,-0.012264795620910202
2017-12-07,2. Equal Weight,-0.010209497102886794
2017-12-08,2. Equal Weight,-0.006097089785895031
2017-12-11,2. Equal Weight,0.0
2017-12-12,2. Equal Weight,0.0
2017-12-13,2. Equal Weight,0.0
2017-12-14,2. Equal Weight,0.0
2017-12-15,2. Equal Weight,0.0
2017-12-18,2. Equal Weight,0.0
2017-12-19,2. Equal Weight,-0.004515667950273714
2017-12-20,2. Equal Weight,-0.007244206587519557
2017-12-21,2. Equal Weight,-0.00648687834222361
2017-12-22,2. Equal Weight,-0.008014099976705638
2017-12-26,2. Equal Weight,-0.009305604265467823
2017-12-27,2. Equal Weight,-0.009495312632354008
2017-12-28,2. Equal Weight,-0.00657092753799091
2017-12-29,2. Equal Weight,-0.012471886530441432
2018-01-02,2. Equal Weight,-0.0003726326637964339
2018-01-03,2. Equal Weight,0.0
2018-01-04,2. Equal Weight,0.0
2018-01-05,2. Equal Weight,0.0
2018-01-08,2. Equal Weight,0.0
2018-01-09,2. Equal Weight,-0.00055273590363294
2018-01-10,2. Equal Weight,-0.00025858050304772956
2018-01-11,2. Equal Weight,0.0
2018-01-12,2. Equal Weight,0.0
2018-01-16,2. Equal Weight,-0.0013397664629906058
2018-01-17,2. Equal Weight,0.0
2018-01-18,2. Equal Weight,0.0
2018-01-19,2. Equal Weight,0.0
2018-01-22,2. Equal Weight,0.0
2018-01-23,2. Equal Weight,0.0
2018-01-24,2. Equal Weight,0.0
2018-01-25,2. Equal Weight,0.0
2018-01-26,2. Equal Weight,0.0
2018-01-29,2. Equal Weight,-0.0011630175235039038
2018-01-30,2. Equal Weight,-0.011226527980894343
2018-01-31,2. Equal Weight,-0.011725962808398492
2018-02-01,2. Equal Weight,-0.011977195882021254
2018-02-02,2. Equal Weight,-0.031041387999457278
2018-02-05,2. Equal Weight,-0.0750552180047456
2018-02-06,2. Equal Weight,-0.052449671750575896
2018-02-07,2. Equal Weight,-0.056988838516315685
2018-02-08,2. Equal Weight,-0.09775743409854873
2018-02-09,2. Equal Weight,-0.08430696714214793
2018-02-12,2. Equal Weight,-0.07148200438396378
2018-02-13,2. Equal Weight,-0.06591965670404624
2018-02-14,2. Equal Weight,-0.05262513015158689
2018-02-15,2. Equal Weight,-0.03755353771765996
2018-02-16,2. Equal Weight,-0.03683657330982922
2018-02-20,2. Equal Weight,-0.04357650466933024
2018-02-21,2. Equal Weight,-0.05054460367455388
2018-02-22,2. Equal Weight,-0.046558844056108065
2018-02-23,2. Equal Weight,-0.03089421680935707
2018-02-26,2. Equal Weight,-0.018781875036231608
2018-02-27,2. Equal Weight,-0.03158760364266502
2018-02-28,2. Equal Weight,-0.04210720483948589
2018-03-01,2. Equal Weight,-0.05669533098520956
2018-03-02,2. Equal Weight,-0.04917785240668693
2018-03-05,2. Equal Weight,-0.03754791482361773
2018-03-06,2. Equal Weight,-0.03545961462237703
2018-03-07,2. Equal Weight,-0.03675836385254693
2018-03-08,2. Equal Weight,-0.033988823808114334
2018-03-09,2. Equal Weight,-0.017287934780019276
2018-03-12,2. Equal Weight,-0.016507695190139476
2018-03-13,2. Equal Weight,-0.025384594598006106
2018-03-14,2. Equal Weight,-0.03021787201094604
2018-03-15,2. Equal Weight,-0.029336302613132494
2018-03-16,2. Equal Weight,-0.02821067910254619
2018-03-19,2. Equal Weight,-0.045846229096650655
2018-03-20,2. Equal Weight,-0.041302080112995326
2018-03-21,2. Equal Weight,-0.04365143458698676
2018-03-22,2. Equal Weight,-0.06682181471041072
2018-03-23,2. Equal Weight,-0.08940166786169583
2018-03-26,2. Equal Weight,-0.06072673923734118
2018-03-27,2. Equal Weight,-0.08832001859046337
2018-03-28,2. Equal Weight,-0.09803550936589174
2018-03-29,2. Equal Weight,-0.07924586998874088
2018-04-02,2. Equal Weight,-0.10508136147001322
2018-04-03,2. Equal Weight,-0.0921013715943727
2018-04-04,2. Equal Weight,-0.07906980707312618
2018-04-05,2. Equal Weight,-0.06960554968641838
2018-04-06,2. Equal Weight,-0.08961109417920128
2018-04-09,2. Equal Weight,-0.08789587024657419
2018-04-10,2. Equal Weight,-0.06853147330706713
2018-04-11,2. Equal Weight,-0.07319693874933583
2018-04-12,2. Equal Weight,-0.06501667947028728
2018-04-13,2. Equal Weight,-0.06673411387035538
2018-04-16,2. Equal Weight,-0.06445182243536791
2018-04-17,2. Equal Weight,-0.04771920151208069
2018-04-18,2. Equal Weight,-0.04782825644720495
2018-04-19,2. Equal Weight,-0.04891547700824268
2018-04-20,2. Equal Weight,-0.05866898563766713
2018-04-23,2. Equal Weight,-0.06365575611853808
2018-04-24,2. Equal Weight,-0.07902230597591293
2018-04-25,2. Equal Weight,-0.08039759411206523
2018-04-26,2. Equal Weight,-0.06042791147363262
2018-04-27,2. Equal Weight,-0.060138346489045716
2018-04-30,2. Equal Weight,-0.06231733728705238
2018-05-01,2. Equal Weight,-0.05972577668050868
2018-05-02,2. Equal Weight,-0.06186227149088876
2018-05-03,2. Equal Weight,-0.06499363883333877
2018-05-04,2. Equal Weight,-0.05071101602387977
2018-05-07,2. Equal Weight,-0.043015737702444753
2018-05-08,2. Equal Weight,-0.04129857489864736
2018-05-09,2. Equal Weight,-0.03214412653988135
2018-05-10,2. Equal Weight,-0.02460228337230834
2018-05-11,2. Equal Weight,-0.024836971029052787
2018-05-14,2. Equal Weight,-0.024507832695601264
2018-05-15,2. Equal Weight,-0.03331128240371854
2018-05-16,2. Equal Weight,-0.030396992350555013
2018-05-17,2. Equal Weight,-0.03426881852959743
2018-05-18,2. Equal Weight,-0.03964900352845333
2018-05-21,2. Equal Weight,-0.031154940273730156
2018-05-22,2. Equal Weight,-0.034793621169641534
2018-05-23,2. Equal Weight,-0.02722626807924528
2018-05-24,2. Equal Weight,-0.030073190992862715
2018-05-25,2. Equal Weight,-0.031046485562835107
2018-05-29,2. Equal Weight,-0.039020974459142606
2018-05-30,2. Equal Weight,-0.026540750516964213
2018-05-31,2. Equal Weight,-0.030778812014625897
2018-06-01,2. Equal Weight,-0.017765231707824927
2018-06-04,2. Equal Weight,-0.0077245059945832036
2018-06-05,2. Equal Weight,-0.007008936533937166
2018-06-06,2. Equal Weight,0.0
2018-06-07,2. Equal Weight,-0.004022935670069037
2018-06-08,2. Equal Weight,-0.0007576686525216896
2018-06-11,2. Equal Weight,0.0
2018-06-12,2. Equal Weight,0.0
2018-06-13,2. Equal Weight,0.0
2018-06-14,2. Equal Weight,0.0
2018-06-15,2. Equal Weight,-0.001422620584960366
2018-06-18,2. Equal Weight,0.0
2018-06-19,2. Equal Weight,-0.0021029178365471043
2018-06-20,2. Equal Weight,0.0
2018-06-21,2. Equal Weight,-0.006506850476106931
2018-06-22,2. Equal Weight,-0.01031802089051516
2018-06-25,2. Equal Weight,-0.030627370928502234
2018-06-26,2. Equal Weight,-0.022139174895248345
2018-06-27,2. Equal Weight,-0.03154159764250112
2018-06-28,2. Equal Weight,-0.021608879269106814
2018-06-29,2. Equal Weight,-0.02572721570733987
2018-07-02,2. Equal Weight,-0.02154568281470038
2018-07-03,2. Equal Weight,-0.03366753973518997
2018-07-05,2. Equal Weight,-0.02237267439669803
2018-07-06,2. Equal Weight,-0.014672611543034663
2018-07-09,2. Equal Weight,-0.002623031240154908
2018-07-10,2. Equal Weight,0.0
2018-07-11,2. Equal Weight,-0.001656058693972938
2018-07-12,2. Equal Weight,0.0
2018-07-13,2. Equal Weight,-0.002082695517364546
2018-07-16,2. Equal Weight,-0.0007537752109255285
2018-07-17,2. Equal Weight,0.0
2018-07-18,2. Equal Weight,-0.0010306395559829633
2018-07-19,2. Equal Weight,-0.00877751602539875
2018-07-20,2. Equal Weight,-0.007883736232773286
2018-07-23,2. Equal Weight,-0.006888066658501786
2018-07-24,2. Equal Weight,-0.0012298719060212884
2018-07-25,2. Equal Weight,0.0
2018-07-26,2. Equal Weight,-0.011754938421137808
2018-07-27,2. Equal Weight,-0.020785651132418568
2018-07-30,2. Equal Weight,-0.034075584364237375
2018-07-31,2. Equal Weight,-0.030123727131273592
2018-08-01,2. Equal Weight,-0.02477187127962664
2018-08-02,2. Equal Weight,-0.011757001027753136
2018-08-03,2. Equal Weight,-0.007952408032218004
2018-08-06,2. Equal Weight,-0.0019737459735756978
2018-08-07,2. Equal Weight,0.0
2018-08-08,2. Equal Weight,-7.266188495908545e-05
2018-08-09,2. Equal Weight,-0.0038432640736217904
2018-08-10,2. Equal Weight,-0.009681949093351037
2018-08-13,2. Equal Weight,-0.01386307482872666
2018-08-14,2. Equal Weight,-0.010793261629907793
2018-08-15,2. Equal Weight,-0.02000587289940462
2018-08-16,2. Equal Weight,-0.013476582120581755
2018-08-17,2. Equal Weight,-0.018944876764078248
2018-08-20,2. Equal Weight,-0.015494257736813554
2018-08-21,2. Equal Weight,-0.011462515810859183
2018-08-22,2. Equal Weight,-0.006887610866326639
2018-08-23,2. Equal Weight,-0.0073193795159469015
2018-08-24,2. Equal Weight,0.0
2018-08-27,2. Equal Weight,0.0
2018-08-28,2. Equal Weight,0.0
2018-08-29,2. Equal Weight,0.0
2018-08-30,2. Equal Weight,-0.0010121827163621538
2018-08-31,2. Equal Weight,-0.0017502024690394604
2018-09-04,2. Equal Weight,-0.003338688049073531
2018-09-05,2. Equal Weight,-0.01620498298323524
2018-09-06,2. Equal Weight,-0.019245560316787973
2018-09-07,2. Equal Weight,-0.02205829755082027
2018-09-10,2. Equal Weight,-0.01733170036528385
2018-09-11,2. Equal Weight,-0.009276953948876373
2018-09-12,2. Equal Weight,-0.008088746787811027
2018-09-13,2. Equal Weight,-0.005254143172331333
2018-09-14,2. Equal Weight,-0.005148458376584787
2018-09-17,2. Equal Weight,-0.014125575362849014
2018-09-18,2. Equal Weight,-0.007242777561821278
2018-09-19,2. Equal Weight,-0.003473728731143542
2018-09-20,2. Equal Weight,0.0
2018-09-21,2. Equal Weight,-0.003379476335428298
2018-09-24,2. Equal Weight,-0.001872123469295683
2018-09-25,2. Equal Weight,-0.00022426369086821354
2018-09-26,2. Equal Weight,0.0
2018-09-27,2. Equal Weight,0.0
2018-09-28,2. Equal Weight,-0.005902815116914668
2018-10-01,2. Equal Weight,0.0
2018-10-02,2. Equal Weight,-0.003714932801859726
2018-10-03,2. Equal Weight,-0.004581341657587816
2018-10-04,2. Equal Weight,-0.02064966598428603
2018-10-05,2. Equal Weight,-0.03330855671836793
2018-10-08,2. Equal Weight,-0.03721668919725369
2018-10-09,2. Equal Weight,-0.0322424309571828
2018-10-10,2. Equal Weight,-0.070773866211165
2018-10-11,2. Equal Weight,-0.0889078369786775
2018-10-12,2. Equal Weight,-0.06724776159037625
2018-10-15,2. Equal Weight,-0.07838191265619086
2018-10-16,2. Equal Weight,-0.05328931665160236
2018-10-17,2. Equal Weight,-0.048351838418885684
2018-10-18,2. Equal Weight,-0.06741403313852032
2018-10-19,2. Equal Weight,-0.06605212800205872
2018-10-22,2. Equal Weight,-0.06730116315884022
2018-10-23,2. Equal Weight,-0.06773238079434567
2018-10-24,2. Equal Weight,-0.10231380034233763
2018-10-25,2. Equal Weight,-0.07451053757586511
2018-10-26,2. Equal Weight,-0.09439106055209677
2018-10-29,2. Equal Weight,-0.10860942428206537
2018-10-30,2. Equal Weight,-0.09920617717159691
2018-10-31,2. Equal Weight,-0.07944457345765957
2018-11-01,2. Equal Weight,-0.06573057244203541
2018-11-02,2. Equal Weight,-0.07322683786457201
2018-11-05,2. Equal Weight,-0.07204237985519756
2018-11-06,2. Equal Weight,-0.06919336490477913
2018-11-07,2. Equal Weight,-0.044952705264685325
2018-11-08,2. Equal Weight,-0.04979561277801285
2018-11-09,2. Equal Weight,-0.058607586014619836
2018-11-12,2. Equal Weight,-0.08301521277116837
2018-11-13,2. Equal Weight,-0.0826385851386466
2018-11-14,2. Equal Weight,-0.09017862601122274
2018-11-15,2. Equal Weight,-0.08117714418479959
2018-11-16,2. Equal Weight,-0.0908059864298846
2018-11-19,2. Equal Weight,-0.11235201232576945
2018-11-20,2. Equal Weight,-0.126953879382958
2018-11-21,2. Equal Weight,-0.12927335472349044
2018-11-23,2. Equal Weight,-0.13766813565517008
2018-11-26,2. Equal Weight,-0.11918442211787272
2018-11-27,2. Equal Weight,-0.11415729863853809
2018-11-28,2. Equal Weight,-0.08806678359647041
2018-11-29,2. Equal Weight,-0.09204632048469874
2018-11-30,2. Equal Weight,-0.08116923852770627
2018-12-03,2. Equal Weight,-0.06824668894878166
2018-12-04,2. Equal Weight,-0.09926926080539157
2018-12-06,2. Equal Weight,-0.09591329227299746
2018-12-07,2. Equal Weight,-0.12034554680751126
2018-12-10,2. Equal Weight,-0.11506156104625812
2018-12-11,2. Equal Weight,-0.11612416216172462
2018-12-12,2. Equal Weight,-0.11066036327776528
2018-12-13,2. Equal Weight,-0.1063844753240015
2018-12-14,2. Equal Weight,-0.12595152426115927
2018-12-17,2. Equal Weight,-0.14658361928009073
2018-12-18,2. Equal Weight,-0.14284178930826436
2018-12-19,2. Equal Weight,-0.15813378491544228
2018-12-20,2. Equal Weight,-0.17328543476612537
2018-12-21,2. Equal Weight,-0.19411028239000422
2018-12-24,2. Equal Weight,-0.21781820422876744
2018-12-26,2. Equal Weight,-0.1704738885294273
2018-12-27,2. Equal Weight,-0.1657426663079238
2018-12-28,2. Equal Weight,-0.16485361649682706
2018-12-31,2. Equal Weight,-0.15600868371122506
2019-01-02,2. Equal Weight,-0.15467108561586146
2019-01-03,2. Equal Weight,-0.17658828750200148
2019-01-04,2. Equal Weight,-0.14285826516288427
2019-01-07,2. Equal Weight,-0.1312942469483061
2019-01-08,2. Equal Weight,-0.12429811406504541
2019-01-09,2. Equal Weight,-0.12083732506069873
2019-01-10,2. Equal Weight,-0.11931908239372407
2019-01-11,2. Equal Weight,-0.11691760427227613
2019-01-14,2. Equal Weight,-0.1223075524544188
2019-01-15,2. Equal Weight,-0.10808480603342094
2019-01-16,2. Equal Weight,-0.10667016914746932
2019-01-17,2. Equal Weight,-0.10232401427920391
2019-01-18,2. Equal Weight,-0.10215047858382476
2019-01-22,2. Equal Weight,-0.11731499518867147
2019-01-23,2. Equal Weight,-0.11700219327766838
2019-01-24,2. Equal Weight,-0.11557610649321116
2019-01-25,2. Equal Weight,-0.10639583002492739
2019-01-28,2. Equal Weight,-0.1182074766642854
2019-01-29,2. Equal Weight,-0.12371911093677175
2019-01-30,2. Equal Weight,-0.10548310970925989
2019-01-31,2. Equal Weight,-0.09469808830944182
2019-02-01,2. Equal Weight,-0.0935748755960141
2019-02-04,2. Equal Weight,-0.08361032901164764
2019-02-05,2. Equal Weight,-0.0775663029299214
2019-02-06,2. Equal Weight,-0.08192028373615462
2019-02-07,2. Equal Weight,-0.09288009215412114
2019-02-08,2. Equal Weight,-0.09219367818365028
2019-02-11,2. Equal Weight,-0.09375730561279028
2019-02-12,2. Equal Weight,-0.08144465365974826
2019-02-13,2. Equal Weight,-0.08037745719548665
2019-02-14,2. Equal Weight,-0.08406713091436815
2019-02-15,2. Equal Weight,-0.07646270296407835
2019-02-19,2. Equal Weight,-0.0734865022181705
2019-02-20,2. Equal Weight,-0.07497873773458968
2019-02-21,2. Equal Weight,-0.07872727627799475
2019-02-22,2. Equal Weight,-0.07066667147466597
2019-02-25,2. Equal Weight,-0.07002541423295612
2019-02-26,2. Equal Weight,-0.07014581336395537
2019-02-27,2. Equal Weight,-0.07006758459544846
2019-02-28,2. Equal Weight,-0.07046655045467323
2019-03-01,2. Equal Weight,-0.06787165108820611
2019-03-04,2. Equal Weight,-0.06920949377703935
2019-03-05,2. Equal Weight,-0.06862756882965151
2019-03-06,2. Equal Weight,-0.07175946859113448
2019-03-07,2. Equal Weight,-0.08125232711813775
2019-03-08,2. Equal Weight,-0.08239958780141003
2019-03-11,2. Equal Weight,-0.06430185934930695
2019-03-12,2. Equal Weight,-0.06226716845480233
2019-03-13,2. Equal Weight,-0.05561203944637809
2019-03-14,2. Equal Weight,-0.057619829506211424
2019-03-15,2. Equal Weight,-0.05468326623084467
2019-03-18,2. Equal Weight,-0.05336989495370178
2019-03-19,2. Equal Weight,-0.05231860782146051
2019-03-20,2. Equal Weight,-0.04849968950661001
2019-03-21,2. Equal Weight,-0.03911570135887947
2019-03-22,2. Equal Weight,-0.05876070836005749
2019-03-25,2. Equal Weight,-0.059568246490043046
2019-03-26,2. Equal Weight,-0.053113044457166726
2019-03-27,2. Equal Weight,-0.05765204231886358
2019-03-28,2. Equal Weight,-0.05379809146550616
2019-03-29,2. Equal Weight,-0.04825556254231845
2019-04-01,2. Equal Weight,-0.03496111325123664
2019-04-02,2. Equal Weight,-0.0333979085104908
2019-04-03,2. Equal Weight,-0.029407805177725958
2019-04-04,2. Equal Weight,-0.030801411929386038
2019-04-05,2. Equal Weight,-0.027475493983048518
2019-04-08,2. Equal Weight,-0.025611029251225312
2019-04-09,2. Equal Weight,-0.028228140065010454
2019-04-10,2. Equal Weight,-0.025038637746877958
2019-04-11,2. Equal Weight,-0.025401841131075104
2019-04-12,2. Equal Weight,-0.017301796561660938
2019-04-15,2. Equal Weight,-0.016638498175157793
2019-04-16,2. Equal Weight,-0.012771314762407306
2019-04-17,2. Equal Weight,-0.010114404274118258
2019-04-18,2. Equal Weight,-0.009260895827600748
2019-04-22,2. Equal Weight,-0.003900687778347759
2019-04-23,2. Equal Weight,0.0
2019-04-24,2. Equal Weight,-0.0034988513835433432
2019-04-25,2. Equal Weight,-0.0014702013489721946
2019-04-26,2. Equal Weight,0.0
2019-04-29,2. Equal Weight,0.0
2019-04-30,2. Equal Weight,-0.0005518983326316016
2019-05-01,2. Equal Weight,-0.00664135620218092
2019-05-02,2. Equal Weight,-0.008258772422669692
2019-05-03,2. Equal Weight,0.0
2019-05-06,2. Equal Weight,-0.004144590999423215
2019-05-07,2. Equal Weight,-0.021465885970351217
2019-05-08,2. Equal Weight,-0.02297800697954734
2019-05-09,2. Equal Weight,-0.028895488583502417
2019-05-10,2. Equal Weight,-0.02673688227227273
2019-05-13,2. Equal Weight,-0.0533853259972336
2019-05-14,2. Equal Weight,-0.04585224162461214
2019-05-15,2. Equal Weight,-0.0357847796917469
2019-05-16,2. Equal Weight,-0.026046902186728515
2019-05-17,2. Equal Weight,-0.03516429154659938
2019-05-20,2. Equal Weight,-0.042796855088183205
2019-05-21,2. Equal Weight,-0.03824642598584286
2019-05-22,2. Equal Weight,-0.03847839703797969
2019-05-23,2. Equal Weight,-0.05024253441439723
2019-05-24,2. Equal Weight,-0.048504320191579624
2019-05-28,2. Equal Weight,-0.05139195643088637
2019-05-29,2. Equal Weight,-0.059830248644608806
2019-05-30,2. Equal Weight,-0.05815918545564636
2019-05-31,2. Equal Weight,-0.07174240652137885
2019-06-03,2. Equal Weight,-0.08558053814160019
2019-06-04,2. Equal Weight,-0.0616466941002177
2019-06-05,2. Equal Weight,-0.05246484393603159
2019-06-06,2. Equal Weight,-0.043866332247323864
2019-06-07,2. Equal Weight,-0.031630031742573374
2019-06-10,2. Equal Weight,-0.02535768415974997
2019-06-11,2. Equal Weight,-0.024589175202169584
2019-06-12,2. Equal Weight,-0.027620212682306237
2019-06-13,2. Equal Weight,-0.0238927120490995
2019-06-14,2. Equal Weight,-0.023536978850342512
2019-06-17,2. Equal Weight,-0.017766943572072126
2019-06-18,2. Equal Weight,-0.01095591830209147
2019-06-19,2. Equal Weight,-0.0072903127306872765
2019-06-20,2. Equal Weight,0.0
2019-06-21,2. Equal Weight,-0.0007800916901152134
2019-06-24,2. Equal Weight,-0.0001670501319647261
2019-06-25,2. Equal Weight,-0.01273185942386872
2019-06-26,2. Equal Weight,-0.011196409889531132
2019-06-27,2. Equal Weight,-0.007780838234806415
2019-06-28,2. Equal Weight,-0.003658293050086286
2019-07-01,2. Equal Weight,0.0
2019-07-02,2. Equal Weight,0.0
2019-07-03,2. Equal Weight,0.0
2019-07-05,2. Equal Weight,-0.0026340362648330324
2019-07-08,2. Equal Weight,-0.006569156994624611
2019-07-09,2. Equal Weight,-0.002566146143811057
2019-07-10,2. Equal Weight,0.0
2019-07-11,2. Equal Weight,0.0
2019-07-12,2. Equal Weight,0.0
2019-07-15,2. Equal Weight,0.0
2019-07-16,2. Equal Weight,-0.004186665415182972
2019-07-17,2. Equal Weight,-0.008213847158100985
2019-07-18,2. Equal Weight,-0.01499903674796636
2019-07-19,2. Equal Weight,-0.023142792457091818
2019-07-22,2. Equal Weight,-0.01910740490237048
2019-07-23,2. Equal Weight,-0.012297443910697318
2019-07-24,2. Equal Weight,-0.0067269946493650114
2019-07-25,2. Equal Weight,-0.014095443140400763
2019-07-26,2. Equal Weight,-0.002916871121069236
2019-07-29,2. Equal Weight,-0.0051066083292388535
2019-07-30,2. Equal Weight,-0.010155963350834296
2019-07-31,2. Equal Weight,-0.02326417582887549
2019-08-01,2. Equal Weight,-0.03242879009606929
2019-08-02,2. Equal Weight,-0.03973003602421471
2019-08-05,2. Equal Weight,-0.07260656660160371
2019-08-06,2. Equal Weight,-0.05892028799662849
2019-08-07,2. Equal Weight,-0.059703962912619944
2019-08-08,2. Equal Weight,-0.039365677176403754
2019-08-09,2. Equal Weight,-0.04862771286321406
2019-08-12,2. Equal Weight,-0.06124675098770565
2019-08-13,2. Equal Weight,-0.04735256467980968
2019-08-14,2. Equal Weight,-0.0771015265559127
2019-08-15,2. Equal Weight,-0.07068655803947778
2019-08-16,2. Equal Weight,-0.05651098801858287
2019-08-19,2. Equal Weight,-0.04251540926532662
2019-08-20,2. Equal Weight,-0.05044387596665761
2019-08-21,2. Equal Weight,-0.04387580515826599
2019-08-22,2. Equal Weight,-0.044402842995148274
2019-08-23,2. Equal Weight,-0.07051721501991821
2019-08-26,2. Equal Weight,-0.05805207511936811
2019-08-27,2. Equal Weight,-0.06022377922804683
2019-08-28,2. Equal Weight,-0.05471036024072118
2019-08-29,2. Equal Weight,-0.04153895704494008
2019-08-30,2. Equal Weight,-0.042012053055186696
2019-09-03,2. Equal Weight,-0.04780531291747401
2019-09-04,2. Equal Weight,-0.037516823237766964
2019-09-05,2. Equal Weight,-0.02293083776215529
2019-09-06,2. Equal Weight,-0.02474525286624557
2019-09-09,2. Equal Weight,-0.024461458851294186
2019-09-10,2. Equal Weight,-0.02973024349806195
2019-09-11,2. Equal Weight,-0.024794581072002747
2019-09-12,2. Equal Weight,-0.018104780856997217
2019-09-13,2. Equal Weight,-0.017890816643863713
2019-09-16,2. Equal Weight,-0.025397857706843684
2019-09-17,2. Equal Weight,-0.02172275102134969
2019-09-18,2. Equal Weight,-0.022051823460222417
2019-09-19,2. Equal Weight,-0.023361433534883323
2019-09-20,2. Equal Weight,-0.03435523383084843
2019-09-23,2. Equal Weight,-0.03392308207714282
2019-09-24,2. Equal Weight,-0.045689176581196714
2019-09-25,2. Equal Weight,-0.03603553579319698
2019-09-26,2. Equal Weight,-0.037415422755754886
2019-09-27,2. Equal Weight,-0.042385873834622785
2019-09-30,2. Equal Weight,-0.03908838836956424
2019-10-01,2. Equal Weight,-0.043430248968550356
2019-10-02,2. Equal Weight,-0.05947397693087245
2019-10-03,2. Equal Weight,-0.05251910738739714
2019-10-04,2. Equal Weight,-0.03829209755163921
2019-10-07,2. Equal Weight,-0.04101783394698389
2019-10-08,2. Equal Weight,-0.05364173666903036
2019-10-09,2. Equal Weight,-0.04485910456282811
2019-10-10,2. Equal Weight,-0.03747573327694419
2019-10-11,2. Equal Weight,-0.028256034303239034
2019-10-14,2. Equal Weight,-0.02705543615329217
2019-10-15,2. Equal Weight,-0.017746677814057848
2019-10-16,2. Equal Weight,-0.017140945534525363
2019-10-17,2. Equal Weight,-0.013541667974366976
2019-10-18,2. Equal Weight,-0.025667575714734076
2019-10-21,2. Equal Weight,-0.017346316784222108
2019-10-22,2. Equal Weight,-0.025118180158399735
2019-10-23,2. Equal Weight,-0.02075585402999124
2019-10-24,2. Equal Weight,-0.010625306377857309
2019-10-25,2. Equal Weight,-0.0023993888656735586
2019-10-28,2. Equal Weight,0.0
2019-10-29,2. Equal Weight,-0.007714129459746053
2019-10-30,2. Equal Weight,-0.001247312876689039
2019-10-31,2. Equal Weight,-0.0030477274418995227
2019-11-01,2. Equal Weight,0.0
2019-11-04,2. Equal Weight,0.0
2019-11-05,2. Equal Weight,-0.004670405829342811
2019-11-06,2. Equal Weight,-0.003295149412778873
2019-11-07,2. Equal Weight,0.0
2019-11-08,2. Equal Weight,0.0
2019-11-11,2. Equal Weight,-0.0006304453332754064
2019-11-12,2. Equal Weight,0.0
2019-11-13,2. Equal Weight,0.0
2019-11-14,2. Equal Weight,0.0
2019-11-15,2. Equal Weight,0.0
2019-11-18,2. Equal Weight,0.0
2019-11-19,2. Equal Weight,-0.00038864128444442484
2019-11-20,2. Equal Weight,-0.00500949254774128
2019-11-21,2. Equal Weight,-0.004518254053930165
2019-11-22,2. Equal Weight,-0.005418736708257139
2019-11-25,2. Equal Weight,0.0
2019-11-26,2. Equal Weight,0.0
2019-11-27,2. Equal Weight,0.0
2019-11-29,2. Equal Weight,-0.0033561665600524144
2019-12-02,2. Equal Weight,-0.010918341757771014
2019-12-03,2. Equal Weight,-0.016744566175030808
2019-12-04,2. Equal Weight,-0.012980440500338081
2019-12-05,2. Equal Weight,-0.012480148018684847
2019-12-06,2. Equal Weight,-0.0037423533454602493
2019-12-09,2. Equal Weight,-0.005746863118695067
2019-12-10,2. Equal Weight,-0.0076369479259184875
2019-12-11,2. Equal Weight,-0.0039092680926866505
2019-12-12,2. Equal Weight,0.0
2019-12-13,2. Equal Weight,0.0
2019-12-16,2. Equal Weight,0.0
2019-12-17,2. Equal Weight,0.0
2019-12-18,2. Equal Weight,0.0
2019-12-19,2. Equal Weight,0.0
2019-12-20,2. Equal Weight,0.0
2019-12-23,2. Equal Weight,-0.00018311904925172358
2019-12-24,2. Equal Weight,0.0
2019-12-26,2. Equal Weight,0.0
2019-12-27,2. Equal Weight,-0.0006213154040817131
2019-12-30,2. Equal Weight,-0.010779183777596194
2019-12-31,2. Equal Weight,-0.007464058908714158
2020-01-02,2. Equal Weight,0.0
2020-01-03,2. Equal Weight,-0.008397481674024756
2020-01-06,2. Equal Weight,-0.0020167386146290353
2020-01-07,2. Equal Weight,-0.004395236658276234
2020-01-08,2. Equal Weight,0.0
2020-01-09,2. Equal Weight,0.0
2020-01-10,2. Equal Weight,-0.00217562830342599
2020-01-13,2. Equal Weight,0.0
2020-01-14,2. Equal Weight,-0.0014094774331528442
2020-01-15,2. Equal Weight,-0.001146348703907483
2020-01-16,2. Equal Weight,0.0
2020-01-17,2. Equal Weight,0.0
2020-01-21,2. Equal Weight,0.0
2020-01-22,2. Equal Weight,0.0
2020-01-23,2. Equal Weight,0.0
2020-01-24,2. Equal Weight,-0.008438410966918804
2020-01-27,2. Equal Weight,-0.023517340423946247
2020-01-28,2. Equal Weight,-0.013065131976326187
2020-01-29,2. Equal Weight,-0.010848403000708684
2020-01-30,2. Equal Weight,0.0
2020-01-31,2. Equal Weight,-0.013304846432641059
2020-02-03,2. Equal Weight,0.0
2020-02-04,2. Equal Weight,0.0
2020-02-05,2. Equal Weight,-0.009861748495258959
2020-02-06,2. Equal Weight,-0.004283477202153276
2020-02-07,2. Equal Weight,-0.007106517076844953
2020-02-10,2. Equal Weight,0.0
2020-02-11,2. Equal Weight,-0.0019534864655184757
2020-02-12,2. Equal Weight,0.0
2020-02-13,2. Equal Weight,0.0
2020-02-14,2. Equal Weight,0.0
2020-02-18,2. Equal Weight,0.0
2020-02-19,2. Equal Weight,0.0
2020-02-20,2. Equal Weight,-0.005915629845081916
2020-02-21,2. Equal Weight,-0.01891883545893772
2020-02-24,2. Equal Weight,-0.06001188819136859
2020-02-25,2. Equal Weight,-0.08902114932912976
2020-02-26,2. Equal Weight,-0.08957245739822078
2020-02-27,2. Equal Weight,-0.13692287129311986
2020-02-28,2. Equal Weight,-0.13859398815727175
2020-03-02,2. Equal Weight,-0.09294576892427768
2020-03-03,2. Equal Weight,-0.11961149326901592
2020-03-04,2. Equal Weight,-0.0855660307368566
2020-03-05,2. Equal Weight,-0.11550135218318042
2020-03-06,2. Equal Weight,-0.13087046599886773
2020-03-09,2. Equal Weight,-0.19627591424073487
2020-03-10,2. Equal Weight,-0.15125207110642536
2020-03-11,2. Equal Weight,-0.18983384281796387
2020-03-12,2. Equal Weight,-0.2665863006222336
2020-03-13,2. Equal Weight,-0.19909770014573366
2020-03-16,2. Equal Weight,-0.2937302652484829
2020-03-17,2. Equal Weight,-0.2561463775830994
2020-03-18,2. Equal Weight,-0.28612552721090145
2020-03-19,2. Equal Weight,-0.2757529222764042
2020-03-20,2. Equal Weight,-0.30730287678489576
2020-03-23,2. Equal Weight,-0.31301961656437216
2020-03-24,2. Equal Weight,-0.2517058618183011
2020-03-25,2. Equal Weight,-0.24846761481554383
2020-03-26,2. Equal Weight,-0.21380982220989023
2020-03-27,2. Equal Weight,-0.2404157149513817
2020-03-30,2. Equal Weight,-0.2125738840552479
2020-03-31,2. Equal Weight,-0.22264771380852905
2020-04-01,2. Equal Weight,-0.2540589967674569
2020-04-02,2. Equal Weight,-0.2370623586731032
2020-04-03,2. Equal Weight,-0.24494411336231975
2020-04-06,2. Equal Weight,-0.19278819226962057
2020-04-07,2. Equal Weight,-0.1972055269757133
2020-04-08,2. Equal Weight,-0.17915325144585004
2020-04-09,2. Equal Weight,-0.17046742943642082
2020-04-13,2. Equal Weight,-0.15945915284227785
2020-04-14,2. Equal Weight,-0.12636054372455513
2020-04-15,2. Equal Weight,-0.13653158051039194
2020-04-16,2. Equal Weight,-0.1303029818303838
2020-04-17,2. Equal Weight,-0.11488672924757715
2020-04-20,2. Equal Weight,-0.12893118414469354
2020-04-21,2. Equal Weight,-0.15493256975610947
2020-04-22,2. Equal Weight,-0.13408436719138334
2020-04-23,2. Equal Weight,-0.13575205346897337
2020-04-24,2. Equal Weight,-0.12482144907809163
2020-04-27,2. Equal Weight,-0.11025379354367904
2020-04-28,2. Equal Weight,-0.12345296887259692
2020-04-29,2. Equal Weight,-0.0953227381954492
2020-04-30,2. Equal Weight,-0.09750117349852047
2020-05-01,2. Equal Weight,-0.1242177022770071
2020-05-04,2. Equal Weight,-0.11141344789665085
2020-05-05,2. Equal Weight,-0.10519631321336746
2020-05-06,2. Equal Weight,-0.10351242147904807
2020-05-07,2. Equal Weight,-0.09619571585426487
2020-05-08,2. Equal Weight,-0.07994466700468286
2020-05-11,2. Equal Weight,-0.07749754475930937
2020-05-12,2. Equal Weight,-0.09482990736319045
2020-05-13,2. Equal Weight,-0.10521847272368291
2020-05-14,2. Equal Weight,-0.09274444455500189
2020-05-15,2. Equal Weight,-0.08245404820011587
2020-05-18,2. Equal Weight,-0.06122391734731218
2020-05-19,2. Equal Weight,-0.06933584084764693
2020-05-20,2. Equal Weight,-0.05349785382301541
2020-05-21,2. Equal Weight,-0.06247867040287996
2020-05-22,2. Equal Weight,-0.06244837952356537
2020-05-26,2. Equal Weight,-0.06002187039717923
2020-05-27,2. Equal Weight,-0.056112848756631535
2020-05-28,2. Equal Weight,-0.06043438031313393
2020-05-29,2. Equal Weight,-0.05255760822968331
2020-06-01,2. Equal Weight,-0.044153339774818556
2020-06-02,2. Equal Weight,-0.04000471359634368
2020-06-03,2. Equal Weight,-0.03478014479959123
2020-06-04,2. Equal Weight,-0.043616831273769516
2020-06-05,2. Equal Weight,-0.02279992721896396
2020-06-08,2. Equal Weight,-0.011363231344961332
2020-06-09,2. Equal Weight,-0.006435328978116423
2020-06-10,2. Equal Weight,0.0
2020-06-11,2. Equal Weight,-0.052218388389159306
2020-06-12,2. Equal Weight,-0.04871540535301284
2020-06-15,2. Equal Weight,-0.03658365941659517
2020-06-16,2. Equal Weight,-0.022928590840414223
2020-06-17,2. Equal Weight,-0.020822536307739083
2020-06-18,2. Equal Weight,-0.01854867791420352
2020-06-19,2. Equal Weight,-0.022317758397212
2020-06-22,2. Equal Weight,-0.011140350392094737
2020-06-23,2. Equal Weight,-0.005149051685166373
2020-06-24,2. Equal Weight,-0.030006798492563134
2020-06-25,2. Equal Weight,-0.01775224660184989
2020-06-26,2. Equal Weight,-0.04877957238719707
2020-06-29,2. Equal Weight,-0.03316473858351832
2020-06-30,2. Equal Weight,-0.033548282507763275
2020-07-01,2. Equal Weight,-0.022537301617587147
2020-07-02,2. Equal Weight,-0.01630182979534516
2020-07-06,2. Equal Weight,0.0
2020-07-07,2. Equal Weight,-0.004806376679397376
2020-07-08,2. Equal Weight,0.0
2020-07-09,2. Equal Weight,0.0
2020-07-10,2. Equal Weight,0.0
2020-07-13,2. Equal Weight,-0.011508784506300041
2020-07-14,2. Equal Weight,0.0
2020-07-15,2. Equal Weight,0.0
2020-07-16,2. Equal Weight,-0.007365091467267133
2020-07-17,2. Equal Weight,-0.011280170733505946
2020-07-20,2. Equal Weight,0.0
2020-07-21,2. Equal Weight,-0.002453370633342626
2020-07-22,2. Equal Weight,0.0
2020-07-23,2. Equal Weight,-0.017066440148115047
2020-07-24,2. Equal Weight,-0.024707410719780457
2020-07-27,2. Equal Weight,-0.013376470682957445
2020-07-28,2. Equal Weight,-0.019719151135864105
2020-07-29,2. Equal Weight,-0.010975528496375786
2020-07-30,2. Equal Weight,-0.014183971735506685
2020-07-31,2. Equal Weight,-0.008873012295648925
2020-08-03,2. Equal Weight,-0.0010144851592453754
2020-08-04,2. Equal Weight,0.0
2020-08-05,2. Equal Weight,0.0
2020-08-06,2. Equal Weight,0.0
2020-08-07,2. Equal Weight,-0.0036788770156514147
2020-08-10,2. Equal Weight,-0.005434526215298707
2020-08-11,2. Equal Weight,-0.013496988694172528
2020-08-12,2. Equal Weight,0.0
2020-08-13,2. Equal Weight,0.0
2020-08-14,2. Equal Weight,0.0
2020-08-17,2. Equal Weight,0.0
2020-08-18,2. Equal Weight,0.0
2020-08-19,2. Equal Weight,-0.005779463209045516
2020-08-20,2. Equal Weight,0.0
2020-08-21,2. Equal Weight,0.0
2020-08-24,2. Equal Weight,0.0
2020-08-25,2. Equal Weight,0.0
2020-08-26,2. Equal Weight,0.0
2020-08-27,2. Equal Weight,0.0
2020-08-28,2. Equal Weight,0.0
2020-08-31,2. Equal Weight,-0.11345378143051957
2020-09-01,2. Equal Weight,-0.10594980985522397
2020-09-02,2. Equal Weight,-0.0940323967049386
2020-09-03,2. Equal Weight,-0.12737175494042915
2020-09-04,2. Equal Weight,-0.13562686823087153
2020-09-08,2. Equal Weight,-0.1615266602992649
2020-09-09,2. Equal Weight,-0.14604923516318288
2020-09-10,2. Equal Weight,-0.1614717747738725
2020-09-11,2. Equal Weight,-0.16103580253480484
2020-09-14,2. Equal Weight,-0.15166701305963762
2020-09-15,2. Equal Weight,-0.14599806294278833
2020-09-16,2. Equal Weight,-0.15322156374275173
2020-09-17,2. Equal Weight,-0.16201599064333613
2020-09-18,2. Equal Weight,-0.16937432121768753
2020-09-21,2. Equal Weight,-0.17655728451069846
2020-09-22,2. Equal Weight,-0.169156494546935
2020-09-23,2. Equal Weight,-0.19228793026042004
2020-09-24,2. Equal Weight,-0.18855288584173988
2020-09-25,2. Equal Weight,-0.17677521893157064
2020-09-28,2. Equal Weight,-0.16483741163698098
2020-09-29,2. Equal Weight,-0.16721602313767608
2020-09-30,2. Equal Weight,-0.15905620632651765
2020-10-01,2. Equal Weight,-0.1518499522523083
2020-10-02,2. Equal Weight,-0.16499825529018974
2020-10-05,2. Equal Weight,-0.15080251327346764
2020-10-06,2. Equal Weight,-0.16349342058695313
2020-10-07,2. Equal Weight,-0.15016423437980717
2020-10-08,2. Equal Weight,-0.14323112260552232
2020-10-09,2. Equal Weight,-0.13500587645959616
2020-10-12,2. Equal Weight,-0.1220664581524925
2020-10-13,2. Equal Weight,-0.12320820292911867
2020-10-14,2. Equal Weight,-0.1329186507416806
2020-10-15,2. Equal Weight,-0.13529521109514858
2020-10-16,2. Equal Weight,-0.1361596413042579
2020-10-19,2. Equal Weight,-0.15099401654119954
2020-10-20,2. Equal Weight,-0.14620928314654807
2020-10-21,2. Equal Weight,-0.14830966799809994
2020-10-22,2. Equal Weight,-0.14424057075028185
2020-10-23,2. Equal Weight,-0.13945809952577454
2020-10-26,2. Equal Weight,-0.15563915769600492
2020-10-27,2. Equal Weight,-0.15435227762022372
2020-10-28,2. Equal Weight,-0.18844703820626083
2020-10-29,2. Equal Weight,-0.17625424319597768
2020-10-30,2. Equal Weight,-0.18897269452818322
2020-11-02,2. Equal Weight,-0.1811828239421591
2020-11-03,2. Equal Weight,-0.1668173558938337
2020-11-04,2. Equal Weight,-0.14850398355583175
2020-11-05,2. Equal Weight,-0.13293286309369742
2020-11-06,2. Equal Weight,-0.13179187198493236
2020-11-09,2. Equal Weight,-0.11517661642411064
2020-11-10,2. Equal Weight,-0.12156237014587229
2020-11-11,2. Equal Weight,-0.11611948890497312
2020-11-12,2. Equal Weight,-0.12453540444197678
2020-11-13,2. Equal Weight,-0.11601837076437285
2020-11-16,2. Equal Weight,-0.10808522706964337
2020-11-17,2. Equal Weight,-0.11382218663541
2020-11-18,2. Equal Weight,-0.12053938135571889
2020-11-19,2. Equal Weight,-0.11796167045971016
2020-11-20,2. Equal Weight,-0.12620415857680692
2020-11-23,2. Equal Weight,-0.11871978712654348
2020-11-24,2. Equal Weight,-0.10160141895496466
2020-11-25,2. Equal Weight,-0.10098141382370998
2020-11-27,2. Equal Weight,-0.09929773838476126
2020-11-30,2. Equal Weight,-0.10459886427469388
2020-12-01,2. Equal Weight,-0.09248033163640193
2020-12-02,2. Equal Weight,-0.08734594020831313
2020-12-03,2. Equal Weight,-0.09214141996611494
2020-12-04,2. Equal Weight,-0.08589918061899597
2020-12-07,2. Equal Weight,-0.08388708734567041
2020-12-08,2. Equal Weight,-0.08078273264842256
2020-12-09,2. Equal Weight,-0.09199303814072457
2020-12-10,2. Equal Weight,-0.09212351649085201
2020-12-11,2. Equal Weight,-0.08669475793198417
2020-12-14,2. Equal Weight,-0.09074038369215257
2020-12-15,2. Equal Weight,-0.084057754001586
2020-12-16,2. Equal Weight,-0.08372648646903916
2020-12-17,2. Equal Weight,-0.07807158843751694
2020-12-18,2. Equal Weight,-0.07878942604583904
2020-12-21,2. Equal Weight,-0.08124796580199893
2020-12-22,2. Equal Weight,-0.08824596759535853
2020-12-23,2. Equal Weight,-0.08640923240310747
2020-12-24,2. Equal Weight,-0.08339204155732867
2020-12-28,2. Equal Weight,-0.07206788637214226
2020-12-29,2. Equal Weight,-0.07209543059822096
2020-12-30,2. Equal Weight,-0.0694116766777686
2020-12-31,2. Equal Weight,-0.06500195885944335
2021-01-04,2. Equal Weight,-0.07446350171824162
2021-01-05,2. Equal Weight,-0.0696774619277631
2021-01-06,2. Equal Weight,-0.07255430432582827
2021-01-07,2. Equal Weight,-0.05876010888341672
2021-01-08,2. Equal Weight,-0.05293848054178486
2021-01-11,2. Equal Weight,-0.058080575133937946
2021-01-12,2. Equal Weight,-0.0595413517889321
2021-01-13,2. Equal Weight,-0.05676049876718906
2021-01-14,2. Equal Weight,-0.06628567146220882
2021-01-15,2. Equal Weight,-0.07537847720423602
2021-01-19,2. Equal Weight,-0.06885949946925146
2021-01-20,2. Equal Weight,-0.04960766667583386
2021-01-21,2. Equal Weight,-0.049454905820579015
2021-01-22,2. Equal Weight,-0.05178749925936178
2021-01-25,2. Equal Weight,-0.049243655887667354
2021-01-26,2. Equal Weight,-0.04768571432776831
2021-01-27,2. Equal Weight,-0.07668982114690993
2021-01-28,2. Equal Weight,-0.06593330067956524
2021-01-29,2. Equal Weight,-0.08492849411215142
2021-02-01,2. Equal Weight,-0.07140852086059205
2021-02-02,2. Equal Weight,-0.056686302288861797
2021-02-03,2. Equal Weight,-0.05217234182685747
2021-02-04,2. Equal Weight,-0.0403688597563268
2021-02-05,2. Equal Weight,-0.035856947252980026
2021-02-08,2. Equal Weight,-0.025432392217390788
2021-02-09,2. Equal Weight,-0.028701752762781266
2021-02-10,2. Equal Weight,-0.02709328152368161
2021-02-11,2. Equal Weight,-0.0247012423886655
2021-02-12,2. Equal Weight,-0.023722160575548764
2021-02-16,2. Equal Weight,-0.019516280920451087
2021-02-17,2. Equal Weight,-0.018718075669629113
2021-02-18,2. Equal Weight,-0.024810729067080577
2021-02-19,2. Equal Weight,-0.03119448633772383
2021-02-22,2. Equal Weight,-0.033661064897997174
2021-02-23,2. Equal Weight,-0.029757677161070348
2021-02-24,2. Equal Weight,-0.018914410768828268
2021-02-25,2. Equal Weight,-0.04373262823683575
2021-02-26,2. Equal Weight,-0.05124259057167801
2021-03-01,2. Equal Weight,-0.03061732097236904
2021-03-02,2. Equal Weight,-0.03936304331984251
2021-03-03,2. Equal Weight,-0.050219982531969444
2021-03-04,2. Equal Weight,-0.05917743979378119
2021-03-05,2. Equal Weight,-0.044413862314406534
2021-03-08,2. Equal Weight,-0.04786261192033924
2021-03-09,2. Equal Weight,-0.036413788032704154
2021-03-10,2. Equal Weight,-0.02798256574463312
2021-03-11,2. Equal Weight,-0.017217057591496093
2021-03-12,2. Equal Weight,-0.017787374766087476
2021-03-15,2. Equal Weight,-0.014849574754389765
2021-03-16,2. Equal Weight,-0.013524709969721811
2021-03-17,2. Equal Weight,-0.01122293527706679
2021-03-18,2. Equal Weight,-0.027297615932270775
2021-03-19,2. Equal Weight,-0.02901072175995416
2021-03-22,2. Equal Weight,-0.024071107676560427
2021-03-23,2. Equal Weight,-0.026872692929284608
2021-03-24,2. Equal Weight,-0.032792497057569286
2021-03-25,2. Equal Weight,-0.03176886193482543
2021-03-26,2. Equal Weight,-0.01837445229783812
2021-03-29,2. Equal Weight,-0.01558625643671232
2021-03-30,2. Equal Weight,-0.018548833826524405
2021-03-31,2. Equal Weight,-0.014583069827050847
2021-04-01,2. Equal Weight,0.0
2021-04-05,2. Equal Weight,0.0
2021-04-06,2. Equal Weight,-0.0014071013071730862
2021-04-07,2. Equal Weight,0.0
2021-04-08,2. Equal Weight,0.0
2021-04-09,2. Equal Weight,0.0
2021-04-12,2. Equal Weight,0.0
2021-04-13,2. Equal Weight,0.0
2021-04-14,2. Equal Weight,-0.005080909466559108
2021-04-15,2. Equal Weight,0.0
2021-04-16,2. Equal Weight,0.0
2021-04-19,2. Equal Weight,-0.004591012451382157
2021-04-20,2. Equal Weight,-0.012272370352565249
2021-04-21,2. Equal Weight,-0.00819665114224222
2021-04-22,2. Equal Weight,-0.020626405624207606
2021-04-23,2. Equal Weight,-0.010922575472490231
2021-04-26,2. Equal Weight,-0.009633179202429875
2021-04-27,2. Equal Weight,-0.010356797159629963
2021-04-28,2. Equal Weight,-0.006305210731741983
2021-04-29,2. Equal Weight,0.0
2021-04-30,2. Equal Weight,-0.006785629561208285
2021-05-03,2. Equal Weight,-0.005232311302174492
2021-05-04,2. Equal Weight,-0.011010534676510846
2021-05-05,2. Equal Weight,-0.012634130514318677
2021-05-06,2. Equal Weight,-0.003988137003585598
2021-05-07,2. Equal Weight,0.0
2021-05-10,2. Equal Weight,-0.012312850574547434
2021-05-11,2. Equal Weight,-0.020489986381448555
2021-05-12,2. Equal Weight,-0.03922344118187411
2021-05-13,2. Equal Weight,-0.030123432335572693
2021-05-14,2. Equal Weight,-0.018006104016127168
2021-05-17,2. Equal Weight,-0.019091115462716614
2021-05-18,2. Equal Weight,-0.026819854172528423
2021-05-19,2. Equal Weight,-0.02966500213969929
2021-05-20,2. Equal Weight,-0.018834569867660116
2021-05-21,2. Equal Weight,-0.01803354187858713
2021-05-24,2. Equal Weight,-0.0060289864342415985
2021-05-25,2. Equal Weight,-0.008204779345991495
2021-05-26,2. Equal Weight,-0.007766789853428133
2021-05-27,2. Equal Weight,-0.007401473573745625
2021-05-28,2. Equal Weight,-0.0061049999373595865
2021-06-01,2. Equal Weight,-0.005393352924458991
2021-06-02,2. Equal Weight,-0.002242270012284906
2021-06-03,2. Equal Weight,-0.0053912564731143555
2021-06-04,2. Equal Weight,0.0
2021-06-07,2. Equal Weight,0.0
2021-06-08,2. Equal Weight,-0.0020205708776109238
2021-06-09,2. Equal Weight,-0.003851534139236613
2021-06-10,2. Equal Weight,0.0
2021-06-11,2. Equal Weight,0.0
2021-06-14,2. Equal Weight,0.0
2021-06-15,2. Equal Weight,-0.004172725315739826
2021-06-16,2. Equal Weight,-0.00900530188365295
2021-06-17,2. Equal Weight,-0.0056527492573237885
2021-06-18,2. Equal Weight,-0.01784840109095437
2021-06-21,2. Equal Weight,-0.007504661959947558
2021-06-22,2. Equal Weight,0.0
2021-06-23,2. Equal Weight,0.0
2021-06-24,2. Equal Weight,0.0
2021-06-25,2. Equal Weight,0.0
2021-06-28,2. Equal Weight,0.0
2021-06-29,2. Equal Weight,-0.002421670702631974
2021-06-30,2. Equal Weight,-0.0006621652925945489
2021-07-01,2. Equal Weight,0.0
2021-07-02,2. Equal Weight,0.0
2021-07-06,2. Equal Weight,-0.003256967113189182
2021-07-07,2. Equal Weight,-0.0048433953573874195
2021-07-08,2. Equal Weight,-0.013701416572998136
2021-07-09,2. Equal Weight,-0.0026777702360299823
2021-07-12,2. Equal Weight,0.0
2021-07-13,2. Equal Weight,-0.002169987230601305
2021-07-14,2. Equal Weight,-0.0020284188439929803
2021-07-15,2. Equal Weight,-0.007249695315382337
2021-07-16,2. Equal Weight,-0.019261196674994773
2021-07-19,2. Equal Weight,-0.03322616615577336
2021-07-20,2. Equal Weight,-0.07786489859738856
2021-07-21,2. Equal Weight,-0.07117891070953264
2021-07-22,2. Equal Weight,-0.0704611524572283
2021-07-23,2. Equal Weight,-0.05857536847151589
2021-07-26,2. Equal Weight,-0.05321255349154702
2021-07-27,2. Equal Weight,-0.057633790268975055
2021-07-28,2. Equal Weight,-0.05552034001926771
2021-07-29,2. Equal Weight,-0.05498228980832389
2021-07-30,2. Equal Weight,-0.06190474877233356
2021-08-02,2. Equal Weight,-0.06454330552104982
2021-08-03,2. Equal Weight,-0.059226173452976816
2021-08-04,2. Equal Weight,-0.06247497720193236
2021-08-05,2. Equal Weight,-0.052846255412273946
2021-08-06,2. Equal Weight,-0.05087962318937346
2021-08-09,2. Equal Weight,-0.0497287800689521
2021-08-10,2. Equal Weight,-0.04510415925606731
2021-08-11,2. Equal Weight,-0.04627213021291021
2021-08-12,2. Equal Weight,-0.043672910386640604
2021-08-13,2. Equal Weight,-0.04148578247800575
2021-08-16,2. Equal Weight,-0.04047560932646826
2021-08-17,2. Equal Weight,-0.04775899211748427
2021-08-18,2. Equal Weight,-0.05632177707728524
2021-08-19,2. Equal Weight,-0.05597739639998051
2021-08-20,2. Equal Weight,-0.04898924680884596
2021-08-23,2. Equal Weight,-0.03766146231665329
2021-08-24,2. Equal Weight,-0.03853780176274782
2021-08-25,2. Equal Weight,-0.03775756278883178
2021-08-26,2. Equal Weight,-0.043490447526906464
2021-08-27,2. Equal Weight,-0.03520580502183805
2021-08-30,2. Equal Weight,-0.03168863535303899
2021-08-31,2. Equal Weight,-0.03394356182845869
2021-09-01,2. Equal Weight,-0.031817522334799904
2021-09-02,2. Equal Weight,-0.03318346237061493
2021-09-03,2. Equal Weight,-0.031989808769527346
2021-09-07,2. Equal Weight,-0.02914864069341052
2021-09-08,2. Equal Weight,-0.0293944732579225
2021-09-09,2. Equal Weight,-0.033450713660219004
2021-09-10,2. Equal Weight,-0.04061369712280562
2021-09-13,2. Equal Weight,-0.03775048239591658
2021-09-14,2. Equal Weight,-0.04424322809334169
2021-09-15,2. Equal Weight,-0.037814055450815114
2021-09-16,2. Equal Weight,-0.038591435587307134
2021-09-17,2. Equal Weight,-0.04630712929913842
2021-09-20,2. Equal Weight,-0.06435819492045912
2021-09-21,2. Equal Weight,-0.06596787906326781
2021-09-22,2. Equal Weight,-0.05720047161612403
2021-09-23,2. Equal Weight,-0.044554440894684896
2021-09-24,2. Equal Weight,-0.039934873767186164
2021-09-27,2. Equal Weight,-0.03791750429832428
2021-09-28,2. Equal Weight,-0.05486368166819708
2021-09-29,2. Equal Weight,-0.052946910307739764
2021-09-30,2. Equal Weight,-0.06260632538724865
2021-10-01,2. Equal Weight,-0.04972845794922959
2021-10-04,2. Equal Weight,-0.06349996908498788
2021-10-05,2. Equal Weight,-0.05304808574054129
2021-10-06,2. Equal Weight,-0.04802926128809346
2021-10-07,2. Equal Weight,-0.04085103242526715
2021-10-08,2. Equal Weight,-0.0404376401210108
2021-10-11,2. Equal Weight,-0.04866336909627745
2021-10-12,2. Equal Weight,-0.052982156650482566
2021-10-13,2. Equal Weight,-0.05381849441246619
2021-10-14,2. Equal Weight,-0.03936105445229016
2021-10-15,2. Equal Weight,-0.029103484425042105
2021-10-18,2. Equal Weight,-0.025558308916816933
2021-10-19,2. Equal Weight,-0.018343442045334463
2021-10-20,2. Equal Weight,-0.01807940902727174
2021-10-21,2. Equal Weight,-0.01464195378834076
2021-10-22,2. Equal Weight,-0.016011308146936104
2021-10-25,2. Equal Weight,-0.007272049045866708
2021-10-26,2. Equal Weight,-0.003831733235629072
2021-10-27,2. Equal Weight,-0.009825427814040305
2021-10-28,2. Equal Weight,-0.0033656673797691867
2021-10-29,2. Equal Weight,0.0
2021-11-01,2. Equal Weight,0.0
2021-11-02,2. Equal Weight,0.0
2021-11-03,2. Equal Weight,0.0
2021-11-04,2. Equal Weight,0.0
2021-11-05,2. Equal Weight,0.0
2021-11-08,2. Equal Weight,0.0
2021-11-09,2. Equal Weight,-0.007850688102647193
2021-11-10,2. Equal Weight,-0.010675651491256037
2021-11-11,2. Equal Weight,-0.013191049603406266
2021-11-12,2. Equal Weight,-0.007373625917953215
2021-11-15,2. Equal Weight,-0.008324111614812816
2021-11-16,2. Equal Weight,-0.003376388155110207
2021-11-17,2. Equal Weight,-0.006973919029295521
2021-11-18,2. Equal Weight,-0.0035224773071054075
2021-11-19,2. Equal Weight,-0.007606052449542629
2021-11-22,2. Equal Weight,-0.012395107077872693
2021-11-23,2. Equal Weight,-0.009318654127898797
2021-11-24,2. Equal Weight,-0.004774834107584039
2021-11-26,2. Equal Weight,-0.024009049702654117
2021-11-29,2. Equal Weight,-0.016914735433979287
2021-11-30,2. Equal Weight,-0.035167131550810304
2021-12-01,2. Equal Weight,-0.04675411418624094
2021-12-02,2. Equal Weight,-0.03743829684228747
2021-12-03,2. Equal Weight,-0.04511311830689457
2021-12-06,2. Equal Weight,-0.03436173279349579
2021-12-07,2. Equal Weight,-0.018575129893929673
2021-12-08,2. Equal Weight,-0.01739622803576249
2021-12-09,2. Equal Weight,-0.020708187301325707
2021-12-10,2. Equal Weight,-0.013661154838815604
2021-12-13,2. Equal Weight,-0.020356857188933278
2021-12-14,2. Equal Weight,-0.02329541562309763
2021-12-15,2. Equal Weight,-0.008753895443369209
2021-12-16,2. Equal Weight,-0.0135248485411388
2021-12-17,2. Equal Weight,-0.029229862819466695
2021-12-20,2. Equal Weight,-0.03677529039836776
2021-12-21,2. Equal Weight,-0.022338870766201217
2021-12-22,2. Equal Weight,-0.011594451869496048
2021-12-23,2. Equal Weight,-0.007328577308683939
2021-12-27,2. Equal Weight,0.0
2021-12-28,2. Equal Weight,-0.00039045353189853533
2021-12-29,2. Equal Weight,-0.0012366444827450328
2021-12-30,2. Equal Weight,-0.0024692102564898848
2021-12-31,2. Equal Weight,-0.005317924330212726
2022-01-03,2. Equal Weight,0.0
2022-01-04,2. Equal Weight,0.0
2022-01-05,2. Equal Weight,-0.015558095579530183
2022-01-06,2. Equal Weight,-0.01526220392121982
2022-01-07,2. Equal Weight,-0.01650101643127074
2022-01-10,2. Equal Weight,-0.019304877800743955
2022-01-11,2. Equal Weight,-0.012383119767149984
2022-01-12,2. Equal Weight,-0.009876444843504018
2022-01-13,2. Equal Weight,-0.02397230757577842
2022-01-14,2. Equal Weight,-0.027375895845941245
2022-01-18,2. Equal Weight,-0.045230337863439656
2022-01-19,2. Equal Weight,-0.04980772453259804
2022-01-20,2. Equal Weight,-0.05855007753499983
2022-01-21,2. Equal Weight,-0.08827192491958731
2022-01-24,2. Equal Weight,-0.0900605323430503
2022-01-25,2. Equal Weight,-0.09711227265294144
2022-01-26,2. Equal Weight,-0.09453236549443038
2022-01-27,2. Equal Weight,-0.09452831490308446
2022-01-28,2. Equal Weight,-0.07108118478954234
2022-01-31,2. Equal Weight,-0.05531799646303428
2022-02-01,2. Equal Weight,-0.04223758552083443
2022-02-02,2. Equal Weight,-0.03468836902583051
2022-02-03,2. Equal Weight,-0.06538442079022816
2022-02-04,2. Equal Weight,-0.05631001492083074
2022-02-07,2. Equal Weight,-0.06202269986065401
2022-02-08,2. Equal Weight,-0.05993892227112228
2022-02-09,2. Equal Weight,-0.051816778723560324
2022-02-10,2. Equal Weight,-0.06410266970376705
2022-02-11,2. Equal Weight,-0.08019471458484692
2022-02-14,2. Equal Weight,-0.08070915048919552
2022-02-15,2. Equal Weight,-0.06905290467897675
2022-02-16,2. Equal Weight,-0.06905418890614282
2022-02-17,2. Equal Weight,-0.08564528785466306
2022-02-18,2. Equal Weight,-0.09244347431124282
2022-02-22,2. Equal Weight,-0.10731180912904684
2022-02-23,2. Equal Weight,-0.12408793838691225
2022-02-24,2. Equal Weight,-0.1163313872547623
2022-02-25,2. Equal Weight,-0.09841264759840378
2022-02-28,2. Equal Weight,-0.10329710374379698
2022-03-01,2. Equal Weight,-0.11820981072975496
2022-03-02,2. Equal Weight,-0.10700713243530406
2022-03-03,2. Equal Weight,-0.11356608003791205
2022-03-04,2. Equal Weight,-0.12130368086393413
2022-03-07,2. Equal Weight,-0.1466328457858561
2022-03-08,2. Equal Weight,-0.15349368409587885
2022-03-09,2. Equal Weight,-0.13304230076041307
2022-03-10,2. Equal Weight,-0.13450884974069052
2022-03-11,2. Equal Weight,-0.14461150539385584
2022-03-14,2. Equal Weight,-0.1469479702184869
2022-03-15,2. Equal Weight,-0.13011181411038653
2022-03-16,2. Equal Weight,-0.11115963428640445
2022-03-17,2. Equal Weight,-0.09939051826874261
2022-03-18,2. Equal Weight,-0.08916334757330915
2022-03-21,2. Equal Weight,-0.09012165942137666
2022-03-22,2. Equal Weight,-0.07922458649752753
2022-03-23,2. Equal Weight,-0.09128004875440981
2022-03-24,2. Equal Weight,-0.08069119103067236
2022-03-25,2. Equal Weight,-0.0764221192678838
2022-03-28,2. Equal Weight,-0.06960106171546337
2022-03-29,2. Equal Weight,-0.059862096947670834
2022-03-30,2. Equal Weight,-0.06596133420141698
2022-03-31,2. Equal Weight,-0.08317402066438441
2022-04-01,2. Equal Weight,-0.07869737317249713
2022-04-04,2. Equal Weight,-0.06890962824503992
2022-04-05,2. Equal Weight,-0.08011286338749923
2022-04-06,2. Equal Weight,-0.09106656272363826
2022-04-07,2. Equal Weight,-0.08799921751714129
2022-04-08,2. Equal Weight,-0.08833340252814026
2022-04-11,2. Equal Weight,-0.10633518522312845
2022-04-12,2. Equal Weight,-0.10944326530800885
2022-04-13,2. Equal Weight,-0.10022871756022862
2022-04-14,2. Equal Weight,-0.11146239026010761
2022-04-18,2. Equal Weight,-0.11101428089992615
2022-04-19,2. Equal Weight,-0.0976165087348843
2022-04-20,2. Equal Weight,-0.11236046349924311
2022-04-21,2. Equal Weight,-0.12457196839517953
2022-04-22,2. Equal Weight,-0.14606961336629798
2022-04-25,2. Equal Weight,-0.14011014992039525
2022-04-26,2. Equal Weight,-0.16374120660168753
2022-04-27,2. Equal Weight,-0.16020953078825434
2022-04-28,2. Equal Weight,-0.1354276214673337
2022-04-29,2. Equal Weight,-0.16531551921607238
2022-05-02,2. Equal Weight,-0.1586585235029583
2022-05-03,2. Equal Weight,-0.15506580761559507
2022-05-04,2. Equal Weight,-0.13066960017401646
2022-05-05,2. Equal Weight,-0.16233813949078926
2022-05-06,2. Equal Weight,-0.16682895166577175
2022-05-09,2. Equal Weight,-0.1915620981112961
2022-05-10,2. Equal Weight,-0.190775978999853
2022-05-11,2. Equal Weight,-0.2016409666984574
2022-05-12,2. Equal Weight,-0.202723064446526
2022-05-13,2. Equal Weight,-0.18504177343266512
2022-05-16,2. Equal Weight,-0.18702650781060573
2022-05-17,2. Equal Weight,-0.1766613409288027
2022-05-18,2. Equal Weight,-0.20974895097105953
2022-05-19,2. Equal Weight,-0.21550560031247865
2022-05-20,2. Equal Weight,-0.21416202533399334
2022-05-23,2. Equal Weight,-0.19353203607511354
2022-05-24,2. Equal Weight,-0.20191968097739138
2022-05-25,2. Equal Weight,-0.19472407926721227
2022-05-26,2. Equal Weight,-0.17995628392019658
2022-05-27,2. Equal Weight,-0.1632306702445145
2022-05-31,2. Equal Weight,-0.16558831189697193
2022-06-01,2. Equal Weight,-0.1722125021818272
2022-06-02,2. Equal Weight,-0.15759407107850856
2022-06-03,2. Equal Weight,-0.16999026315653587
2022-06-06,2. Equal Weight,-0.19959620635199732
2022-06-07,2. Equal Weight,-0.19179006176367663
2022-06-08,2. Equal Weight,-0.19537279965367405
2022-06-09,2. Equal Weight,-0.2156789184646063
2022-06-10,2. Equal Weight,-0.23842048977295913
2022-06-13,2. Equal Weight,-0.26602289647338206
2022-06-14,2. Equal Weight,-0.27062886489177773
2022-06-15,2. Equal Weight,-0.2605559701765159
2022-06-16,2. Equal Weight,-0.2787840173736567
2022-06-17,2. Equal Weight,-0.28250047866120825
2022-06-21,2. Equal Weight,-0.2633713153111546
2022-06-22,2. Equal Weight,-0.26486906942548794
2022-06-23,2. Equal Weight,-0.2595127027157563
2022-06-24,2. Equal Weight,-0.23752613029142164
2022-06-27,2. Equal Weight,-0.2393482003315515
2022-06-28,2. Equal Weight,-0.2547309722520818
2022-06-29,2. Equal Weight,-0.2558119957913353
2022-06-30,2. Equal Weight,-0.26316854287432906
2022-07-01,2. Equal Weight,-0.2552334127994433
2022-07-05,2. Equal Weight,-0.25303436202701524
2022-07-06,2. Equal Weight,-0.25150896181321203
2022-07-07,2. Equal Weight,-0.23907066358217302
2022-07-08,2. Equal Weight,-0.23971297320532176
2022-07-11,2. Equal Weight,-0.2486841316591409
2022-07-12,2. Equal Weight,-0.25553193824985715
2022-07-13,2. Equal Weight,-0.25755657368475166
2022-07-14,2. Equal Weight,-0.26160774577688956
2022-07-15,2. Equal Weight,-0.24628204395905293
2022-07-18,2. Equal Weight,-0.3037354722262851
2022-07-19,2. Equal Weight,-0.2882969849078548
2022-07-20,2. Equal Weight,-0.28391174065597435
2022-07-21,2. Equal Weight,-0.27776135904430727
2022-07-22,2. Equal Weight,-0.28311403917059474
2022-07-25,2. Equal Weight,-0.2802854462126844
2022-07-26,2. Equal Weight,-0.29086211177441856
2022-07-27,2. Equal Weight,-0.27610501117963826
2022-07-28,2. Equal Weight,-0.2717223218292674
2022-07-29,2. Equal Weight,-0.2720481932202982
2022-08-01,2. Equal Weight,-0.27188799454845874
2022-08-02,2. Equal Weight,-0.2782118891115517
2022-08-03,2. Equal Weight,-0.265336038991067
2022-08-04,2. Equal Weight,-0.26607363866662215
2022-08-05,2. Equal Weight,-0.2691666291625975
2022-08-08,2. Equal Weight,-0.27075779236447195
2022-08-09,2. Equal Weight,-0.2747833318322629
2022-08-10,2. Equal Weight,-0.2559587674639434
2022-08-11,2. Equal Weight,-0.2578246497994531
2022-08-12,2. Equal Weight,-0.2439228758231219
2022-08-15,2. Equal Weight,-0.23887993654065157
2022-08-16,2. Equal Weight,-0.23500672767225736
2022-08-17,2. Equal Weight,-0.2421733295874644
2022-08-18,2. Equal Weight,-0.24067653204717246
2022-08-19,2. Equal Weight,-0.25226839891921105
2022-08-22,2. Equal Weight,-0.2699797193764172
2022-08-23,2. Equal Weight,-0.27272295752622994
2022-08-24,2. Equal Weight,-0.2706924700278742
2022-08-25,2. Equal Weight,-0.2844309596235807
2022-08-26,2. Equal Weight,-0.31025989671878523
2022-08-29,2. Equal Weight,-0.3139810653730695
2022-08-30,2. Equal Weight,-0.32085434593390294
2022-08-31,2. Equal Weight,-0.32521820654341127
2022-09-01,2. Equal Weight,-0.32155956585979156
2022-09-02,2. Equal Weight,-0.3296557887856399
2022-09-06,2. Equal Weight,-0.3342801182052668
2022-09-07,2. Equal Weight,-0.322462823090628
2022-09-08,2. Equal Weight,-0.31830565694319146
2022-09-09,2. Equal Weight,-0.30659545048043757
2022-09-12,2. Equal Weight,-0.3006229227910303
2022-09-13,2. Equal Weight,-0.3339520678200252
2022-09-14,2. Equal Weight,-0.33033685952581865
2022-09-15,2. Equal Weight,-0.3361857372947881
2022-09-16,2. Equal Weight,-0.33828469025706465
2022-09-19,2. Equal Weight,-0.33405583739752803
2022-09-20,2. Equal Weight,-0.3403452252724314
2022-09-21,2. Equal Weight,-0.352339905556957
2022-09-22,2. Equal Weight,-0.35651578788760485
2022-09-23,2. Equal Weight,-0.3682204987149973
2022-09-26,2. Equal Weight,-0.37439319736623144
2022-09-27,2. Equal Weight,-0.3778546352248969
2022-09-28,2. Equal Weight,-0.3627186246022623
2022-09-29,2. Equal Weight,-0.37476367697395513
2022-09-30,2. Equal Weight,-0.3842488268904847
2022-10-03,2. Equal Weight,-0.37059907493959565
2022-10-04,2. Equal Weight,-0.35419745728752056
2022-10-05,2. Equal Weight,-0.35600452819470735
2022-10-06,2. Equal Weight,-0.36074472869811075
2022-10-07,2. Equal Weight,-0.37940623853405603
2022-10-10,2. Equal Weight,-0.3834847046017148
2022-10-11,2. Equal Weight,-0.3913790554432632
2022-10-12,2. Equal Weight,-0.39023418386908115
2022-10-13,2. Equal Weight,-0.3730209749507007
2022-10-14,2. Equal Weight,-0.38486795525373596
2022-10-17,2. Equal Weight,-0.36482639265930383
2022-10-18,2. Equal Weight,-0.3584793851782301
2022-10-19,2. Equal Weight,-0.3570521851602434
2022-10-20,2. Equal Weight,-0.36075697251280014
2022-10-21,2. Equal Weight,-0.3427272508121613
2022-10-24,2. Equal Weight,-0.3376758414534638
2022-10-25,2. Equal Weight,-0.32631648173769684
2022-10-26,2. Equal Weight,-0.32984839102600416
2022-10-27,2. Equal Weight,-0.34009620891795683
2022-10-28,2. Equal Weight,-0.326530525517989
2022-10-31,2. Equal Weight,-0.3334066133314134
2022-11-01,2. Equal Weight,-0.3353594911301788
2022-11-02,2. Equal Weight,-0.3530388352365912
2022-11-03,2. Equal Weight,-0.3617015705327604
2022-11-04,2. Equal Weight,-0.3533317783451562
2022-11-07,2. Equal Weight,-0.3464944221390963
2022-11-08,2. Equal Weight,-0.3440096123949203
2022-11-09,2. Equal Weight,-0.36238075248449736
2022-11-10,2. Equal Weight,-0.325569611707398
2022-11-11,2. Equal Weight,-0.31535949453532824
2022-11-14,2. Equal Weight,-0.3177568449743533
2022-11-15,2. Equal Weight,-0.30918492648930146
2022-11-16,2. Equal Weight,-0.3138269022445353
2022-11-17,2. Equal Weight,-0.3183143322813769
2022-11-18,2. Equal Weight,-0.318309648629795
2022-11-21,2. Equal Weight,-0.31989579877514235
2022-11-22,2. Equal Weight,-0.3108432227390042
2022-11-23,2. Equal Weight,-0.30520261671094645
2022-11-25,2. Equal Weight,-0.30622041210152445
2022-11-28,2. Equal Weight,-0.3160066318336277
2022-11-29,2. Equal Weight,-0.31888869599417075
2022-11-30,2. Equal Weight,-0.2945733253903317
2022-12-01,2. Equal Weight,-0.29195572185350943
2022-12-02,2. Equal Weight,-0.29204514477647403
2022-12-05,2. Equal Weight,-0.305418766668498
2022-12-06,2. Equal Weight,-0.32045006674820065
2022-12-07,2. Equal Weight,-0.3207674773527683
2022-12-08,2. Equal Weight,-0.314084436022017
2022-12-09,2. Equal Weight,-0.316338800804826
2022-12-12,2. Equal Weight,-0.3071141465761153
2022-12-13,2. Equal Weight,-0.3007964714202095
2022-12-14,2. Equal Weight,-0.3027193945822503
2022-12-15,2. Equal Weight,-0.3229884773187336
2022-12-16,2. Equal Weight,-0.32916540309855535
2022-12-19,2. Equal Weight,-0.3359677884269193
2022-12-20,2. Equal Weight,-0.33416253539839397
2022-12-21,2. Equal Weight,-0.32503544355101494
2022-12-22,2. Equal Weight,-0.33500749811842634
2022-12-23,2. Equal Weight,-0.33161148314122396
2022-12-27,2. Equal Weight,-0.3374640738392248
2022-12-28,2. Equal Weight,-0.34496932895965077
2022-12-29,2. Equal Weight,-0.33215003873407223
2022-12-30,2. Equal Weight,-0.33254733875707393
2023-01-03,2. Equal Weight,-0.33274947241918973
2023-01-04,2. Equal Weight,-0.32605547346427816
2023-01-05,2. Equal Weight,-0.3318261970448056
2023-01-06,2. Equal Weight,-0.31715601379652614
2023-01-09,2. Equal Weight,-0.31951330655260524
2023-01-10,2. Equal Weight,-0.31371296163709933
2023-01-11,2. Equal Weight,-0.3065030917873794
2023-01-12,2. Equal Weight,-0.30239175907874777
2023-01-13,2. Equal Weight,-0.2977823294837893
2023-01-17,2. Equal Weight,-0.30124362312962544
2023-01-18,2. Equal Weight,-0.3129767792652379
2023-01-19,2. Equal Weight,-0.3196649061207121
2023-01-20,2. Equal Weight,-0.3021817636118931
2023-01-23,2. Equal Weight,-0.29209463662641916
2023-01-24,2. Equal Weight,-0.28986447194611237
2023-01-25,2. Equal Weight,-0.2883977287584172
2023-01-26,2. Equal Weight,-0.2821885065844815
2023-01-27,2. Equal Weight,-0.2780967431987237
2023-01-30,2. Equal Weight,-0.29042310109806313
2023-01-31,2. Equal Weight,-0.2816241021749632
2023-02-01,2. Equal Weight,-0.27251119107362753
2023-02-02,2. Equal Weight,-0.2541145813569266
2023-02-03,2. Equal Weight,-0.2610609575061775
2023-02-06,2. Equal Weight,-0.26498436923228114
2023-02-07,2. Equal Weight,-0.25532333481570246
2023-02-08,2. Equal Weight,-0.2627943350097956
2023-02-09,2. Equal Weight,-0.2703961591374496
2023-02-10,2. Equal Weight,-0.27471221505346655
2023-02-13,2. Equal Weight,-0.26520497329051423
2023-02-14,2. Equal Weight,-0.2641800733777021
2023-02-15,2. Equal Weight,-0.2634129359977479
2023-02-16,2. Equal Weight,-0.2755336697637969
2023-02-17,2. Equal Weight,-0.27888721350737594
2023-02-21,2. Equal Weight,-0.293215123568948
2023-02-22,2. Equal Weight,-0.29553658222222945
2023-02-23,2. Equal Weight,-0.29034745378812843
2023-02-24,2. Equal Weight,-0.2972379259925764
2023-02-27,2. Equal Weight,-0.2953462475095026
2023-02-28,2. Equal Weight,-0.296057521699768
2023-03-01,2. Equal Weight,-0.3031945261332981
2023-03-02,2. Equal Weight,-0.2999550455869143
2023-03-03,2. Equal Weight,-0.286805795494294
2023-03-06,2. Equal Weight,-0.28568323060090034
2023-03-07,2. Equal Weight,-0.2967312483962872
2023-03-08,2. Equal Weight,-0.29620151344022777
2023-03-09,2. Equal Weight,-0.31171798674435086
2023-03-10,2. Equal Weight,-0.3181102592823485
2023-03-13,2. Equal Weight,-0.3185034673822853
2023-03-14,2. Equal Weight,-0.30562276895723806
2023-03-15,2. Equal Weight,-0.30484361379565517
2023-03-16,2. Equal Weight,-0.2936678817647023
2023-03-17,2. Equal Weight,-0.29995234002974064
2023-03-20,2. Equal Weight,-0.29554039632083895
2023-03-21,2. Equal Weight,-0.2856497454420702
2023-03-22,2. Equal Weight,-0.29592865735930896
2023-03-23,2. Equal Weight,-0.28717237860288247
2023-03-24,2. Equal Weight,-0.28543873806917786
2023-03-27,2. Equal Weight,-0.2837509131428178
2023-03-28,2. Equal Weight,-0.28709336863072266
2023-03-29,2. Equal Weight,-0.27653682544277414
2023-03-30,2. Equal Weight,-0.27211203188121824
2023-03-31,2. Equal Weight,-0.2611224208952511
2023-04-03,2. Equal Weight,-0.25541301344893397
2023-04-04,2. Equal Weight,-0.258820284832885
2023-04-05,2. Equal Weight,-0.26056220272029756
2023-04-06,2. Equal Weight,-0.25776422813292127
2023-04-10,2. Equal Weight,-0.2584476174361095
2023-04-11,2. Equal Weight,-0.2595425137293348
2023-04-12,2. Equal Weight,-0.2654468492949916
2023-04-13,2. Equal Weight,-0.25292189898343104
2023-04-14,2. Equal Weight,-0.2497932845625794
2023-04-17,2. Equal Weight,-0.2495635087045281
2023-04-18,2. Equal Weight,-0.24783598559656836
2023-04-19,2. Equal Weight,-0.2506061835619847
2023-04-20,2. Equal Weight,-0.25338121622616094
2023-04-21,2. Equal Weight,-0.2500569125701981
2023-04-24,2. Equal Weight,-0.24963167861928337
2023-04-25,2. Equal Weight,-0.26184576689866346
2023-04-26,2. Equal Weight,-0.26268417124567484
2023-04-27,2. Equal Weight,-0.24451290575602577
2023-04-28,2. Equal Weight,-0.23816810758340504
2023-05-01,2. Equal Weight,-0.23811538848355915
2023-05-02,2. Equal Weight,-0.24778166229470425
2023-05-03,2. Equal Weight,-0.25286333816340384
2023-05-04,2. Equal Weight,-0.2589904809121471
2023-05-05,2. Equal Weight,-0.24606766134846805
2023-05-08,2. Equal Weight,-0.2419998681369827
2023-05-09,2. Equal Weight,-0.2449303568610005
2023-05-10,2. Equal Weight,-0.2422046424221266
2023-05-11,2. Equal Weight,-0.24288355587438215
2023-05-12,2. Equal Weight,-0.24587957739433824
2023-05-15,2. Equal Weight,-0.24396498618308354
2023-05-16,2. Equal Weight,-0.24685648514060826
2023-05-17,2. Equal Weight,-0.23553232061010607
2023-05-18,2. Equal Weight,-0.22257425451484578
2023-05-19,2. Equal Weight,-0.22735178040316964
2023-05-22,2. Equal Weight,-0.22848637389133203
2023-05-23,2. Equal Weight,-0.23525357805672334
2023-05-24,2. Equal Weight,-0.23752533886075794
2023-05-25,2. Equal Weight,-0.2235364066827482
2023-05-26,2. Equal Weight,-0.21108619803358009
2023-05-30,2. Equal Weight,-0.2088191312361352
2023-05-31,2. Equal Weight,-0.21562510180069486
2023-06-01,2. Equal Weight,-0.20248029948311522
2023-06-02,2. Equal Weight,-0.1946464598138692
2023-06-05,2. Equal Weight,-0.19548771533532733
2023-06-06,2. Equal Weight,-0.19449022329289353
2023-06-07,2. Equal Weight,-0.20141819711502118
2023-06-08,2. Equal Weight,-0.1951882874002147
2023-06-09,2. Equal Weight,-0.19274452996107466
2023-06-12,2. Equal Weight,-0.18460690294098406
2023-06-13,2. Equal Weight,-0.17818404811694907
2023-06-14,2. Equal Weight,-0.17317381218531522
2023-06-15,2. Equal Weight,-0.16463837406328005
2023-06-16,2. Equal Weight,-0.1693453975325932
2023-06-20,2. Equal Weight,-0.16994754200583534
2023-06-21,2. Equal Weight,-0.1762256013895593
2023-06-22,2. Equal Weight,-0.17229902497377667
2023-06-23,2. Equal Weight,-0.17603244700134693
2023-06-26,2. Equal Weight,-0.18644902056398396
2023-06-27,2. Equal Weight,-0.17808312905996454
2023-06-28,2. Equal Weight,-0.178047736646786
2023-06-29,2. Equal Weight,-0.17628960822871675
2023-06-30,2. Equal Weight,-0.17651716777971027
2023-07-03,2. Equal Weight,-0.17229769307378584
2023-07-05,2. Equal Weight,-0.17085303624613665
2023-07-06,2. Equal Weight,-0.18060456289634974
2023-07-07,2. Equal Weight,-0.18444107718837
2023-07-10,2. Equal Weight,-0.18492348558021277
2023-07-11,2. Equal Weight,-0.17971144470908607
2023-07-12,2. Equal Weight,-0.1711172260765335
2023-07-13,2. Equal Weight,-0.16289586688800853
2023-07-14,2. Equal Weight,-0.16450528012582308
2023-07-17,2. Equal Weight,-0.16173728110510877
2023-07-18,2. Equal Weight,-0.1553503930864885
2023-07-19,2. Equal Weight,-0.15151106565626588
2023-07-20,2. Equal Weight,-0.16248069462908607
2023-07-21,2. Equal Weight,-0.16372275912072695
2023-07-24,2. Equal Weight,-0.15727269509229483
2023-07-25,2. Equal Weight,-0.15766553516552745
2023-07-26,2. Equal Weight,-0.15526270108525578
2023-07-27,2. Equal Weight,-0.1607258234073506
2023-07-28,2. Equal Weight,-0.1494509947377505
2023-07-31,2. Equal Weight,-0.14717552819067162
2023-08-01,2. Equal Weight,-0.15000730584314723
2023-08-02,2. Equal Weight,-0.16349864321791843
2023-08-03,2. Equal Weight,-0.16132859855310572
2023-08-04,2. Equal Weight,-0.16295628702505838
2023-08-07,2. Equal Weight,-0.15362759599889997
2023-08-08,2. Equal Weight,-0.15787648370716384
2023-08-09,2. Equal Weight,-0.16540170228741355
2023-08-10,2. Equal Weight,-0.16262951784324306
2023-08-11,2. Equal Weight,-0.1647057059442251
2023-08-14,2. Equal Weight,-0.15978546213299716
2023-08-15,2. Equal Weight,-0.17092045294769623
2023-08-16,2. Equal Weight,-0.17850921022108754
2023-08-17,2. Equal Weight,-0.18375961437977767
2023-08-18,2. Equal Weight,-0.18421130516437662
2023-08-21,2. Equal Weight,-0.17714947510445778
2023-08-22,2. Equal Weight,-0.17984209745452645
2023-08-23,2. Equal Weight,-0.17160838301609
2023-08-24,2. Equal Weight,-0.18355285589175271
2023-08-25,2. Equal Weight,-0.1780511370154529
2023-08-28,2. Equal Weight,-0.17349896182296515
2023-08-29,2. Equal Weight,-0.16057875443837277
2023-08-30,2. Equal Weight,-0.15837822339494506
2023-08-31,2. Equal Weight,-0.15969241079839916
2023-09-01,2. Equal Weight,-0.16041382031793494
2023-09-05,2. Equal Weight,-0.16117666819545276
2023-09-06,2. Equal Weight,-0.1680064025720123
2023-09-07,2. Equal Weight,-0.16909786742506058
2023-09-08,2. Equal Weight,-0.167649133528595
2023-09-11,2. Equal Weight,-0.15848288089277954
2023-09-12,2. Equal Weight,-0.16199784004502243
2023-09-13,2. Equal Weight,-0.16086452078473468
2023-09-14,2. Equal Weight,-0.15680682517574526
2023-09-15,2. Equal Weight,-0.16688686232259026
2023-09-18,2. Equal Weight,-0.16723505733943692
2023-09-19,2. Equal Weight,-0.1701238908290034
2023-09-20,2. Equal Weight,-0.1790764815199544
2023-09-21,2. Equal Weight,-0.1920914445717485
2023-09-22,2. Equal Weight,-0.19598464787298508
2023-09-25,2. Equal Weight,-0.19286956425362295
2023-09-26,2. Equal Weight,-0.2036134460501321
2023-09-27,2. Equal Weight,-0.20382880547964088
2023-09-28,2. Equal Weight,-0.19920986539246552
2023-09-29,2. Equal Weight,-0.20028800333957067
2023-10-02,2. Equal Weight,-0.19612227898091986
2023-10-03,2. Equal Weight,-0.20763572584856024
2023-10-04,2. Equal Weight,-0.20217314651685384
2023-10-05,2. Equal Weight,-0.20452059969314323
2023-10-06,2. Equal Weight,-0.1966633032271137
2023-10-09,2. Equal Weight,-0.19325242866829018
2023-10-10,2. Equal Weight,-0.1886021936296523
2023-10-11,2. Equal Weight,-0.18811606164845227
2023-10-12,2. Equal Weight,-0.19143089582274614
2023-10-13,2. Equal Weight,-0.19672184836727044
2023-10-16,2. Equal Weight,-0.1872369626780401
2023-10-17,2. Equal Weight,-0.18851773997964208
2023-10-18,2. Equal Weight,-0.2008077661805585
2023-10-19,2. Equal Weight,-0.20356650668903334
2023-10-20,2. Equal Weight,-0.21305214625215238
2023-10-23,2. Equal Weight,-0.21159263320079874
2023-10-24,2. Equal Weight,-0.20659894482771607
2023-10-25,2. Equal Weight,-0.21737698177259335
2023-10-26,2. Equal Weight,-0.2306534547618806
2023-10-27,2. Equal Weight,-0.23417981787850511
2023-10-30,2. Equal Weight,-0.22269025871832054
2023-10-31,2. Equal Weight,-0.2185005057925398
2023-11-01,2. Equal Weight,-0.20922025398731614
2023-11-02,2. Equal Weight,-0.195370778714066
2023-11-03,2. Equal Weight,-0.18861223000559083
2023-11-06,2. Equal Weight,-0.1865808021815456
2023-11-07,2. Equal Weight,-0.183259463338787
2023-11-08,2. Equal Weight,-0.1835106247501311
2023-11-09,2. Equal Weight,-0.1883930271606972
2023-11-10,2. Equal Weight,-0.17770467293502226
2023-11-13,2. Equal Weight,-0.17678162234291844
2023-11-14,2. Equal Weight,-0.1630673316522658
2023-11-15,2. Equal Weight,-0.15815105066000903
2023-11-16,2. Equal Weight,-0.15987874371473268
2023-11-17,2. Equal Weight,-0.15856462257202525
2023-11-20,2. Equal Weight,-0.15286463811182813
2023-11-21,2. Equal Weight,-0.1533044502488232
2023-11-22,2. Equal Weight,-0.15116400478570255
2023-11-24,2. Equal Weight,-0.15056517421732118
2023-11-27,2. Equal Weight,-0.15222564132975133
2023-11-28,2. Equal Weight,-0.1503297911224646
2023-11-29,2. Equal Weight,-0.15316302501959883
2023-11-30,2. Equal Weight,-0.15301725571518832
2023-12-01,2. Equal Weight,-0.15402731080616205
2023-12-04,2. Equal Weight,-0.1606150939530571
2023-12-05,2. Equal Weight,-0.15969821663887024
2023-12-06,2. Equal Weight,-0.16488986723148777
2023-12-07,2. Equal Weight,-0.15753870476897452
2023-12-08,2. Equal Weight,-0.15466621038670922
2023-12-11,2. Equal Weight,-0.15714975269351028
2023-12-12,2. Equal Weight,-0.15338592639170195
2023-12-13,2. Equal Weight,-0.14459799075617644
2023-12-14,2. Equal Weight,-0.14288104866913517
2023-12-15,2. Equal Weight,-0.14066671937424488
2023-12-18,2. Equal Weight,-0.13243192473081725
2023-12-19,2. Equal Weight,-0.12611286087635368
2023-12-20,2. Equal Weight,-0.13864035768554514
2023-12-21,2. Equal Weight,-0.13035463113416126
2023-12-22,2. Equal Weight,-0.1302622415725931
2023-12-26,2. Equal Weight,-0.12707230788618126
2023-12-27,2. Equal Weight,-0.12562316563878392
2023-12-28,2. Equal Weight,-0.1264898539686245
2023-12-29,2. Equal Weight,-0.12914812226590325
2024-01-02,2. Equal Weight,-0.13198339579710655
2024-01-03,2. Equal Weight,-0.13602490252950036
2024-01-04,2. Equal Weight,-0.13894827512899993
2024-01-05,2. Equal Weight,-0.13564644484189964
2024-01-08,2. Equal Weight,-0.12417954837514551
2024-01-09,2. Equal Weight,-0.12547527051725924
2024-01-10,2. Equal Weight,-0.11851779934057739
2024-01-11,2. Equal Weight,-0.11951845418606787
2024-01-12,2. Equal Weight,-0.11836261106465193
2024-01-16,2. Equal Weight,-0.12107181575975497
2024-01-17,2. Equal Weight,-0.12596710553106935
2024-01-18,2. Equal Weight,-0.11887782908065571
2024-01-19,2. Equal Weight,-0.10948903351090078
2024-01-22,2. Equal Weight,-0.10888550875857197
2024-01-23,2. Equal Weight,-0.10583709765088636
2024-01-24,2. Equal Weight,-0.09896538647247187
2024-01-25,2. Equal Weight,-0.09489205199323886
2024-01-26,2. Equal Weight,-0.09335887823753741
2024-01-29,2. Equal Weight,-0.08447140036700858
2024-01-30,2. Equal Weight,-0.08341898391204111
2024-01-31,2. Equal Weight,-0.09784896696502769
2024-02-01,2. Equal Weight,-0.08746586961456272
2024-02-02,2. Equal Weight,-0.06971487106291802
2024-02-05,2. Equal Weight,-0.07373827726871103
2024-02-06,2. Equal Weight,-0.07081577169645915
2024-02-07,2. Equal Weight,-0.062471456829888874
2024-02-08,2. Equal Weight,-0.05876342894751382
2024-02-09,2. Equal Weight,-0.054618226635647825
2024-02-12,2. Equal Weight,-0.054964791142099144
2024-02-13,2. Equal Weight,-0.06528538796906319
2024-02-14,2. Equal Weight,-0.05553979556144183
2024-02-15,2. Equal Weight,-0.04672937829666549
2024-02-16,2. Equal Weight,-0.05176588376294479
2024-02-20,2. Equal Weight,-0.058479355821067495
2024-02-21,2. Equal Weight,-0.05808313591506673
2024-02-22,2. Equal Weight,-0.03422888440687377
2024-02-23,2. Equal Weight,-0.03460796737874374
2024-02-26,2. Equal Weight,-0.06820973568838395
2024-02-27,2. Equal Weight,-0.06478397421328233
2024-02-28,2. Equal Weight,-0.06481449609424017
2024-02-29,2. Equal Weight,-0.06026549587231353
2024-03-01,2. Equal Weight,-0.052871896815438156
2024-03-04,2. Equal Weight,-0.05663662528827471
2024-03-05,2. Equal Weight,-0.06311783219171949
2024-03-06,2. Equal Weight,-0.06000738535668865
2024-03-07,2. Equal Weight,-0.050804378264975164
2024-03-08,2. Equal Weight,-0.05653071760543788
2024-03-11,2. Equal Weight,-0.057385549638487354
2024-03-12,2. Equal Weight,-0.043243665799607096
2024-03-13,2. Equal Weight,-0.043419678540251985
2024-03-14,2. Equal Weight,-0.04626651916701549
2024-03-15,2. Equal Weight,-0.053274589048295275
2024-03-18,2. Equal Weight,-0.04257959217699017
2024-03-19,2. Equal Weight,-0.03783114201254195
2024-03-20,2. Equal Weight,-0.02740727828581802
2024-03-21,2. Equal Weight,-0.024777406137171974
2024-03-22,2. Equal Weight,-0.025128142942468585
2024-03-25,2. Equal Weight,-0.02716662331798058
2024-03-26,2. Equal Weight,-0.029720532328000888
2024-03-27,2. Equal Weight,-0.02671243991497078
2024-03-28,2. Equal Weight,-0.02781960475586268
2024-04-01,2. Equal Weight,-0.029073362564386588
2024-04-02,2. Equal Weight,-0.03168078599945845
2024-04-03,2. Equal Weight,-0.03351373661933817
2024-04-04,2. Equal Weight,-0.044859745873580284
2024-04-05,2. Equal Weight,-0.03253822340368126
2024-04-08,2. Equal Weight,-0.033098721420080406
2024-04-09,2. Equal Weight,-0.033897397099882355
2024-04-10,2. Equal Weight,-0.0387872075903399
2024-04-11,2. Equal Weight,-0.030896472365663567
2024-04-12,2. Equal Weight,-0.04664127755777729
2024-04-15,2. Equal Weight,-0.059606803575856335
2024-04-16,2. Equal Weight,-0.06259049533729213
2024-04-17,2. Equal Weight,-0.06776316388655032
2024-04-18,2. Equal Weight,-0.06828957617778104
2024-04-19,2. Equal Weight,-0.08219455808994587
2024-04-22,2. Equal Weight,-0.07328474279735439
2024-04-23,2. Equal Weight,-0.05916315316010672
2024-04-24,2. Equal Weight,-0.061140556513661806
2024-04-25,2. Equal Weight,-0.06903507737782788
2024-04-26,2. Equal Weight,-0.0577275846623452
2024-04-29,2. Equal Weight,-0.05666595426141767
2024-04-30,2. Equal Weight,-0.07042367865430858
2024-05-01,2. Equal Weight,-0.06997631183390533
2024-05-02,2. Equal Weight,-0.05976934544884802
2024-05-03,2. Equal Weight,-0.04768178324523331
2024-05-06,2. Equal Weight,-0.0344331248823179
2024-05-07,2. Equal Weight,-0.039139237266306776
2024-05-08,2. Equal Weight,-0.037982662304639994
2024-05-09,2. Equal Weight,-0.033827376718999894
2024-05-10,2. Equal Weight,-0.03326534825826101
2024-05-13,2. Equal Weight,-0.032907999193106566
2024-05-14,2. Equal Weight,-0.030024237403764725
2024-05-15,2. Equal Weight,-0.02124243051509522
2024-05-16,2. Equal Weight,-0.021572637124877784
2024-05-17,2. Equal Weight,-0.019839509708280006
2024-05-20,2. Equal Weight,-0.022280392025066497
2024-05-21,2. Equal Weight,-0.016514824496110404
2024-05-22,2. Equal Weight,-0.019587874524513528
2024-05-23,2. Equal Weight,-0.023313957312143616
2024-05-24,2. Equal Weight,-0.013904578072622784
2024-05-28,2. Equal Weight,-0.00855936210389963
2024-05-29,2. Equal Weight,-0.0128004400694879
2024-05-30,2. Equal Weight,-0.019384782667618526
2024-05-31,2. Equal Weight,-0.019644456099882482
2024-06-03,2. Equal Weight,-0.01853432576327502
2024-06-04,2. Equal Weight,-0.016083767511171958
2024-06-05,2. Equal Weight,-0.008050451253195864
2024-06-06,2. Equal Weight,-0.006612335781714011
2024-06-07,2. Equal Weight,-0.009126573525440487
2024-06-10,2. Equal Weight,-0.05670855022629076
2024-06-11,2. Equal Weight,-0.055646909076807284
2024-06-12,2. Equal Weight,-0.05401184730319026
2024-06-13,2. Equal Weight,-0.052592685530893316
2024-06-14,2. Equal Weight,-0.05328971358459311
2024-06-17,2. Equal Weight,-0.046328568048619144
2024-06-18,2. Equal Weight,-0.04474871914737861
2024-06-20,2. Equal Weight,-0.04284372849579852
2024-06-21,2. Equal Weight,-0.041316510548858695
2024-06-24,2. Equal Weight,-0.038729168852353876
2024-06-25,2. Equal Weight,-0.03955032879706068
2024-06-26,2. Equal Weight,-0.03375303757451468
2024-06-27,2. Equal Weight,-0.03226696651788568
2024-06-28,2. Equal Weight,-0.03908624944521908
2024-07-01,2. Equal Weight,-0.03337879244088746
2024-07-02,2. Equal Weight,-0.021007117793061542
2024-07-03,2. Equal Weight,-0.015617030785917883
2024-07-05,2. Equal Weight,-0.005433745045606123
2024-07-08,2. Equal Weight,-0.00866195042031926
2024-07-09,2. Equal Weight,-0.006374839727724012
2024-07-10,2. Equal Weight,-0.0005529996533043749
2024-07-11,2. Equal Weight,-0.014863177929244034
2024-07-12,2. Equal Weight,-0.012211272525009994
2024-07-15,2. Equal Weight,-0.007130888750257709
2024-07-16,2. Equal Weight,0.0
2024-07-17,2. Equal Weight,-0.0030425151323760003
2024-07-18,2. Equal Weight,-0.011031842011723723
2024-07-19,2. Equal Weight,-0.018450265285436827
2024-07-22,2. Equal Weight,-0.013274946493869275
2024-07-23,2. Equal Weight,-0.018163993201508872
2024-07-24,2. Equal Weight,-0.039639004187980095
2024-07-25,2. Equal Weight,-0.04174125644838413
2024-07-26,2. Equal Weight,-0.03255474520667734
2024-07-29,2. Equal Weight,-0.028720412869412584
2024-07-30,2. Equal Weight,-0.02865791242732946
2024-07-31,2. Equal Weight,-0.024466574808955224
2024-08-01,2. Equal Weight,-0.029196217955449584
2024-08-02,2. Equal Weight,-0.044360450622666484
2024-08-05,2. Equal Weight,-0.07086203029368592
2024-08-06,2. Equal Weight,-0.0648427237078414
2024-08-07,2. Equal Weight,-0.07013414551032714
2024-08-08,2. Equal Weight,-0.05487405067826227
2024-08-09,2. Equal Weight,-0.05047534219818954
2024-08-12,2. Equal Weight,-0.05321182422825939
2024-08-13,2. Equal Weight,-0.04297571731613089
2024-08-14,2. Equal Weight,-0.04059353835781608
2024-08-15,2. Equal Weight,-0.024710508925352103
2024-08-16,2. Equal Weight,-0.02255105710021181
2024-08-19,2. Equal Weight,-0.014959050397590067
2024-08-20,2. Equal Weight,-0.014749910163992306
2024-08-21,2. Equal Weight,-0.011600761248670727
2024-08-22,2. Equal Weight,-0.019095757650059508
2024-08-23,2. Equal Weight,-0.0111466268660687
2024-08-26,2. Equal Weight,-0.010622120541418815
2024-08-27,2. Equal Weight,-0.012521183075779735
2024-08-28,2. Equal Weight,-0.01760878796426239
2024-08-29,2. Equal Weight,-0.01258412803402174
2024-08-30,2. Equal Weight,-0.002052245114193978
2024-09-03,2. Equal Weight,-0.013920039850114717
2024-09-04,2. Equal Weight,-0.012989889274140147
2024-09-05,2. Equal Weight,-0.012326247588836152
2024-09-06,2. Equal Weight,-0.02985589182200163
2024-09-09,2. Equal Weight,-0.01634609721900163
2024-09-10,2. Equal Weight,-0.013394862912655629
2024-09-11,2. Equal Weight,-0.010552806850651008
2024-09-12,2. Equal Weight,-0.00434551207604418
2024-09-13,2. Equal Weight,0.0
2024-09-16,2. Equal Weight,0.0
2024-09-17,2. Equal Weight,0.0
2024-09-18,2. Equal Weight,-0.0025417385966679546
2024-09-19,2. Equal Weight,0.0
2024-09-20,2. Equal Weight,-0.0005444046162813294
2024-09-23,2. Equal Weight,0.0
2024-09-24,2. Equal Weight,-0.0005160588478226203
2024-09-25,2. Equal Weight,-0.0033104749000330298
2024-09-26,2. Equal Weight,-0.004655249168107113
2024-09-27,2. Equal Weight,-0.0008886451060770747
2024-09-30,2. Equal Weight,0.0
2024-10-01,2. Equal Weight,-0.004069967804206119
2024-10-02,2. Equal Weight,-0.008024760994975526
2024-10-03,2. Equal Weight,-0.01235785811214094
2024-10-04,2. Equal Weight,-0.0015215705403259089
2024-10-07,2. Equal Weight,-0.015694495578419784
2024-10-08,2. Equal Weight,-0.008474607963631095
2024-10-09,2. Equal Weight,-0.0025286729210734753
2024-10-10,2. Equal Weight,-0.0069610161440135255
2024-10-11,2. Equal Weight,-0.0045987544073510305
2024-10-14,2. Equal Weight,-0.0005412223153191398
2024-10-15,2. Equal Weight,0.0
2024-10-16,2. Equal Weight,0.0
2024-10-17,2. Equal Weight,-0.0030032532284287577
2024-10-18,2. Equal Weight,0.0
2024-10-21,2. Equal Weight,-0.0054526437725046775
2024-10-22,2. Equal Weight,-0.003311046731386261
2024-10-23,2. Equal Weight,-0.011495046132958538
2024-10-24,2. Equal Weight,0.0
2024-10-25,2. Equal Weight,-0.0005384367001122705
2024-10-28,2. Equal Weight,0.0
2024-10-29,2. Equal Weight,-0.0027721389200015076
2024-10-30,2. Equal Weight,-0.001683702936593736
2024-10-31,2. Equal Weight,-0.01579325320845323
2024-11-01,2. Equal Weight,-0.013293741123802875
2024-11-04,2. Equal Weight,-0.017483083624316848
2024-11-05,2. Equal Weight,-0.007287171342078951
2024-11-06,2. Equal Weight,0.0
2024-11-07,2. Equal Weight,0.0
2024-11-08,2. Equal Weight,0.0
2024-11-11,2. Equal Weight,0.0
2024-11-12,2. Equal Weight,-0.004377067054588157
2024-11-13,2. Equal Weight,0.0
2024-11-14,2. Equal Weight,-0.0059829752267024855
2024-11-15,2. Equal Weight,-0.008833884988900108
2024-11-18,2. Equal Weight,-0.0004404812999462138
2024-11-19,2. Equal Weight,0.0
2024-11-20,2. Equal Weight,-0.002127301008798247
2024-11-21,2. Equal Weight,0.0
2024-11-22,2. Equal Weight,0.0
2024-11-25,2. Equal Weight,0.0
2024-11-26,2. Equal Weight,0.0
2024-11-27,2. Equal Weight,-0.0005427226221777486
2024-11-29,2. Equal Weight,0.0
2024-12-02,2. Equal Weight,0.0
2024-12-03,2. Equal Weight,-0.0011837071529193775
2024-12-04,2. Equal Weight,-0.000546861304789317
2024-12-05,2. Equal Weight,0.0
2024-12-06,2. Equal Weight,0.0
2024-12-09,2. Equal Weight,-0.006661275875807215
2024-12-10,2. Equal Weight,-0.0013056034458643442
2024-12-11,2. Equal Weight,0.0
2024-12-12,2. Equal Weight,-0.004299470722098199
2024-12-13,2. Equal Weight,-0.004162244374178921
2024-12-16,2. Equal Weight,0.0
2024-12-17,2. Equal Weight,0.0
2024-12-18,2. Equal Weight,-0.03249736221223511
2024-12-19,2. Equal Weight,-0.03241982069253875
2024-12-20,2. Equal Weight,-0.030036042630306712
2024-12-23,2. Equal Weight,-0.026063566465169608
2024-12-24,2. Equal Weight,-0.008407052542648761
2024-12-26,2. Equal Weight,-0.011619311993102501
2024-12-27,2. Equal Weight,-0.02454105764100405
2024-12-30,2. Equal Weight,-0.03678395071121423
2024-12-31,2. Equal Weight,-0.041056433565014476
2025-01-02,2. Equal Weight,-0.048875107614489585
2025-01-03,2. Equal Weight,-0.03736896668247077
2025-01-06,2. Equal Weight,-0.03401221400683402
2025-01-07,2. Equal Weight,-0.040736110449923604
2025-01-08,2. Equal Weight,-0.041874806934387214
2025-01-10,2. Equal Weight,-0.0519356246387947
2025-01-13,2. Equal Weight,-0.04985490912873807
2025-01-14,2. Equal Weight,-0.0521972333623384
2025-01-15,2. Equal Weight,-0.02920275056020518
2025-01-16,2. Equal Weight,-0.03570004885892724
2025-01-17,2. Equal Weight,-0.026132998532300167
2025-01-21,2. Equal Weight,-0.020613367703140012
2025-01-22,2. Equal Weight,-0.017221215276725654
2025-01-23,2. Equal Weight,-0.00872600990068307
2025-01-24,2. Equal Weight,-0.009844879475484389
2025-01-27,2. Equal Weight,-0.0011546315789983436
2025-01-28,2. Equal Weight,0.0
2025-01-29,2. Equal Weight,-0.001602442780237523
2025-01-30,2. Equal Weight,0.0
2025-01-31,2. Equal Weight,-0.0026737728648798882
2025-02-03,2. Equal Weight,-0.007497864104785052
2025-02-04,2. Equal Weight,0.0
2025-02-05,2. Equal Weight,-0.0027817549226723712
2025-02-06,2. Equal Weight,-0.0004165180482752961
2025-02-07,2. Equal Weight,-0.012214215784340877
2025-02-10,2. Equal Weight,-0.010075959131402025
2025-02-11,2. Equal Weight,-0.01225451290488294
2025-02-12,2. Equal Weight,-0.011167887896397001
2025-02-13,2. Equal Weight,0.0
2025-02-14,2. Equal Weight,-0.0016729812906306205
2025-02-18,2. Equal Weight,-0.005156787509181792
2025-02-19,2. Equal Weight,-0.0020711280276822777
2025-02-20,2. Equal Weight,-0.01417959601101879
2025-02-21,2. Equal Weight,-0.027074535393724945
2025-02-24,2. Equal Weight,-0.032337145189569635
2025-02-25,2. Equal Weight,-0.037713321461163095
2025-02-26,2. Equal Weight,-0.04280749859611777
2025-02-27,2. Equal Weight,-0.050510797403563276
2025-02-28,2. Equal Weight,-0.03273076898480555
2025-03-03,2. Equal Weight,-0.04419948052434365
2025-03-04,2. Equal Weight,-0.06431228152932239
2025-03-05,2. Equal Weight,-0.055829037876473905
2025-03-06,2. Equal Weight,-0.0755919534211063
2025-03-07,2. Equal Weight,-0.07747137153305604
2025-03-10,2. Equal Weight,-0.10583298970782364
2025-03-11,2. Equal Weight,-0.11258546440847378
2025-03-12,2. Equal Weight,-0.10930082791135032
2025-03-13,2. Equal Weight,-0.12556882170217176
2025-03-14,2. Equal Weight,-0.10982772491832395
2025-03-17,2. Equal Weight,-0.10562881726452229
2025-03-18,2. Equal Weight,-0.11619232992855481
2025-03-19,2. Equal Weight,-0.10477908673893835
2025-03-20,2. Equal Weight,-0.10601700236214309
2025-03-21,2. Equal Weight,-0.10072545532386419
2025-03-24,2. Equal Weight,-0.08105494215242731
2025-03-25,2. Equal Weight,-0.07676775095750667
2025-03-26,2. Equal Weight,-0.08538441203949138
2025-03-27,2. Equal Weight,-0.08364610514733418
2025-03-28,2. Equal Weight,-0.10446372027391258
2025-03-31,2. Equal Weight,-0.09709005059674641
2025-04-01,2. Equal Weight,-0.09785721425828102
2025-04-02,2. Equal Weight,-0.09103710986284673
2025-04-03,2. Equal Weight,-0.1296582990078711
2025-04-04,2. Equal Weight,-0.1809911271931703
2025-04-07,2. Equal Weight,-0.18423117850246165
2025-04-08,2. Equal Weight,-0.1976596099444812
2025-04-09,2. Equal Weight,-0.1267146167978966
2025-04-10,2. Equal Weight,-0.1540680853479846
2025-04-11,2. Equal Weight,-0.14073681953730438
2025-04-14,2. Equal Weight,-0.13536365162182165
2025-04-15,2. Equal Weight,-0.13394212240410075
2025-04-16,2. Equal Weight,-0.15185841520710075
2025-04-17,2. Equal Weight,-0.14408353286646575
2025-04-21,2. Equal Weight,-0.15928518485440557
2025-04-22,2. Equal Weight,-0.13457628940186694
2025-04-23,2. Equal Weight,-0.12364133235551625
2025-04-24,2. Equal Weight,-0.10953053817110582
2025-04-25,2. Equal Weight,-0.10088517735284155
2025-04-28,2. Equal Weight,-0.0994795921399232
2025-04-29,2. Equal Weight,-0.0918619566576925
2025-04-30,2. Equal Weight,-0.09250036047256552
2025-05-01,2. Equal Weight,-0.08813310263986486
2025-05-02,2. Equal Weight,-0.07508803509361973
2025-05-05,2. Equal Weight,-0.0821233415295469
2025-05-06,2. Equal Weight,-0.08808663046583318
2025-05-07,2. Equal Weight,-0.0814017003371704
2025-05-08,2. Equal Weight,-0.07596586793221076
2025-05-09,2. Equal Weight,-0.07505669526806405
2025-05-12,2. Equal Weight,-0.04902770397494531
2025-05-13,2. Equal Weight,-0.042265073786799244
2025-05-14,2. Equal Weight,-0.03668500985972239
2025-05-15,2. Equal Weight,-0.03277639476787901
2025-05-16,2. Equal Weight,-0.025809880691999625
2025-05-19,2. Equal Weight,-0.027504249153286753
2025-05-20,2. Equal Weight,-0.029598568093197424
2025-05-21,2. Equal Weight,-0.041517453244051566
2025-05-22,2. Equal Weight,-0.04083522525852603
2025-05-23,2. Equal Weight,-0.04616469040540841
2025-05-27,2. Equal Weight,-0.025120034612839414
2025-05-28,2. Equal Weight,-0.030434172872964762
2025-05-29,2. Equal Weight,-0.028626609408210935
2025-05-30,2. Equal Weight,-0.026210251433650533
2025-06-02,2. Equal Weight,-0.024111228291246716
2025-06-03,2. Equal Weight,-0.02334790799499044
2025-06-04,2. Equal Weight,-0.0237117726231973
2025-06-05,2. Equal Weight,-0.0380846113214997
2025-06-06,2. Equal Weight,-0.026784355032939928
2025-06-09,2. Equal Weight,-0.023375271211037597
2025-06-10,2. Equal Weight,-0.013696959848413662
2025-06-11,2. Equal Weight,-0.016598079255352793
2025-06-12,2. Equal Weight,-0.018000859450233817
2025-06-13,2. Equal Weight,-0.028501961086914145
2025-06-16,2. Equal Weight,-0.020549066412936908
2025-06-17,2. Equal Weight,-0.02866311375293945
2025-06-18,2. Equal Weight,-0.032944873554556275
2025-06-20,2. Equal Weight,-0.03403292300233554
2025-06-23,2. Equal Weight,-0.018763752721174566
2025-06-24,2. Equal Weight,-0.012026138999871224
2025-06-25,2. Equal Weight,-0.015812529233418558
2025-06-26,2. Equal Weight,-0.0084181142309238
2025-06-27,2. Equal Weight,-0.0019053180405897794
2025-06-30,2. Equal Weight,0.0
2025-07-01,2. Equal Weight,-0.0027532745382076638
2025-07-02,2. Equal Weight,0.0
2025-07-03,2. Equal Weight,0.0
2025-07-07,2. Equal Weight,-0.010218870456670748
2025-07-08,2. Equal Weight,-0.01696742021482695
2025-07-09,2. Equal Weight,-0.01358964475657739
2025-07-10,2. Equal Weight,-0.011262595046281297
2025-07-11,2. Equal Weight,-0.015274944748584113
2025-07-14,2. Equal Weight,-0.013008515409426461
2025-07-15,2. Equal Weight,-0.021028624809504435
2025-07-16,2. Equal Weight,-0.01673540428316395
2025-07-17,2. Equal Weight,-0.011352978115403893
2025-07-18,2. Equal Weight,-0.01399850811481301
2025-07-21,2. Equal Weight,-0.008341090230340414
2025-07-22,2. Equal Weight,-0.006384923705141926
2025-07-23,2. Equal Weight,-0.001888870372547543
2025-07-24,2. Equal Weight,-0.005498926920022949
2025-07-25,2. Equal Weight,-0.00221203007010674
2025-07-28,2. Equal Weight,-0.002295945069207453
2025-07-29,2. Equal Weight,-0.005153867256387221
2025-07-30,2. Equal Weight,-0.009171340167301477
2025-07-31,2. Equal Weight,-0.009648778371452331
2025-08-01,2. Equal Weight,-0.024025597604179404
2025-08-04,2. Equal Weight,-0.01146089695589815
2025-08-05,2. Equal Weight,-0.015108163791702869
2025-08-06,2. Equal Weight,-0.004086855052327341
2025-08-07,2. Equal Weight,-0.006107323842080378
2025-08-08,2. Equal Weight,0.0
2025-08-11,2. Equal Weight,0.0
2025-08-12,2. Equal Weight,0.0
2025-08-13,2. Equal Weight,0.0
2025-08-14,2. Equal Weight,0.0
2025-08-15,2. Equal Weight,-0.0028327240629124444
2025-08-18,2. Equal Weight,-0.002145257466205665
2025-08-19,2. Equal Weight,-0.004918579575326718
2025-08-20,2. Equal Weight,-0.00606642288515416
2025-08-21,2. Equal Weight,-0.012324161351657235
2025-08-22,2. Equal Weight,0.0
2025-08-25,2. Equal Weight,-0.002644649529419895
2025-08-26,2. Equal Weight,-0.0003375670822002794
2025-08-27,2. Equal Weight,0.0
2025-08-28,2. Equal Weight,0.0
2025-08-29,2. Equal Weight,-0.00261772975814727
2025-09-02,2. Equal Weight,-0.005385926964577073
2025-09-03,2. Equal Weight,0.0
2025-09-04,2. Equal Weight,0.0
2025-09-05,2. Equal Weight,-0.004595149241672915
2025-09-08,2. Equal Weight,-0.004875896212429429
2025-09-09,2. Equal Weight,0.0
2025-09-10,2. Equal Weight,-0.00828506844087674
2025-09-11,2. Equal Weight,0.0
2025-09-12,2. Equal Weight,0.0
2025-09-15,2. Equal Weight,0.0
2025-09-16,2. Equal Weight,0.0
2025-09-17,2. Equal Weight,0.0
2025-09-18,2. Equal Weight,-0.006746733587867157
2025-09-19,2. Equal Weight,-0.0015820685528905873
2025-09-22,2. Equal Weight,-0.002710968899821071
2025-09-23,2. Equal Weight,-0.009675999811840846
2025-09-24,2. Equal Weight,-0.007491753719454815
2025-09-25,2. Equal Weight,-0.01369062011339294
2025-09-26,2. Equal Weight,-0.006873623572681401
2025-09-29,2. Equal Weight,-0.005407723931006984
2025-09-30,2. Equal Weight,-0.004546453133835532
2025-10-01,2. Equal Weight,-0.0036373428557363837
2025-10-02,2. Equal Weight,-0.010403678791981397
2025-10-03,2. Equal Weight,-0.010163503179430261
2025-10-06,2. Equal Weight,-0.004565071102187082
2025-10-07,2. Equal Weight,-0.007813619968354314
2025-10-08,2. Equal Weight,-0.007640253019729254
2025-10-09,2. Equal Weight,-0.010647561464172596
2025-10-10,2. Equal Weight,-0.030410740232315374
2025-10-13,2. Equal Weight,-0.01880409819313063
2025-10-14,2. Equal Weight,-0.01550043741667325
2025-10-15,2. Equal Weight,-0.010495780780171476
2025-10-16,2. Equal Weight,-0.02165056148376505
2025-10-17,2. Equal Weight,-0.010472080911549058
2025-10-20,2. Equal Weight,0.0
2025-10-21,2. Equal Weight,0.0
2025-10-22,2. Equal Weight,-0.010344256710734448
2025-10-23,2. Equal Weight,-0.006922613819420397
2025-10-24,2. Equal Weight,-0.007026602466147461
2025-10-27,2. Equal Weight,0.0
2025-10-28,2. Equal Weight,0.0
2025-10-29,2. Equal Weight,-0.0032493873694552024
2025-10-30,2. Equal Weight,-0.014043510824745621
2025-10-31,2. Equal Weight,-0.006429126470122553
2025-11-03,2. Equal Weight,-0.0068941168125244805
2025-11-04,2. Equal Weight,-0.01422403326941138
2025-11-05,2. Equal Weight,-0.010916316535119465
2025-11-06,2. Equal Weight,-0.01740946216410662
2025-11-07,2. Equal Weight,-0.019621695747942376
2025-11-10,2. Equal Weight,-0.008179410304408127
2025-11-11,2. Equal Weight,0.0
2025-11-12,2. Equal Weight,-0.0025541350671999872
2025-11-13,2. Equal Weight,-0.021525472843447642
2025-11-14,2. Equal Weight,-0.029122762387927683
2025-11-17,2. Equal Weight,-0.09231592454093794
2025-11-18,2. Equal Weight,-0.10096848715072908
2025-11-19,2. Equal Weight,-0.0997605096626832
2025-11-20,2. Equal Weight,-0.10505335027550841
2025-11-21,2. Equal Weight,-0.09641367185665975
2025-11-24,2. Equal Weight,-0.0850606521135269
2025-11-25,2. Equal Weight,-0.07323112306124827
2025-11-26,2. Equal Weight,-0.06835880991673447
2015-11-30,3. Quintile Momentum,0.0
2015-12-01,3. Quintile Momentum,0.0
2015-12-02,3. Quintile Momentum,0.0
2015-12-03,3. Quintile Momentum,0.0
2015-12-04,3. Quintile Momentum,0.0
2015-12-07,3. Quintile Momentum,0.0
2015-12-08,3. Quintile Momentum,0.0
2015-12-09,3. Quintile Momentum,0.0
2015-12-10,3. Quintile Momentum,0.0
2015-12-11,3. Quintile Momentum,0.0
2015-12-14,3. Quintile Momentum,0.0
2015-12-15,3. Quintile Momentum,0.0
2015-12-16,3. Quintile Momentum,0.0
2015-12-17,3. Quintile Momentum,0.0
2015-12-18,3. Quintile Momentum,0.0
2015-12-21,3. Quintile Momentum,0.0
2015-12-22,3. Quintile Momentum,0.0
2015-12-23,3. Quintile Momentum,0.0
2015-12-24,3. Quintile Momentum,0.0
2015-12-28,3. Quintile Momentum,0.0
2015-12-29,3. Quintile Momentum,0.0
2015-12-30,3. Quintile Momentum,0.0
2015-12-31,3. Quintile Momentum,0.0
2016-01-04,3. Quintile Momentum,0.0
2016-01-05,3. Quintile Momentum,0.0
2016-01-06,3. Quintile Momentum,0.0
2016-01-07,3. Quintile Momentum,0.0
2016-01-08,3. Quintile Momentum,0.0
2016-01-11,3. Quintile Momentum,0.0
2016-01-12,3. Quintile Momentum,0.0
2016-01-13,3. Quintile Momentum,0.0
2016-01-14,3. Quintile Momentum,0.0
2016-01-15,3. Quintile Momentum,0.0
2016-01-19,3. Quintile Momentum,0.0
2016-01-20,3. Quintile Momentum,0.0
2016-01-21,3. Quintile Momentum,0.0
2016-01-22,3. Quintile Momentum,0.0
2016-01-25,3. Quintile Momentum,0.0
2016-01-26,3. Quintile Momentum,0.0
2016-01-27,3. Quintile Momentum,0.0
2016-01-28,3. Quintile Momentum,0.0
2016-01-29,3. Quintile Momentum,0.0
2016-02-01,3. Quintile Momentum,0.0
2016-02-02,3. Quintile Momentum,0.0
2016-02-03,3. Quintile Momentum,0.0
2016-02-04,3. Quintile Momentum,0.0
2016-02-05,3. Quintile Momentum,0.0
2016-02-08,3. Quintile Momentum,0.0
2016-02-09,3. Quintile Momentum,0.0
2016-02-10,3. Quintile Momentum,0.0
2016-02-11,3. Quintile Momentum,0.0
2016-02-12,3. Quintile Momentum,0.0
2016-02-16,3. Quintile Momentum,0.0
2016-02-17,3. Quintile Momentum,0.0
2016-02-18,3. Quintile Momentum,0.0
2016-02-19,3. Quintile Momentum,0.0
2016-02-22,3. Quintile Momentum,0.0
2016-02-23,3. Quintile Momentum,0.0
2016-02-24,3. Quintile Momentum,0.0
2016-02-25,3. Quintile Momentum,0.0
2016-02-26,3. Quintile Momentum,0.0
2016-02-29,3. Quintile Momentum,0.0
2016-03-01,3. Quintile Momentum,0.0
2016-03-02,3. Quintile Momentum,0.0
2016-03-03,3. Quintile Momentum,0.0
2016-03-04,3. Quintile Momentum,0.0
2016-03-07,3. Quintile Momentum,0.0
2016-03-08,3. Quintile Momentum,0.0
2016-03-09,3. Quintile Momentum,0.0
2016-03-10,3. Quintile Momentum,0.0
2016-03-11,3. Quintile Momentum,0.0
2016-03-14,3. Quintile Momentum,0.0
2016-03-15,3. Quintile Momentum,0.0
2016-03-16,3. Quintile Momentum,0.0
2016-03-17,3. Quintile Momentum,0.0
2016-03-18,3. Quintile Momentum,0.0
2016-03-21,3. Quintile Momentum,0.0
2016-03-22,3. Quintile Momentum,0.0
2016-03-23,3. Quintile Momentum,0.0
2016-03-24,3. Quintile Momentum,0.0
2016-03-28,3. Quintile Momentum,0.0
2016-03-29,3. Quintile Momentum,0.0
2016-03-30,3. Quintile Momentum,0.0
2016-03-31,3. Quintile Momentum,0.0
2016-04-01,3. Quintile Momentum,0.0
2016-04-04,3. Quintile Momentum,0.0
2016-04-05,3. Quintile Momentum,0.0
2016-04-06,3. Quintile Momentum,0.0
2016-04-07,3. Quintile Momentum,0.0
2016-04-08,3. Quintile Momentum,0.0
2016-04-11,3. Quintile Momentum,0.0
2016-04-12,3. Quintile Momentum,0.0
2016-04-13,3. Quintile Momentum,0.0
2016-04-14,3. Quintile Momentum,0.0
2016-04-15,3. Quintile Momentum,0.0
2016-04-18,3. Quintile Momentum,0.0
2016-04-19,3. Quintile Momentum,0.0
2016-04-20,3. Quintile Momentum,0.0
2016-04-21,3. Quintile Momentum,0.0
2016-04-22,3. Quintile Momentum,0.0
2016-04-25,3. Quintile Momentum,0.0
2016-04-26,3. Quintile Momentum,0.0
2016-04-27,3. Quintile Momentum,0.0
2016-04-28,3. Quintile Momentum,0.0
2016-04-29,3. Quintile Momentum,0.0
2016-05-02,3. Quintile Momentum,0.0
2016-05-03,3. Quintile Momentum,0.0
2016-05-04,3. Quintile Momentum,0.0
2016-05-05,3. Quintile Momentum,0.0
2016-05-06,3. Quintile Momentum,0.0
2016-05-09,3. Quintile Momentum,0.0
2016-05-10,3. Quintile Momentum,0.0
2016-05-11,3. Quintile Momentum,0.0
2016-05-12,3. Quintile Momentum,0.0
2016-05-13,3. Quintile Momentum,0.0
2016-05-16,3. Quintile Momentum,0.0
2016-05-17,3. Quintile Momentum,0.0
2016-05-18,3. Quintile Momentum,0.0
2016-05-19,3. Quintile Momentum,0.0
2016-05-20,3. Quintile Momentum,0.0
2016-05-23,3. Quintile Momentum,0.0
2016-05-24,3. Quintile Momentum,0.0
2016-05-25,3. Quintile Momentum,0.0
2016-05-26,3. Quintile Momentum,0.0
2016-05-27,3. Quintile Momentum,0.0
2016-05-31,3. Quintile Momentum,0.0
2016-06-01,3. Quintile Momentum,0.0
2016-06-02,3. Quintile Momentum,0.0
2016-06-03,3. Quintile Momentum,0.0
2016-06-06,3. Quintile Momentum,0.0
2016-06-07,3. Quintile Momentum,0.0
2016-06-08,3. Quintile Momentum,0.0
2016-06-09,3. Quintile Momentum,0.0
2016-06-10,3. Quintile Momentum,0.0
2016-06-13,3. Quintile Momentum,0.0
2016-06-14,3. Quintile Momentum,0.0
2016-06-15,3. Quintile Momentum,0.0
2016-06-16,3. Quintile Momentum,0.0
2016-06-17,3. Quintile Momentum,0.0
2016-06-20,3. Quintile Momentum,0.0
2016-06-21,3. Quintile Momentum,0.0
2016-06-22,3. Quintile Momentum,0.0
2016-06-23,3. Quintile Momentum,0.0
2016-06-24,3. Quintile Momentum,0.0
2016-06-27,3. Quintile Momentum,0.0
2016-06-28,3. Quintile Momentum,0.0
2016-06-29,3. Quintile Momentum,0.0
2016-06-30,3. Quintile Momentum,-0.0010999999999999899
2016-07-01,3. Quintile Momentum,0.0
2016-07-05,3. Quintile Momentum,-0.00692936046381483
2016-07-06,3. Quintile Momentum,-0.01613390017845584
2016-07-07,3. Quintile Momentum,-0.009858050409869796
2016-07-08,3. Quintile Momentum,0.0
2016-07-11,3. Quintile Momentum,-0.001856324732207296
2016-07-12,3. Quintile Momentum,0.0
2016-07-13,3. Quintile Momentum,-0.0007153688457374566
2016-07-14,3. Quintile Momentum,0.0
2016-07-15,3. Quintile Momentum,-0.0003226402501055192
2016-07-18,3. Quintile Momentum,0.0
2016-07-19,3. Quintile Momentum,-0.028546996853704473
2016-07-20,3. Quintile Momentum,-0.01705430170807375
2016-07-21,3. Quintile Momentum,-0.02743562089864815
2016-07-22,3. Quintile Momentum,-0.020906993411057194
2016-07-25,3. Quintile Momentum,-0.01888373666057992
2016-07-26,3. Quintile Momentum,-0.0052084422202822835
2016-07-27,3. Quintile Momentum,0.0
2016-07-28,3. Quintile Momentum,0.0
2016-07-29,3. Quintile Momentum,-0.0011409735119035137
2016-08-01,3. Quintile Momentum,0.0
2016-08-02,3. Quintile Momentum,-0.0065756144329687976
2016-08-03,3. Quintile Momentum,0.0
2016-08-04,3. Quintile Momentum,-0.002227227236944766
2016-08-05,3. Quintile Momentum,0.0
2016-08-08,3. Quintile Momentum,-0.004219820071445022
2016-08-09,3. Quintile Momentum,-0.0036962727390804887
2016-08-10,3. Quintile Momentum,-0.006450278708072337
2016-08-11,3. Quintile Momentum,0.0
2016-08-12,3. Quintile Momentum,0.0
2016-08-15,3. Quintile Momentum,0.0
2016-08-16,3. Quintile Momentum,-0.000833714123245908
2016-08-17,3. Quintile Momentum,0.0
2016-08-18,3. Quintile Momentum,-0.0007256823653534483
2016-08-19,3. Quintile Momentum,-0.002152279508668906
2016-08-22,3. Quintile Momentum,-0.006765511715050048
2016-08-23,3. Quintile Momentum,-0.0012395836509865924
2016-08-24,3. Quintile Momentum,-0.0028043512508639616
2016-08-25,3. Quintile Momentum,0.0
2016-08-26,3. Quintile Momentum,0.0
2016-08-29,3. Quintile Momentum,0.0
2016-08-30,3. Quintile Momentum,0.0
2016-08-31,3. Quintile Momentum,-0.0006033896954354327
2016-09-01,3. Quintile Momentum,-0.00028835608272144577
2016-09-02,3. Quintile Momentum,0.0
2016-09-06,3. Quintile Momentum,0.0
2016-09-07,3. Quintile Momentum,-0.0019381163944795746
2016-09-08,3. Quintile Momentum,-0.006328335474774837
2016-09-09,3. Quintile Momentum,-0.03205104638417068
2016-09-12,3. Quintile Momentum,-0.011749882216344557
2016-09-13,3. Quintile Momentum,-0.021059862434178102
2016-09-14,3. Quintile Momentum,-0.011935495978432735
2016-09-15,3. Quintile Momentum,-0.0001814576298282683
2016-09-16,3. Quintile Momentum,0.0
2016-09-19,3. Quintile Momentum,-0.006757888972566649
2016-09-20,3. Quintile Momentum,-0.004099942891225072
2016-09-21,3. Quintile Momentum,-0.013064983098378915
2016-09-22,3. Quintile Momentum,-0.0030611991174551868
2016-09-23,3. Quintile Momentum,-0.008841652365514725
2016-09-26,3. Quintile Momentum,-0.019285287861135106
2016-09-27,3. Quintile Momentum,-0.009998116261865274
2016-09-28,3. Quintile Momentum,-0.008205519554340845
2016-09-29,3. Quintile Momentum,-0.01610140549015493
2016-09-30,3. Quintile Momentum,-0.01667493532501035
2016-10-03,3. Quintile Momentum,0.0
2016-10-04,3. Quintile Momentum,-0.00431349959413465
2016-10-05,3. Quintile Momentum,0.0
2016-10-06,3. Quintile Momentum,-0.011543377866070188
2016-10-07,3. Quintile Momentum,-0.018218029264009537
2016-10-10,3. Quintile Momentum,-0.016710520568022778
2016-10-11,3. Quintile Momentum,-0.027306076000482297
2016-10-12,3. Quintile Momentum,-0.02812064523296688
2016-10-13,3. Quintile Momentum,-0.028711688794329667
2016-10-14,3. Quintile Momentum,-0.030154095166428873
2016-10-17,3. Quintile Momentum,-0.03901374183514655
2016-10-18,3. Quintile Momentum,0.0
2016-10-19,3. Quintile Momentum,0.0
2016-10-20,3. Quintile Momentum,-0.0020402648000045188
2016-10-21,3. Quintile Momentum,0.0
2016-10-24,3. Quintile Momentum,0.0
2016-10-25,3. Quintile Momentum,-0.004081476603384847
2016-10-26,3. Quintile Momentum,-0.001803269599714263
2016-10-27,3. Quintile Momentum,-0.0013963157959561083
2016-10-28,3. Quintile Momentum,-0.005591842399388507
2016-10-31,3. Quintile Momentum,-0.00676295942740688
2016-11-01,3. Quintile Momentum,-0.02563012435074
2016-11-02,3. Quintile Momentum,-0.033034586690686894
2016-11-03,3. Quintile Momentum,-0.03589874778356673
2016-11-04,3. Quintile Momentum,-0.0320688473094908
2016-11-07,3. Quintile Momentum,-0.014660475712559781
2016-11-08,3. Quintile Momentum,-0.014580103357473019
2016-11-09,3. Quintile Momentum,0.0
2016-11-10,3. Quintile Momentum,0.0
2016-11-11,3. Quintile Momentum,0.0
2016-11-14,3. Quintile Momentum,-0.014129971198907217
2016-11-15,3. Quintile Momentum,-0.01954553564438001
2016-11-16,3. Quintile Momentum,-0.015823855392164257
2016-11-17,3. Quintile Momentum,-0.0038886534295189774
2016-11-18,3. Quintile Momentum,-0.0144878683890787
2016-11-21,3. Quintile Momentum,-0.01623977453716893
2016-11-22,3. Quintile Momentum,-0.004139455219254315
2016-11-23,3. Quintile Momentum,0.0
2016-11-25,3. Quintile Momentum,0.0
2016-11-28,3. Quintile Momentum,-0.0032450011097948915
2016-11-29,3. Quintile Momentum,-0.008555360941635254
2016-11-30,3. Quintile Momentum,-0.009688129674216218
2016-12-01,3. Quintile Momentum,-0.0319379197802834
2016-12-02,3. Quintile Momentum,-0.029066809160061484
2016-12-05,3. Quintile Momentum,-0.015705854357315616
2016-12-06,3. Quintile Momentum,-0.018128845085987465
2016-12-07,3. Quintile Momentum,0.0
2016-12-08,3. Quintile Momentum,-0.00505376008481623
2016-12-09,3. Quintile Momentum,0.0
2016-12-12,3. Quintile Momentum,0.0
2016-12-13,3. Quintile Momentum,0.0
2016-12-14,3. Quintile Momentum,-0.0029100087399248527
2016-12-15,3. Quintile Momentum,-0.0016551455760884257
2016-12-16,3. Quintile Momentum,0.0
2016-12-19,3. Quintile Momentum,-0.0009704948951077986
2016-12-20,3. Quintile Momentum,0.0
2016-12-21,3. Quintile Momentum,-0.005960790603922871
2016-12-22,3. Quintile Momentum,-0.006322449601841638
2016-12-23,3. Quintile Momentum,0.0
2016-12-27,3. Quintile Momentum,0.0
2016-12-28,3. Quintile Momentum,-0.0025148902096205805
2016-12-29,3. Quintile Momentum,-0.006496679932708686
2016-12-30,3. Quintile Momentum,-0.007615448453992697
2017-01-03,3. Quintile Momentum,-0.0018965559588236401
2017-01-04,3. Quintile Momentum,0.0
2017-01-05,3. Quintile Momentum,0.0
2017-01-06,3. Quintile Momentum,-0.005637933698415216
2017-01-09,3. Quintile Momentum,-0.0066498763465638955
2017-01-10,3. Quintile Momentum,-0.010514552255816557
2017-01-11,3. Quintile Momentum,-0.017080566679462516
2017-01-12,3. Quintile Momentum,-0.021656785914438224
2017-01-13,3. Quintile Momentum,-0.025722463088137918
2017-01-17,3. Quintile Momentum,-0.022010346544618805
2017-01-18,3. Quintile Momentum,-0.023293052376341508
2017-01-19,3. Quintile Momentum,-0.02951220128890534
2017-01-20,3. Quintile Momentum,-0.02958732547786698
2017-01-23,3. Quintile Momentum,-0.03369283976326855
2017-01-24,3. Quintile Momentum,-0.03517794432991641
2017-01-25,3. Quintile Momentum,-0.032398410435374864
2017-01-26,3. Quintile Momentum,-0.03694707061678175
2017-01-27,3. Quintile Momentum,-0.03854672787615033
2017-01-30,3. Quintile Momentum,-0.03762173716705486
2017-01-31,3. Quintile Momentum,-0.031900799006370446
2017-02-01,3. Quintile Momentum,-0.03606483598210461
2017-02-02,3. Quintile Momentum,-0.03237068377809062
2017-02-03,3. Quintile Momentum,-0.02936606008143173
2017-02-06,3. Quintile Momentum,-0.029055948328994934
2017-02-07,3. Quintile Momentum,-0.026250077894105023
2017-02-08,3. Quintile Momentum,-0.021968073948760887
2017-02-09,3. Quintile Momentum,-0.018736799790208262
2017-02-10,3. Quintile Momentum,-0.024252293559544495
2017-02-13,3. Quintile Momentum,-0.02156056156423479
2017-02-14,3. Quintile Momentum,-0.01682729291750678
2017-02-15,3. Quintile Momentum,-0.00968345138241401
2017-02-16,3. Quintile Momentum,-0.0017977458610838458
2017-02-17,3. Quintile Momentum,0.0
2017-02-21,3. Quintile Momentum,0.0
2017-02-22,3. Quintile Momentum,0.0
2017-02-23,3. Quintile Momentum,0.0
2017-02-24,3. Quintile Momentum,0.0
2017-02-27,3. Quintile Momentum,-0.003430470312295423
2017-02-28,3. Quintile Momentum,-0.0039978391048747465
2017-03-01,3. Quintile Momentum,0.0
2017-03-02,3. Quintile Momentum,0.0
2017-03-03,3. Quintile Momentum,-0.004969460134550736
2017-03-06,3. Quintile Momentum,-0.007367751363798527
2017-03-07,3. Quintile Momentum,-0.012074543684405298
2017-03-08,3. Quintile Momentum,-0.017429829390828964
2017-03-09,3. Quintile Momentum,-0.014023544240855602
2017-03-10,3. Quintile Momentum,-0.011401731910667134
2017-03-13,3. Quintile Momentum,-0.014035147904531782
2017-03-14,3. Quintile Momentum,-0.012215033443572674
2017-03-15,3. Quintile Momentum,-0.005774600852008638
2017-03-16,3. Quintile Momentum,-0.006733695007842393
2017-03-17,3. Quintile Momentum,-0.010958137327657876
2017-03-20,3. Quintile Momentum,-0.009325249962699091
2017-03-21,3. Quintile Momentum,-0.009177735870198723
2017-03-22,3. Quintile Momentum,-0.00728247716402928
2017-03-23,3. Quintile Momentum,-0.010880795129699044
2017-03-24,3. Quintile Momentum,-0.016066119335807226
2017-03-27,3. Quintile Momentum,-0.013346974165541715
2017-03-28,3. Quintile Momentum,-0.008747809308574434
2017-03-29,3. Quintile Momentum,-0.005562532049018113
2017-03-30,3. Quintile Momentum,0.0
2017-03-31,3. Quintile Momentum,-0.0005497097853954271
2017-04-03,3. Quintile Momentum,-0.0018843204997789278
2017-04-04,3. Quintile Momentum,0.0
2017-04-05,3. Quintile Momentum,-0.0012395577284900318
2017-04-06,3. Quintile Momentum,-0.0015353668344846483
2017-04-07,3. Quintile Momentum,0.0
2017-04-10,3. Quintile Momentum,0.0
2017-04-11,3. Quintile Momentum,0.0
2017-04-12,3. Quintile Momentum,0.0
2017-04-13,3. Quintile Momentum,-0.006497271836124257
2017-04-17,3. Quintile Momentum,-0.003040726040608402
2017-04-18,3. Quintile Momentum,0.0
2017-04-19,3. Quintile Momentum,-0.0058269464580699435
2017-04-20,3. Quintile Momentum,-0.00331522368984437
2017-04-21,3. Quintile Momentum,-0.005868580484532506
2017-04-24,3. Quintile Momentum,-0.001370203383312439
2017-04-25,3. Quintile Momentum,0.0
2017-04-26,3. Quintile Momentum,-0.0051429562725848425
2017-04-27,3. Quintile Momentum,-0.007003654485209266
2017-04-28,3. Quintile Momentum,-0.007574818096741448
2017-05-01,3. Quintile Momentum,-0.007632380622507258
2017-05-02,3. Quintile Momentum,-0.010402029558083207
2017-05-03,3. Quintile Momentum,-0.009256143104513554
2017-05-04,3. Quintile Momentum,-0.010612416585124166
2017-05-05,3. Quintile Momentum,-0.008922774951653138
2017-05-08,3. Quintile Momentum,-0.0052044164900634385
2017-05-09,3. Quintile Momentum,-0.010092759145834344
2017-05-10,3. Quintile Momentum,-0.013269424771625103
2017-05-11,3. Quintile Momentum,-0.011403019495490994
2017-05-12,3. Quintile Momentum,-0.012207671990548691
2017-05-15,3. Quintile Momentum,-0.009439834605709112
2017-05-16,3. Quintile Momentum,-0.01357036850819777
2017-05-17,3. Quintile Momentum,-0.017464526680500966
2017-05-18,3. Quintile Momentum,-0.02012322577117405
2017-05-19,3. Quintile Momentum,-0.016192374451027745
2017-05-22,3. Quintile Momentum,-0.016060567716929937
2017-05-23,3. Quintile Momentum,-0.014193857377106432
2017-05-24,3. Quintile Momentum,-0.01085831359280806
2017-05-25,3. Quintile Momentum,-0.008485520610917504
2017-05-26,3. Quintile Momentum,-0.008246402682426603
2017-05-30,3. Quintile Momentum,-0.009031246764623135
2017-05-31,3. Quintile Momentum,-0.009607408403145478
2017-06-01,3. Quintile Momentum,-0.00567982191993939
2017-06-02,3. Quintile Momentum,-0.010635715424122207
2017-06-05,3. Quintile Momentum,-0.009295108138923277
2017-06-06,3. Quintile Momentum,-0.007383758441618153
2017-06-07,3. Quintile Momentum,-0.006057596502513192
2017-06-08,3. Quintile Momentum,-0.008298064831196874
2017-06-09,3. Quintile Momentum,0.0
2017-06-12,3. Quintile Momentum,0.0
2017-06-13,3. Quintile Momentum,-0.00044399990800305446
2017-06-14,3. Quintile Momentum,-0.0018044714346228485
2017-06-15,3. Quintile Momentum,0.0
2017-06-16,3. Quintile Momentum,0.0
2017-06-19,3. Quintile Momentum,0.0
2017-06-20,3. Quintile Momentum,-0.0010839729741777277
2017-06-21,3. Quintile Momentum,-0.0031361851090251957
2017-06-22,3. Quintile Momentum,-0.004194512486039922
2017-06-23,3. Quintile Momentum,-0.0011881138076795692
2017-06-26,3. Quintile Momentum,-0.0023085313505182246
2017-06-27,3. Quintile Momentum,-0.00437400955507289
2017-06-28,3. Quintile Momentum,0.0
2017-06-29,3. Quintile Momentum,-0.0032510901719975927
2017-06-30,3. Quintile Momentum,-0.0038405433990487095
2017-07-03,3. Quintile Momentum,0.0
2017-07-05,3. Quintile Momentum,-0.009622015548913865
2017-07-06,3. Quintile Momentum,-0.021119999738013505
2017-07-07,3. Quintile Momentum,-0.019129858453094978
2017-07-10,3. Quintile Momentum,-0.019833267570265004
2017-07-11,3. Quintile Momentum,-0.020579281724813315
2017-07-12,3. Quintile Momentum,-0.017309077702553872
2017-07-13,3. Quintile Momentum,-0.017783709691077853
2017-07-14,3. Quintile Momentum,-0.012728321405464108
2017-07-17,3. Quintile Momentum,-0.014763488834435847
2017-07-18,3. Quintile Momentum,-0.00941727040895002
2017-07-19,3. Quintile Momentum,-0.005065332253823318
2017-07-20,3. Quintile Momentum,-0.003655993575562412
2017-07-21,3. Quintile Momentum,-0.00696795546573462
2017-07-24,3. Quintile Momentum,-0.010344802477765024
2017-07-25,3. Quintile Momentum,-0.009364042911046875
2017-07-26,3. Quintile Momentum,-0.008939034329808705
2017-07-27,3. Quintile Momentum,0.0
2017-07-28,3. Quintile Momentum,-0.004076753798772015
2017-07-31,3. Quintile Momentum,-0.004638666794510955
2017-08-01,3. Quintile Momentum,0.0
2017-08-02,3. Quintile Momentum,-0.0017730115486819529
2017-08-03,3. Quintile Momentum,-0.0038573328457552902
2017-08-04,3. Quintile Momentum,-0.0022967791364845325
2017-08-07,3. Quintile Momentum,-0.003477826519224903
2017-08-08,3. Quintile Momentum,-0.0029094682463246587
2017-08-09,3. Quintile Momentum,-0.0122368489113463
2017-08-10,3. Quintile Momentum,-0.026318809246676973
2017-08-11,3. Quintile Momentum,-0.03100693174029547
2017-08-14,3. Quintile Momentum,-0.025658419498005562
2017-08-15,3. Quintile Momentum,-0.023978858737074397
2017-08-16,3. Quintile Momentum,-0.02641793796080252
2017-08-17,3. Quintile Momentum,-0.03871268519782068
2017-08-18,3. Quintile Momentum,-0.03818139935542265
2017-08-21,3. Quintile Momentum,-0.03933222049220903
2017-08-22,3. Quintile Momentum,-0.030148851209863388
2017-08-23,3. Quintile Momentum,-0.0351044336119144
2017-08-24,3. Quintile Momentum,-0.035569688190729955
2017-08-25,3. Quintile Momentum,-0.0324100524691767
2017-08-28,3. Quintile Momentum,-0.0334722096693563
2017-08-29,3. Quintile Momentum,-0.035365356607496276
2017-08-30,3. Quintile Momentum,-0.0340167417876251
2017-08-31,3. Quintile Momentum,-0.03458418476789465
2017-09-01,3. Quintile Momentum,-0.028935055720195987
2017-09-05,3. Quintile Momentum,-0.04047009038672147
2017-09-06,3. Quintile Momentum,-0.0330415077019418
2017-09-07,3. Quintile Momentum,-0.051491706832375056
2017-09-08,3. Quintile Momentum,-0.053233213623345675
2017-09-11,3. Quintile Momentum,-0.04343386138520773
2017-09-12,3. Quintile Momentum,-0.031847023139312536
2017-09-13,3. Quintile Momentum,-0.024241394204557388
2017-09-14,3. Quintile Momentum,-0.026812423562332825
2017-09-15,3. Quintile Momentum,-0.02225391079629166
2017-09-18,3. Quintile Momentum,-0.016504003640805346
2017-09-19,3. Quintile Momentum,-0.010977680963431984
2017-09-20,3. Quintile Momentum,-0.004296923521328747
2017-09-21,3. Quintile Momentum,-0.004995299423176007
2017-09-22,3. Quintile Momentum,-0.007539032079886178
2017-09-25,3. Quintile Momentum,-0.0063853596359636465
2017-09-26,3. Quintile Momentum,-0.009523760232376383
2017-09-27,3. Quintile Momentum,0.0
2017-09-28,3. Quintile Momentum,0.0
2017-09-29,3. Quintile Momentum,-0.0011350626506216154
2017-10-02,3. Quintile Momentum,0.0
2017-10-03,3. Quintile Momentum,0.0
2017-10-04,3. Quintile Momentum,-0.0009438908416305648
2017-10-05,3. Quintile Momentum,-0.0021380234004595754
2017-10-06,3. Quintile Momentum,-0.0020115987085563957
2017-10-09,3. Quintile Momentum,-0.0022483069027248574
2017-10-10,3. Quintile Momentum,-0.0010864171310967215
2017-10-11,3. Quintile Momentum,-0.0027349045010944305
2017-10-12,3. Quintile Momentum,-0.006132234258912483
2017-10-13,3. Quintile Momentum,-0.0027106861181918694
2017-10-16,3. Quintile Momentum,-0.0018436017576239218
2017-10-17,3. Quintile Momentum,-0.00021216301969347962
2017-10-18,3. Quintile Momentum,-0.0037398179934816237
2017-10-19,3. Quintile Momentum,-0.0022594273999074046
2017-10-20,3. Quintile Momentum,-0.008001653271673062
2017-10-23,3. Quintile Momentum,-0.012090081957893295
2017-10-24,3. Quintile Momentum,-0.014197088930344576
2017-10-25,3. Quintile Momentum,-0.017422392057289047
2017-10-26,3. Quintile Momentum,-0.01577901559208551
2017-10-27,3. Quintile Momentum,-0.01790426911914311
2017-10-30,3. Quintile Momentum,-0.02431028510595306
2017-10-31,3. Quintile Momentum,-0.025895030415328313
2017-11-01,3. Quintile Momentum,-0.01837860118495385
2017-11-02,3. Quintile Momentum,-0.02075982388473332
2017-11-03,3. Quintile Momentum,-0.020273915127737484
2017-11-06,3. Quintile Momentum,-0.016567364940815284
2017-11-07,3. Quintile Momentum,-0.011837465113585112
2017-11-08,3. Quintile Momentum,-0.01175567139274946
2017-11-09,3. Quintile Momentum,-0.006906009705025425
2017-11-10,3. Quintile Momentum,-0.003847429141811613
2017-11-13,3. Quintile Momentum,-0.0009815886649864024
2017-11-14,3. Quintile Momentum,-0.006685461035290456
2017-11-15,3. Quintile Momentum,-0.010369315822009834
2017-11-16,3. Quintile Momentum,-0.00839620353544214
2017-11-17,3. Quintile Momentum,-0.013312279688873987
2017-11-20,3. Quintile Momentum,-0.014682906785373661
2017-11-21,3. Quintile Momentum,-0.010547437420565863
2017-11-22,3. Quintile Momentum,-0.012329559350351134
2017-11-24,3. Quintile Momentum,-0.010872058479133532
2017-11-27,3. Quintile Momentum,-0.010043877374997089
2017-11-28,3. Quintile Momentum,-0.0031032641718520756
2017-11-29,3. Quintile Momentum,0.0
2017-11-30,3. Quintile Momentum,-0.0011201062601206636
2017-12-01,3. Quintile Momentum,0.0
2017-12-04,3. Quintile Momentum,0.0
2017-12-05,3. Quintile Momentum,-0.008109457674909648
2017-12-06,3. Quintile Momentum,-0.004010136084206333
2017-12-07,3. Quintile Momentum,-0.012841776441498308
2017-12-08,3. Quintile Momentum,-0.013949937486958735
2017-12-11,3. Quintile Momentum,0.0
2017-12-12,3. Quintile Momentum,0.0
2017-12-13,3. Quintile Momentum,0.0
2017-12-14,3. Quintile Momentum,0.0
2017-12-15,3. Quintile Momentum,0.0
2017-12-18,3. Quintile Momentum,-0.0054555570008051
2017-12-19,3. Quintile Momentum,-0.009163096112108313
2017-12-20,3. Quintile Momentum,-0.01627104572892964
2017-12-21,3. Quintile Momentum,-0.016604024713850495
2017-12-22,3. Quintile Momentum,-0.022464406806928603
2017-12-26,3. Quintile Momentum,-0.027742009202237315
2017-12-27,3. Quintile Momentum,-0.03356991189581626
2017-12-28,3. Quintile Momentum,-0.03157833149111982
2017-12-29,3. Quintile Momentum,-0.032120437351866184
2018-01-02,3. Quintile Momentum,-0.013091683831338
2018-01-03,3. Quintile Momentum,-0.010255128015427599
2018-01-04,3. Quintile Momentum,-0.008688070014742717
2018-01-05,3. Quintile Momentum,-0.00879312384371012
2018-01-08,3. Quintile Momentum,0.0
2018-01-09,3. Quintile Momentum,-0.002144504821470924
2018-01-10,3. Quintile Momentum,-0.005169923610854053
2018-01-11,3. Quintile Momentum,0.0
2018-01-12,3. Quintile Momentum,0.0
2018-01-16,3. Quintile Momentum,-0.0006023776391533277
2018-01-17,3. Quintile Momentum,0.0
2018-01-18,3. Quintile Momentum,-0.0066819279100736335
2018-01-19,3. Quintile Momentum,-0.00151470821023906
2018-01-22,3. Quintile Momentum,0.0
2018-01-23,3. Quintile Momentum,-8.096426358156839e-05
2018-01-24,3. Quintile Momentum,-0.0025037103263937997
2018-01-25,3. Quintile Momentum,-0.00903049512755659
2018-01-26,3. Quintile Momentum,0.0
2018-01-29,3. Quintile Momentum,-0.0034044821583545802
2018-01-30,3. Quintile Momentum,-0.014248914074943587
2018-01-31,3. Quintile Momentum,-0.0153677232129523
2018-02-01,3. Quintile Momentum,-0.010100471324691208
2018-02-02,3. Quintile Momentum,-0.02662799584277896
2018-02-05,3. Quintile Momentum,-0.06733278324013779
2018-02-06,3. Quintile Momentum,-0.05880278266646878
2018-02-07,3. Quintile Momentum,-0.06484241671804429
2018-02-08,3. Quintile Momentum,-0.09378342845950478
2018-02-09,3. Quintile Momentum,-0.08488530985765905
2018-02-12,3. Quintile Momentum,-0.07451098206590086
2018-02-13,3. Quintile Momentum,-0.07178388271841957
2018-02-14,3. Quintile Momentum,-0.07401907509203805
2018-02-15,3. Quintile Momentum,-0.0614626162646183
2018-02-16,3. Quintile Momentum,-0.05339916946838596
2018-02-20,3. Quintile Momentum,-0.06743537155871747
2018-02-21,3. Quintile Momentum,-0.07776201055068317
2018-02-22,3. Quintile Momentum,-0.07468646958769465
2018-02-23,3. Quintile Momentum,-0.06307330948118434
2018-02-26,3. Quintile Momentum,-0.055574976963621014
2018-02-27,3. Quintile Momentum,-0.07272533478680336
2018-02-28,3. Quintile Momentum,-0.07325517506989287
2018-03-01,3. Quintile Momentum,-0.077890820823817
2018-03-02,3. Quintile Momentum,-0.07015352174500161
2018-03-05,3. Quintile Momentum,-0.06297429864932919
2018-03-06,3. Quintile Momentum,-0.06663459342968454
2018-03-07,3. Quintile Momentum,-0.07417660568902319
2018-03-08,3. Quintile Momentum,-0.06344427493040679
2018-03-09,3. Quintile Momentum,-0.05606257146297423
2018-03-12,3. Quintile Momentum,-0.058894561196129756
2018-03-13,3. Quintile Momentum,-0.0581964784710102
2018-03-14,3. Quintile Momentum,-0.07102923514222835
2018-03-15,3. Quintile Momentum,-0.06876292721487261
2018-03-16,3. Quintile Momentum,-0.06575447674129217
2018-03-19,3. Quintile Momentum,-0.0768512849234117
2018-03-20,3. Quintile Momentum,-0.07717936962966689
2018-03-21,3. Quintile Momentum,-0.07860899186240439
2018-03-22,3. Quintile Momentum,-0.0932701098024958
2018-03-23,3. Quintile Momentum,-0.10298920854456338
2018-03-26,3. Quintile Momentum,-0.09209736115587802
2018-03-27,3. Quintile Momentum,-0.0881898688903672
2018-03-28,3. Quintile Momentum,-0.08507918224400117
2018-03-29,3. Quintile Momentum,-0.0860965048047068
2018-04-02,3. Quintile Momentum,-0.11381187011809413
2018-04-03,3. Quintile Momentum,-0.09126971972266427
2018-04-04,3. Quintile Momentum,-0.07479083159283502
2018-04-05,3. Quintile Momentum,-0.049776433107625424
2018-04-06,3. Quintile Momentum,-0.06295052436542514
2018-04-09,3. Quintile Momentum,-0.07096999875559032
2018-04-10,3. Quintile Momentum,-0.04051549758652793
2018-04-11,3. Quintile Momentum,-0.04110840029286203
2018-04-12,3. Quintile Momentum,-0.0525313477723011
2018-04-13,3. Quintile Momentum,-0.0426467323339258
2018-04-16,3. Quintile Momentum,-0.04721145366643744
2018-04-17,3. Quintile Momentum,-0.045917382451560934
2018-04-18,3. Quintile Momentum,-0.04228013873580289
2018-04-19,3. Quintile Momentum,-0.042768706876953104
2018-04-20,3. Quintile Momentum,-0.058436548422025884
2018-04-23,3. Quintile Momentum,-0.0655315730813155
2018-04-24,3. Quintile Momentum,-0.07944026588623242
2018-04-25,3. Quintile Momentum,-0.07887265613304599
2018-04-26,3. Quintile Momentum,-0.04857512690211294
2018-04-27,3. Quintile Momentum,-0.051242438406062775
2018-04-30,3. Quintile Momentum,-0.051823738505501066
2018-05-01,3. Quintile Momentum,-0.05155207044869769
2018-05-02,3. Quintile Momentum,-0.05906805893833625
2018-05-03,3. Quintile Momentum,-0.07284289212401135
2018-05-04,3. Quintile Momentum,-0.058281330647180246
2018-05-07,3. Quintile Momentum,-0.05131429300926338
2018-05-08,3. Quintile Momentum,-0.05450025072763888
2018-05-09,3. Quintile Momentum,-0.040211876990646434
2018-05-10,3. Quintile Momentum,-0.030220051505357677
2018-05-11,3. Quintile Momentum,-0.03049307491168271
2018-05-14,3. Quintile Momentum,-0.03865900256838948
2018-05-15,3. Quintile Momentum,-0.04789363290786427
2018-05-16,3. Quintile Momentum,-0.043021697029940964
2018-05-17,3. Quintile Momentum,-0.04641714476297895
2018-05-18,3. Quintile Momentum,-0.055357936486542685
2018-05-21,3. Quintile Momentum,-0.04515320042425413
2018-05-22,3. Quintile Momentum,-0.05637362934164248
2018-05-23,3. Quintile Momentum,-0.05003687023590983
2018-05-24,3. Quintile Momentum,-0.060351063871203994
2018-05-25,3. Quintile Momentum,-0.06399521185948077
2018-05-29,3. Quintile Momentum,-0.06565132938542419
2018-05-30,3. Quintile Momentum,-0.04413309288435828
2018-05-31,3. Quintile Momentum,-0.04469583607883184
2018-06-01,3. Quintile Momentum,-0.033251921747722596
2018-06-04,3. Quintile Momentum,-0.018324892439401257
2018-06-05,3. Quintile Momentum,-0.026973550836736998
2018-06-06,3. Quintile Momentum,0.0
2018-06-07,3. Quintile Momentum,0.0
2018-06-08,3. Quintile Momentum,0.0
2018-06-11,3. Quintile Momentum,0.0
2018-06-12,3. Quintile Momentum,0.0
2018-06-13,3. Quintile Momentum,-0.0006587085188518642
2018-06-14,3. Quintile Momentum,0.0
2018-06-15,3. Quintile Momentum,0.0
2018-06-18,3. Quintile Momentum,0.0
2018-06-19,3. Quintile Momentum,-0.009105471307789104
2018-06-20,3. Quintile Momentum,-0.003832212558866214
2018-06-21,3. Quintile Momentum,-0.01330430051951219
2018-06-22,3. Quintile Momentum,-0.0170248458571173
2018-06-25,3. Quintile Momentum,-0.01228630510184114
2018-06-26,3. Quintile Momentum,-0.006202603154442482
2018-06-27,3. Quintile Momentum,-0.004049246338730247
2018-06-28,3. Quintile Momentum,-0.00065796458674086
2018-06-29,3. Quintile Momentum,-0.0012738374724981273
2018-07-02,3. Quintile Momentum,-0.0045709585165549065
2018-07-03,3. Quintile Momentum,-0.00612798553563276
2018-07-05,3. Quintile Momentum,0.0
2018-07-06,3. Quintile Momentum,0.0
2018-07-09,3. Quintile Momentum,0.0
2018-07-10,3. Quintile Momentum,0.0
2018-07-11,3. Quintile Momentum,-0.007568307023897573
2018-07-12,3. Quintile Momentum,-0.004613891208528195
2018-07-13,3. Quintile Momentum,-0.005521132684773656
2018-07-16,3. Quintile Momentum,0.0
2018-07-17,3. Quintile Momentum,0.0
2018-07-18,3. Quintile Momentum,-0.0028489748358701858
2018-07-19,3. Quintile Momentum,-0.014429097748118321
2018-07-20,3. Quintile Momentum,-0.009907702390721746
2018-07-23,3. Quintile Momentum,-0.0048312548188625655
2018-07-24,3. Quintile Momentum,0.0
2018-07-25,3. Quintile Momentum,0.0
2018-07-26,3. Quintile Momentum,0.0
2018-07-27,3. Quintile Momentum,0.0
2018-07-30,3. Quintile Momentum,0.0
2018-07-31,3. Quintile Momentum,-0.0011282932639720977
2018-08-01,3. Quintile Momentum,-0.003696118943221855
2018-08-02,3. Quintile Momentum,0.0
2018-08-03,3. Quintile Momentum,0.0
2018-08-06,3. Quintile Momentum,0.0
2018-08-07,3. Quintile Momentum,0.0
2018-08-08,3. Quintile Momentum,-0.005380259140440922
2018-08-09,3. Quintile Momentum,-0.0272804499073714
2018-08-10,3. Quintile Momentum,-0.025611034349158457
2018-08-13,3. Quintile Momentum,-0.026314855346292264
2018-08-14,3. Quintile Momentum,-0.02913737439121024
2018-08-15,3. Quintile Momentum,-0.03693157425635737
2018-08-16,3. Quintile Momentum,-0.020263982527394846
2018-08-17,3. Quintile Momentum,-0.04652201170745584
2018-08-20,3. Quintile Momentum,-0.050883786986163165
2018-08-21,3. Quintile Momentum,-0.03943024153401364
2018-08-22,3. Quintile Momentum,-0.04077467399422567
2018-08-23,3. Quintile Momentum,-0.04462605935169511
2018-08-24,3. Quintile Momentum,-0.040466988548160374
2018-08-27,3. Quintile Momentum,-0.040284353545614514
2018-08-28,3. Quintile Momentum,-0.04353235262999626
2018-08-29,3. Quintile Momentum,-0.05035471445274943
2018-08-30,3. Quintile Momentum,-0.0485185154319927
2018-08-31,3. Quintile Momentum,-0.04958275826647901
2018-09-04,3. Quintile Momentum,-0.06299281050984956
2018-09-05,3. Quintile Momentum,-0.07570911429199771
2018-09-06,3. Quintile Momentum,-0.08539296961952388
2018-09-07,3. Quintile Momentum,-0.09813393031560828
2018-09-10,3. Quintile Momentum,-0.08061194655197522
2018-09-11,3. Quintile Momentum,-0.0812826774043783
2018-09-12,3. Quintile Momentum,-0.0838958175980644
2018-09-13,3. Quintile Momentum,-0.08693057734542955
2018-09-14,3. Quintile Momentum,-0.07937765992015783
2018-09-17,3. Quintile Momentum,-0.0820031274331187
2018-09-18,3. Quintile Momentum,-0.08975619117046557
2018-09-19,3. Quintile Momentum,-0.06196556650602195
2018-09-20,3. Quintile Momentum,-0.05494496922743814
2018-09-21,3. Quintile Momentum,-0.06137017154238961
2018-09-24,3. Quintile Momentum,-0.062132116208159366
2018-09-25,3. Quintile Momentum,-0.06299928747741099
2018-09-26,3. Quintile Momentum,-0.060461526050841416
2018-09-27,3. Quintile Momentum,-0.06202665371616441
2018-09-28,3. Quintile Momentum,-0.10884469137489883
2018-10-01,3. Quintile Momentum,-0.07253003921621302
2018-10-02,3. Quintile Momentum,-0.08393551693437697
2018-10-03,3. Quintile Momentum,-0.07919255152382103
2018-10-04,3. Quintile Momentum,-0.09048153992413108
2018-10-05,3. Quintile Momentum,-0.11110254785674488
2018-10-08,3. Quintile Momentum,-0.11843152831239291
2018-10-09,3. Quintile Momentum,-0.11179106283205939
2018-10-10,3. Quintile Momentum,-0.13730759336830836
2018-10-11,3. Quintile Momentum,-0.15200931711316096
2018-10-12,3. Quintile Momentum,-0.14799720464814595
2018-10-15,3. Quintile Momentum,-0.15307558164273447
2018-10-16,3. Quintile Momentum,-0.12312575548970243
2018-10-17,3. Quintile Momentum,-0.12069472592427098
2018-10-18,3. Quintile Momentum,-0.14160310431050582
2018-10-19,3. Quintile Momentum,-0.14569919448214902
2018-10-22,3. Quintile Momentum,-0.1544091019616635
2018-10-23,3. Quintile Momentum,-0.13383826806206436
2018-10-24,3. Quintile Momentum,-0.16004049063373713
2018-10-25,3. Quintile Momentum,-0.12627294840860345
2018-10-26,3. Quintile Momentum,-0.12570546469788607
2018-10-29,3. Quintile Momentum,-0.12236986820610389
2018-10-30,3. Quintile Momentum,-0.11553467223552465
2018-10-31,3. Quintile Momentum,-0.11659048087202858
2018-11-01,3. Quintile Momentum,-0.10076300088545743
2018-11-02,3. Quintile Momentum,-0.10617112390499667
2018-11-05,3. Quintile Momentum,-0.10769936977963587
2018-11-06,3. Quintile Momentum,-0.10562874351062174
2018-11-07,3. Quintile Momentum,-0.09123337456049353
2018-11-08,3. Quintile Momentum,-0.10112410880165375
2018-11-09,3. Quintile Momentum,-0.11103997191676042
2018-11-12,3. Quintile Momentum,-0.1473628721244779
2018-11-13,3. Quintile Momentum,-0.13668778440270382
2018-11-14,3. Quintile Momentum,-0.13920121112143435
2018-11-15,3. Quintile Momentum,-0.13193177120986263
2018-11-16,3. Quintile Momentum,-0.17967041846322301
2018-11-19,3. Quintile Momentum,-0.2162999029405945
2018-11-20,3. Quintile Momentum,-0.21910699344306211
2018-11-21,3. Quintile Momentum,-0.2207787963092188
2018-11-23,3. Quintile Momentum,-0.22795384660276757
2018-11-26,3. Quintile Momentum,-0.20677388256147833
2018-11-27,3. Quintile Momentum,-0.2023491996473723
2018-11-28,3. Quintile Momentum,-0.18229521476621718
2018-11-29,3. Quintile Momentum,-0.18770159786345966
2018-11-30,3. Quintile Momentum,-0.18868568735474384
2018-12-03,3. Quintile Momentum,-0.16972354251013413
2018-12-04,3. Quintile Momentum,-0.2102236524362325
2018-12-06,3. Quintile Momentum,-0.20318396335046374
2018-12-07,3. Quintile Momentum,-0.23932158136502577
2018-12-10,3. Quintile Momentum,-0.22314402634439173
2018-12-11,3. Quintile Momentum,-0.23158377301426838
2018-12-12,3. Quintile Momentum,-0.21988701060484947
2018-12-13,3. Quintile Momentum,-0.2162500316273571
2018-12-14,3. Quintile Momentum,-0.23338954094056463
2018-12-17,3. Quintile Momentum,-0.24716348458093496
2018-12-18,3. Quintile Momentum,-0.22977756061861074
2018-12-19,3. Quintile Momentum,-0.264151551921046
2018-12-20,3. Quintile Momentum,-0.2771677677065108
2018-12-21,3. Quintile Momentum,-0.3132507975905032
2018-12-24,3. Quintile Momentum,-0.3309438309587026
2018-12-26,3. Quintile Momentum,-0.28304400547028224
2018-12-27,3. Quintile Momentum,-0.2847661113328807
2018-12-28,3. Quintile Momentum,-0.28313443043750325
2018-12-31,3. Quintile Momentum,-0.2835664920059753
2019-01-02,3. Quintile Momentum,-0.26969765144114993
2019-01-03,3. Quintile Momentum,-0.2865743414079996
2019-01-04,3. Quintile Momentum,-0.24277063262655824
2019-01-07,3. Quintile Momentum,-0.22008425006972837
2019-01-08,3. Quintile Momentum,-0.2140843655351133
2019-01-09,3. Quintile Momentum,-0.207277449887729
2019-01-10,3. Quintile Momentum,-0.20158644914738783
2019-01-11,3. Quintile Momentum,-0.1895102951271929
2019-01-14,3. Quintile Momentum,-0.18852525575143034
2019-01-15,3. Quintile Momentum,-0.1697887461873196
2019-01-16,3. Quintile Momentum,-0.17535404999801008
2019-01-17,3. Quintile Momentum,-0.16795575872698118
2019-01-18,3. Quintile Momentum,-0.1657567825407674
2019-01-22,3. Quintile Momentum,-0.19231271061769453
2019-01-23,3. Quintile Momentum,-0.19975829898364558
2019-01-24,3. Quintile Momentum,-0.18279229994012042
2019-01-25,3. Quintile Momentum,-0.16688309773338858
2019-01-28,3. Quintile Momentum,-0.20157193073539748
2019-01-29,3. Quintile Momentum,-0.21847790223130018
2019-01-30,3. Quintile Momentum,-0.19226379039574398
2019-01-31,3. Quintile Momentum,-0.19322889741165858
2019-02-01,3. Quintile Momentum,-0.18373885649094318
2019-02-04,3. Quintile Momentum,-0.17405831303533198
2019-02-05,3. Quintile Momentum,-0.16819744763963987
2019-02-06,3. Quintile Momentum,-0.16484705584594628
2019-02-07,3. Quintile Momentum,-0.18094105841924915
2019-02-08,3. Quintile Momentum,-0.18444954416475803
2019-02-11,3. Quintile Momentum,-0.18866054597080475
2019-02-12,3. Quintile Momentum,-0.1733205762883673
2019-02-13,3. Quintile Momentum,-0.16848153059718624
2019-02-14,3. Quintile Momentum,-0.1666635541117981
2019-02-15,3. Quintile Momentum,-0.15310228470965936
2019-02-19,3. Quintile Momentum,-0.15275580773827666
2019-02-20,3. Quintile Momentum,-0.14691640654624788
2019-02-21,3. Quintile Momentum,-0.1543842357348246
2019-02-22,3. Quintile Momentum,-0.14652625049273296
2019-02-25,3. Quintile Momentum,-0.14333331830334517
2019-02-26,3. Quintile Momentum,-0.14658500849272785
2019-02-27,3. Quintile Momentum,-0.14632545347441192
2019-02-28,3. Quintile Momentum,-0.14681784365044503
2019-03-01,3. Quintile Momentum,-0.137249876578825
2019-03-04,3. Quintile Momentum,-0.13301868216951326
2019-03-05,3. Quintile Momentum,-0.13442316378030278
2019-03-06,3. Quintile Momentum,-0.1457057034515621
2019-03-07,3. Quintile Momentum,-0.15918552866751978
2019-03-08,3. Quintile Momentum,-0.15735940277375302
2019-03-11,3. Quintile Momentum,-0.12622534802563473
2019-03-12,3. Quintile Momentum,-0.12214985611158517
2019-03-13,3. Quintile Momentum,-0.10970379887759447
2019-03-14,3. Quintile Momentum,-0.11010212769985372
2019-03-15,3. Quintile Momentum,-0.09539990851993427
2019-03-18,3. Quintile Momentum,-0.08906195624629479
2019-03-19,3. Quintile Momentum,-0.07977968840134834
2019-03-20,3. Quintile Momentum,-0.07963584513461015
2019-03-21,3. Quintile Momentum,-0.058407944210749796
2019-03-22,3. Quintile Momentum,-0.08574896597221565
2019-03-25,3. Quintile Momentum,-0.09420508563635445
2019-03-26,3. Quintile Momentum,-0.089072606163121
2019-03-27,3. Quintile Momentum,-0.09055955097239615
2019-03-28,3. Quintile Momentum,-0.0858981753444279
2019-03-29,3. Quintile Momentum,-0.07916884821623345
2019-04-01,3. Quintile Momentum,-0.06249008180333834
2019-04-02,3. Quintile Momentum,-0.057072250490362596
2019-04-03,3. Quintile Momentum,-0.04635363022203228
2019-04-04,3. Quintile Momentum,-0.046242633156907076
2019-04-05,3. Quintile Momentum,-0.039020310907640576
2019-04-08,3. Quintile Momentum,-0.031704664927975926
2019-04-09,3. Quintile Momentum,-0.0393642341781756
2019-04-10,3. Quintile Momentum,-0.03159807491152427
2019-04-11,3. Quintile Momentum,-0.03303542606859748
2019-04-12,3. Quintile Momentum,-0.025198017543320864
2019-04-15,3. Quintile Momentum,-0.03446229053728276
2019-04-16,3. Quintile Momentum,-0.02484456135961022
2019-04-17,3. Quintile Momentum,-0.014559292538789511
2019-04-18,3. Quintile Momentum,-0.017154363703811598
2019-04-22,3. Quintile Momentum,-0.009705686724716889
2019-04-23,3. Quintile Momentum,0.0
2019-04-24,3. Quintile Momentum,-0.0029511395380931297
2019-04-25,3. Quintile Momentum,-0.010958236470465166
2019-04-26,3. Quintile Momentum,-0.016302675010011793
2019-04-29,3. Quintile Momentum,-0.012426317115111675
2019-04-30,3. Quintile Momentum,-0.013508644301664662
2019-05-01,3. Quintile Momentum,-0.005980796509474472
2019-05-02,3. Quintile Momentum,0.0
2019-05-03,3. Quintile Momentum,0.0
2019-05-06,3. Quintile Momentum,-0.006279092638502225
2019-05-07,3. Quintile Momentum,-0.0352276956676274
2019-05-08,3. Quintile Momentum,-0.035630472375367074
2019-05-09,3. Quintile Momentum,-0.047941370629751026
2019-05-10,3. Quintile Momentum,-0.056025886228942494
2019-05-13,3. Quintile Momentum,-0.09711567649886035
2019-05-14,3. Quintile Momentum,-0.08291942325848467
2019-05-15,3. Quintile Momentum,-0.08093696582405481
2019-05-16,3. Quintile Momentum,-0.08188075706594934
2019-05-17,3. Quintile Momentum,-0.106525242137152
2019-05-20,3. Quintile Momentum,-0.124999875273706
2019-05-21,3. Quintile Momentum,-0.11618583791579806
2019-05-22,3. Quintile Momentum,-0.1351508946157309
2019-05-23,3. Quintile Momentum,-0.14302389881440988
2019-05-24,3. Quintile Momentum,-0.15147045436869844
2019-05-28,3. Quintile Momentum,-0.1570277974663712
2019-05-29,3. Quintile Momentum,-0.16192640509389528
2019-05-30,3. Quintile Momentum,-0.16304694421468913
2019-05-31,3. Quintile Momentum,-0.16406586104346288
2019-06-03,3. Quintile Momentum,-0.1699112301381606
2019-06-04,3. Quintile Momentum,-0.1304276578577204
2019-06-05,3. Quintile Momentum,-0.1304723611012617
2019-06-06,3. Quintile Momentum,-0.10843182284268724
2019-06-07,3. Quintile Momentum,-0.10363177231858457
2019-06-10,3. Quintile Momentum,-0.0879107881314135
2019-06-11,3. Quintile Momentum,-0.07855275839873103
2019-06-12,3. Quintile Momentum,-0.09380389229131944
2019-06-13,3. Quintile Momentum,-0.08499298012775357
2019-06-14,3. Quintile Momentum,-0.0914083277665885
2019-06-17,3. Quintile Momentum,-0.07823032531333586
2019-06-18,3. Quintile Momentum,-0.06325014803869418
2019-06-19,3. Quintile Momentum,-0.06186055337355259
2019-06-20,3. Quintile Momentum,-0.06142045048378296
2019-06-21,3. Quintile Momentum,-0.05950184992490698
2019-06-24,3. Quintile Momentum,-0.05674063426447624
2019-06-25,3. Quintile Momentum,-0.06307567051443401
2019-06-26,3. Quintile Momentum,-0.05444959941251143
2019-06-27,3. Quintile Momentum,-0.048439911439800414
2019-06-28,3. Quintile Momentum,-0.05001373616509672
2019-07-01,3. Quintile Momentum,-0.03663722246301435
2019-07-02,3. Quintile Momentum,-0.032411963289166484
2019-07-03,3. Quintile Momentum,-0.017561523102820654
2019-07-05,3. Quintile Momentum,-0.0199416747401936
2019-07-08,3. Quintile Momentum,-0.030286233420628434
2019-07-09,3. Quintile Momentum,-0.030467517898781826
2019-07-10,3. Quintile Momentum,-0.012520451324846324
2019-07-11,3. Quintile Momentum,-0.017067428858851888
2019-07-12,3. Quintile Momentum,-0.012703772070685355
2019-07-15,3. Quintile Momentum,-0.0006353598489254542
2019-07-16,3. Quintile Momentum,-0.0005841518404308613
2019-07-17,3. Quintile Momentum,0.0
2019-07-18,3. Quintile Momentum,-0.00023886122792852996
2019-07-19,3. Quintile Momentum,-0.003328743088270814
2019-07-22,3. Quintile Momentum,-0.004826030332455468
2019-07-23,3. Quintile Momentum,0.0
2019-07-24,3. Quintile Momentum,-0.0004726829620668387
2019-07-25,3. Quintile Momentum,-0.043442627955440745
2019-07-26,3. Quintile Momentum,-0.013362408679705643
2019-07-29,3. Quintile Momentum,-0.015681055319547128
2019-07-30,3. Quintile Momentum,-0.027468063199949124
2019-07-31,3. Quintile Momentum,-0.02860525615129929
2019-08-01,3. Quintile Momentum,-0.042604021350941705
2019-08-02,3. Quintile Momentum,-0.04272370996673583
2019-08-05,3. Quintile Momentum,-0.06542195154634545
2019-08-06,3. Quintile Momentum,-0.06004099351499833
2019-08-07,3. Quintile Momentum,-0.06508940024156316
2019-08-08,3. Quintile Momentum,-0.046879037975489445
2019-08-09,3. Quintile Momentum,-0.05801956974984556
2019-08-12,3. Quintile Momentum,-0.06884137782891711
2019-08-13,3. Quintile Momentum,-0.06013004609273978
2019-08-14,3. Quintile Momentum,-0.09743040006802202
2019-08-15,3. Quintile Momentum,-0.1019321749664435
2019-08-16,3. Quintile Momentum,-0.08971026245824969
2019-08-19,3. Quintile Momentum,-0.07284444613400119
2019-08-20,3. Quintile Momentum,-0.08829043160807303
2019-08-21,3. Quintile Momentum,-0.09087653501290036
2019-08-22,3. Quintile Momentum,-0.08938151320882945
2019-08-23,3. Quintile Momentum,-0.11557362957493347
2019-08-26,3. Quintile Momentum,-0.1060255473912488
2019-08-27,3. Quintile Momentum,-0.10961931542146953
2019-08-28,3. Quintile Momentum,-0.10470266791433676
2019-08-29,3. Quintile Momentum,-0.09402932915835245
2019-08-30,3. Quintile Momentum,-0.0945529482192877
2019-09-03,3. Quintile Momentum,-0.09469736990394333
2019-09-04,3. Quintile Momentum,-0.09675893065808211
2019-09-05,3. Quintile Momentum,-0.07999956773784916
2019-09-06,3. Quintile Momentum,-0.08131042298440001
2019-09-09,3. Quintile Momentum,-0.06978348568535302
2019-09-10,3. Quintile Momentum,-0.06549249528518435
2019-09-11,3. Quintile Momentum,-0.053943379622457134
2019-09-12,3. Quintile Momentum,-0.05538615127150081
2019-09-13,3. Quintile Momentum,-0.05215458320729647
2019-09-16,3. Quintile Momentum,-0.05135038023745812
2019-09-17,3. Quintile Momentum,-0.04999407860554837
2019-09-18,3. Quintile Momentum,-0.058649611674766726
2019-09-19,3. Quintile Momentum,-0.06014409172521127
2019-09-20,3. Quintile Momentum,-0.07804841465888805
2019-09-23,3. Quintile Momentum,-0.08386187037004693
2019-09-24,3. Quintile Momentum,-0.11542775583105323
2019-09-25,3. Quintile Momentum,-0.10208878093989483
2019-09-26,3. Quintile Momentum,-0.09130620026557588
2019-09-27,3. Quintile Momentum,-0.08742534945114556
2019-09-30,3. Quintile Momentum,-0.0899148449716005
2019-10-01,3. Quintile Momentum,-0.09324464358220239
2019-10-02,3. Quintile Momentum,-0.10660983127421009
2019-10-03,3. Quintile Momentum,-0.1091334347971085
2019-10-04,3. Quintile Momentum,-0.1008294920020457
2019-10-07,3. Quintile Momentum,-0.09700661307804692
2019-10-08,3. Quintile Momentum,-0.10446532685098615
2019-10-09,3. Quintile Momentum,-0.09832352870410271
2019-10-10,3. Quintile Momentum,-0.08481162682797783
2019-10-11,3. Quintile Momentum,-0.07530708127530718
2019-10-14,3. Quintile Momentum,-0.06232469535574351
2019-10-15,3. Quintile Momentum,-0.060310284305578686
2019-10-16,3. Quintile Momentum,-0.061833013155431535
2019-10-17,3. Quintile Momentum,-0.053686218230321756
2019-10-18,3. Quintile Momentum,-0.07439594853230604
2019-10-21,3. Quintile Momentum,-0.07200169721142541
2019-10-22,3. Quintile Momentum,-0.07770619377812282
2019-10-23,3. Quintile Momentum,-0.07072991733125712
2019-10-24,3. Quintile Momentum,-0.029979786156870313
2019-10-25,3. Quintile Momentum,0.0
2019-10-28,3. Quintile Momentum,0.0
2019-10-29,3. Quintile Momentum,-0.006703249844902577
2019-10-30,3. Quintile Momentum,-0.000745143780970624
2019-10-31,3. Quintile Momentum,-0.0014377896211453156
2019-11-01,3. Quintile Momentum,0.0
2019-11-04,3. Quintile Momentum,0.0
2019-11-05,3. Quintile Momentum,-0.002885706533706023
2019-11-06,3. Quintile Momentum,-0.008196000439816683
2019-11-07,3. Quintile Momentum,-0.007363256952208285
2019-11-08,3. Quintile Momentum,-0.013203268606261897
2019-11-11,3. Quintile Momentum,-0.015264335368999862
2019-11-12,3. Quintile Momentum,-0.01949858234028072
2019-11-13,3. Quintile Momentum,-0.03493881290887245
2019-11-14,3. Quintile Momentum,-0.030593246169423098
2019-11-15,3. Quintile Momentum,-0.020907218684753474
2019-11-18,3. Quintile Momentum,-0.015496882460587802
2019-11-19,3. Quintile Momentum,-0.015164889573114456
2019-11-20,3. Quintile Momentum,-0.01711566853392499
2019-11-21,3. Quintile Momentum,-0.002695987816687818
2019-11-22,3. Quintile Momentum,0.0
2019-11-25,3. Quintile Momentum,0.0
2019-11-26,3. Quintile Momentum,-0.0025051771943392703
2019-11-27,3. Quintile Momentum,0.0
2019-11-29,3. Quintile Momentum,-0.0005755393972078986
2019-12-02,3. Quintile Momentum,-0.00495086322531938
2019-12-03,3. Quintile Momentum,-0.011896631392445197
2019-12-04,3. Quintile Momentum,-0.005912276711953918
2019-12-05,3. Quintile Momentum,-0.008339546542413229
2019-12-06,3. Quintile Momentum,0.0
2019-12-09,3. Quintile Momentum,-0.0028830033156069207
2019-12-10,3. Quintile Momentum,-0.012402829957649145
2019-12-11,3. Quintile Momentum,-0.008051614616126562
2019-12-12,3. Quintile Momentum,-0.0006636850504092817
2019-12-13,3. Quintile Momentum,-0.005966353327471413
2019-12-16,3. Quintile Momentum,0.0
2019-12-17,3. Quintile Momentum,0.0
2019-12-18,3. Quintile Momentum,0.0
2019-12-19,3. Quintile Momentum,0.0
2019-12-20,3. Quintile Momentum,0.0
2019-12-23,3. Quintile Momentum,-0.000440405187289591
2019-12-24,3. Quintile Momentum,-0.002388191171819138
2019-12-26,3. Quintile Momentum,-0.002049995988415904
2019-12-27,3. Quintile Momentum,-0.006100185483511504
2019-12-30,3. Quintile Momentum,-0.01527317538513088
2019-12-31,3. Quintile Momentum,-0.01582739699432819
2020-01-02,3. Quintile Momentum,-0.0006958414625075869
2020-01-03,3. Quintile Momentum,-0.010070676604667405
2020-01-06,3. Quintile Momentum,0.0
2020-01-07,3. Quintile Momentum,-0.006180564622955475
2020-01-08,3. Quintile Momentum,-0.003488977074770252
2020-01-09,3. Quintile Momentum,-0.004214508576079397
2020-01-10,3. Quintile Momentum,-0.010028185044797184
2020-01-13,3. Quintile Momentum,0.0
2020-01-14,3. Quintile Momentum,-0.0010537703705160411
2020-01-15,3. Quintile Momentum,0.0
2020-01-16,3. Quintile Momentum,0.0
2020-01-17,3. Quintile Momentum,-0.002494865304883581
2020-01-21,3. Quintile Momentum,-0.0045621748555278755
2020-01-22,3. Quintile Momentum,-0.016635919714038928
2020-01-23,3. Quintile Momentum,0.0
2020-01-24,3. Quintile Momentum,-0.007468611395926494
2020-01-27,3. Quintile Momentum,-0.02304182053981066
2020-01-28,3. Quintile Momentum,-0.028399802745059696
2020-01-29,3. Quintile Momentum,-0.03720013185614125
2020-01-30,3. Quintile Momentum,-0.03286525245219283
2020-01-31,3. Quintile Momentum,-0.034013162016231974
2020-02-03,3. Quintile Momentum,-0.03287285316332984
2020-02-04,3. Quintile Momentum,-0.02658952140746209
2020-02-05,3. Quintile Momentum,-0.015351666550984546
2020-02-06,3. Quintile Momentum,-0.016806824435424486
2020-02-07,3. Quintile Momentum,-0.022407058071423614
2020-02-10,3. Quintile Momentum,-0.02963214365268905
2020-02-11,3. Quintile Momentum,-0.028040933438053965
2020-02-12,3. Quintile Momentum,-0.02501370305833232
2020-02-13,3. Quintile Momentum,-0.02989894816922648
2020-02-14,3. Quintile Momentum,-0.03514342782140244
2020-02-18,3. Quintile Momentum,-0.0363986748060795
2020-02-19,3. Quintile Momentum,-0.03553471198110821
2020-02-20,3. Quintile Momentum,-0.04147500275713159
2020-02-21,3. Quintile Momentum,-0.045727983422487094
2020-02-24,3. Quintile Momentum,-0.07851861157431017
2020-02-25,3. Quintile Momentum,-0.10423124080703318
2020-02-26,3. Quintile Momentum,-0.11346594349716897
2020-02-27,3. Quintile Momentum,-0.14634572839521914
2020-02-28,3. Quintile Momentum,-0.14685759025418677
2020-03-02,3. Quintile Momentum,-0.11125407443858218
2020-03-03,3. Quintile Momentum,-0.1346848667575817
2020-03-04,3. Quintile Momentum,-0.09974524635702288
2020-03-05,3. Quintile Momentum,-0.13017355912112707
2020-03-06,3. Quintile Momentum,-0.14062681108074704
2020-03-09,3. Quintile Momentum,-0.20322366487667165
2020-03-10,3. Quintile Momentum,-0.17013284290914424
2020-03-11,3. Quintile Momentum,-0.21919999739762788
2020-03-12,3. Quintile Momentum,-0.29607163772266765
2020-03-13,3. Quintile Momentum,-0.2325154958315269
2020-03-16,3. Quintile Momentum,-0.28785280974721317
2020-03-17,3. Quintile Momentum,-0.2499106582058297
2020-03-18,3. Quintile Momentum,-0.2740115726052837
2020-03-19,3. Quintile Momentum,-0.2823227256482268
2020-03-20,3. Quintile Momentum,-0.33040533607899153
2020-03-23,3. Quintile Momentum,-0.34839196828248653
2020-03-24,3. Quintile Momentum,-0.29119259811127185
2020-03-25,3. Quintile Momentum,-0.282892823110056
2020-03-26,3. Quintile Momentum,-0.24319921644021755
2020-03-27,3. Quintile Momentum,-0.26738001676266737
2020-03-30,3. Quintile Momentum,-0.23852432903014484
2020-03-31,3. Quintile Momentum,-0.23945325166895576
2020-04-01,3. Quintile Momentum,-0.2700510602741179
2020-04-02,3. Quintile Momentum,-0.23778764392550775
2020-04-03,3. Quintile Momentum,-0.26200170365176734
2020-04-06,3. Quintile Momentum,-0.2208169728004969
2020-04-07,3. Quintile Momentum,-0.20446475071130282
2020-04-08,3. Quintile Momentum,-0.172228269609586
2020-04-09,3. Quintile Momentum,-0.13854648076963638
2020-04-13,3. Quintile Momentum,-0.1604644778208269
2020-04-14,3. Quintile Momentum,-0.1645248801830153
2020-04-15,3. Quintile Momentum,-0.203312037105666
2020-04-16,3. Quintile Momentum,-0.2268614094610209
2020-04-17,3. Quintile Momentum,-0.16409344927626823
2020-04-20,3. Quintile Momentum,-0.19726483172752898
2020-04-21,3. Quintile Momentum,-0.21509361418008494
2020-04-22,3. Quintile Momentum,-0.20629288977866317
2020-04-23,3. Quintile Momentum,-0.1989217294007041
2020-04-24,3. Quintile Momentum,-0.19157256126658814
2020-04-27,3. Quintile Momentum,-0.1610873016467662
2020-04-28,3. Quintile Momentum,-0.1504447723681623
2020-04-29,3. Quintile Momentum,-0.11264287050001177
2020-04-30,3. Quintile Momentum,-0.1366725948820906
2020-05-01,3. Quintile Momentum,-0.17259581609432575
2020-05-04,3. Quintile Momentum,-0.17213619095852584
2020-05-05,3. Quintile Momentum,-0.1792818573628577
2020-05-06,3. Quintile Momentum,-0.190285919018975
2020-05-07,3. Quintile Momentum,-0.17340849980550782
2020-05-08,3. Quintile Momentum,-0.14691069379323773
2020-05-11,3. Quintile Momentum,-0.16650587664012964
2020-05-12,3. Quintile Momentum,-0.1935371393673517
2020-05-13,3. Quintile Momentum,-0.22305949802167183
2020-05-14,3. Quintile Momentum,-0.20040018590956835
2020-05-15,3. Quintile Momentum,-0.20156289311841014
2020-05-18,3. Quintile Momentum,-0.1464640487988398
2020-05-19,3. Quintile Momentum,-0.16859054274689453
2020-05-20,3. Quintile Momentum,-0.13858218693906632
2020-05-21,3. Quintile Momentum,-0.14930450061409933
2020-05-22,3. Quintile Momentum,-0.15236175052313475
2020-05-26,3. Quintile Momentum,-0.11206610619698766
2020-05-27,3. Quintile Momentum,-0.08228922912053442
2020-05-28,3. Quintile Momentum,-0.1109614573217893
2020-05-29,3. Quintile Momentum,-0.11974925123164994
2020-06-01,3. Quintile Momentum,-0.10566973248201557
2020-06-02,3. Quintile Momentum,-0.09778487838513299
2020-06-03,3. Quintile Momentum,-0.05974554396962036
2020-06-04,3. Quintile Momentum,-0.04579932294171634
2020-06-05,3. Quintile Momentum,-0.001563487563719222
2020-06-08,3. Quintile Momentum,0.0
2020-06-09,3. Quintile Momentum,-0.021388827846162924
2020-06-10,3. Quintile Momentum,-0.062322321067600175
2020-06-11,3. Quintile Momentum,-0.144531912247043
2020-06-12,3. Quintile Momentum,-0.12117617755193562
2020-06-15,3. Quintile Momentum,-0.1121395397423242
2020-06-16,3. Quintile Momentum,-0.09691059821876426
2020-06-17,3. Quintile Momentum,-0.11853208070491093
2020-06-18,3. Quintile Momentum,-0.116483662649108
2020-06-19,3. Quintile Momentum,-0.12936536211380215
2020-06-22,3. Quintile Momentum,-0.13190474571314653
2020-06-23,3. Quintile Momentum,-0.12529430002034794
2020-06-24,3. Quintile Momentum,-0.16022976939330416
2020-06-25,3. Quintile Momentum,-0.1434698201248379
2020-06-26,3. Quintile Momentum,-0.18038373846635802
2020-06-29,3. Quintile Momentum,-0.1693093024309402
2020-06-30,3. Quintile Momentum,-0.16200136232930495
2020-07-01,3. Quintile Momentum,-0.17003266160454222
2020-07-02,3. Quintile Momentum,-0.1707975558183715
2020-07-06,3. Quintile Momentum,-0.15682517924667924
2020-07-07,3. Quintile Momentum,-0.17529064881958958
2020-07-08,3. Quintile Momentum,-0.16710654124585075
2020-07-09,3. Quintile Momentum,-0.18265230924406936
2020-07-10,3. Quintile Momentum,-0.15009498544496033
2020-07-13,3. Quintile Momentum,-0.15171828560864498
2020-07-14,3. Quintile Momentum,-0.1393539799976853
2020-07-15,3. Quintile Momentum,-0.12508082306833773
2020-07-16,3. Quintile Momentum,-0.13494941537657687
2020-07-17,3. Quintile Momentum,-0.1502665810035411
2020-07-20,3. Quintile Momentum,-0.15555899972068313
2020-07-21,3. Quintile Momentum,-0.13163236655574678
2020-07-22,3. Quintile Momentum,-0.13841077395752902
2020-07-23,3. Quintile Momentum,-0.13710361173927502
2020-07-24,3. Quintile Momentum,-0.14253671863419412
2020-07-27,3. Quintile Momentum,-0.14660887231253508
2020-07-28,3. Quintile Momentum,-0.14661129301233475
2020-07-29,3. Quintile Momentum,-0.1324630343196951
2020-07-30,3. Quintile Momentum,-0.15227505076383338
2020-07-31,3. Quintile Momentum,-0.15278252189766478
2020-08-03,3. Quintile Momentum,-0.15639064988170048
2020-08-04,3. Quintile Momentum,-0.1495323973045152
2020-08-05,3. Quintile Momentum,-0.13836358122577733
2020-08-06,3. Quintile Momentum,-0.13750755268756795
2020-08-07,3. Quintile Momentum,-0.12693460396759693
2020-08-10,3. Quintile Momentum,-0.11530823161045657
2020-08-11,3. Quintile Momentum,-0.10200911694459576
2020-08-12,3. Quintile Momentum,-0.10774628905442984
2020-08-13,3. Quintile Momentum,-0.11789680242540332
2020-08-14,3. Quintile Momentum,-0.11551595363337454
2020-08-17,3. Quintile Momentum,-0.13018946525028244
2020-08-18,3. Quintile Momentum,-0.13650496733810777
2020-08-19,3. Quintile Momentum,-0.14333380480487773
2020-08-20,3. Quintile Momentum,-0.15264181008595146
2020-08-21,3. Quintile Momentum,-0.15564895549504681
2020-08-24,3. Quintile Momentum,-0.13440271221112857
2020-08-25,3. Quintile Momentum,-0.1378151080522595
2020-08-26,3. Quintile Momentum,-0.14791530552803242
2020-08-27,3. Quintile Momentum,-0.13763803444334036
2020-08-28,3. Quintile Momentum,-0.12262484558577588
2020-08-31,3. Quintile Momentum,-0.12361342901831224
2020-09-01,3. Quintile Momentum,-0.12802937747869306
2020-09-02,3. Quintile Momentum,-0.14295090746087738
2020-09-03,3. Quintile Momentum,-0.17974234616579088
2020-09-04,3. Quintile Momentum,-0.1699939065705482
2020-09-08,3. Quintile Momentum,-0.23543749868212258
2020-09-09,3. Quintile Momentum,-0.2110948712311365
2020-09-10,3. Quintile Momentum,-0.22287199793690105
2020-09-11,3. Quintile Momentum,-0.22263176614962127
2020-09-14,3. Quintile Momentum,-0.19452961551960976
2020-09-15,3. Quintile Momentum,-0.19008267288136418
2020-09-16,3. Quintile Momentum,-0.19002345003813206
2020-09-17,3. Quintile Momentum,-0.20368502642146877
2020-09-18,3. Quintile Momentum,-0.2052042541443392
2020-09-21,3. Quintile Momentum,-0.20733925170706677
2020-09-22,3. Quintile Momentum,-0.22269263206732484
2020-09-23,3. Quintile Momentum,-0.2595851621822006
2020-09-24,3. Quintile Momentum,-0.25500449845535206
2020-09-25,3. Quintile Momentum,-0.23596729401623148
2020-09-28,3. Quintile Momentum,-0.21574239627284392
2020-09-29,3. Quintile Momentum,-0.2255886915274844
2020-09-30,3. Quintile Momentum,-0.21600102686057718
2020-10-01,3. Quintile Momentum,-0.21096376129142397
2020-10-02,3. Quintile Momentum,-0.23073792675320468
2020-10-05,3. Quintile Momentum,-0.21346979274217867
2020-10-06,3. Quintile Momentum,-0.228452280883435
2020-10-07,3. Quintile Momentum,-0.2158582275572859
2020-10-08,3. Quintile Momentum,-0.20161861381116822
2020-10-09,3. Quintile Momentum,-0.19878806218347608
2020-10-12,3. Quintile Momentum,-0.18039446686357494
2020-10-13,3. Quintile Momentum,-0.1899749745554743
2020-10-14,3. Quintile Momentum,-0.18498396930461275
2020-10-15,3. Quintile Momentum,-0.18633528599046245
2020-10-16,3. Quintile Momentum,-0.1956437965683533
2020-10-19,3. Quintile Momentum,-0.21218037015006147
2020-10-20,3. Quintile Momentum,-0.21070713996109122
2020-10-21,3. Quintile Momentum,-0.21664177078266497
2020-10-22,3. Quintile Momentum,-0.200138508769906
2020-10-23,3. Quintile Momentum,-0.2054249351253602
2020-10-26,3. Quintile Momentum,-0.21563682486112468
2020-10-27,3. Quintile Momentum,-0.21815757365535796
2020-10-28,3. Quintile Momentum,-0.24852295320428247
2020-10-29,3. Quintile Momentum,-0.23033471231015493
2020-10-30,3. Quintile Momentum,-0.2308289585460601
2020-11-02,3. Quintile Momentum,-0.2145059907530891
2020-11-03,3. Quintile Momentum,-0.20364372255589339
2020-11-04,3. Quintile Momentum,-0.19691870683538426
2020-11-05,3. Quintile Momentum,-0.1810715336687531
2020-11-06,3. Quintile Momentum,-0.1845149227846958
2020-11-09,3. Quintile Momentum,-0.16315851304138596
2020-11-10,3. Quintile Momentum,-0.1665076090116423
2020-11-11,3. Quintile Momentum,-0.1598439145602559
2020-11-12,3. Quintile Momentum,-0.16967335743132517
2020-11-13,3. Quintile Momentum,-0.16394219938723284
2020-11-16,3. Quintile Momentum,-0.14870469951845453
2020-11-17,3. Quintile Momentum,-0.13278844915596358
2020-11-18,3. Quintile Momentum,-0.12425421384896264
2020-11-19,3. Quintile Momentum,-0.11611516277998704
2020-11-20,3. Quintile Momentum,-0.12701116204590798
2020-11-23,3. Quintile Momentum,-0.10641265002157253
2020-11-24,3. Quintile Momentum,-0.07199842555820173
2020-11-25,3. Quintile Momentum,-0.0684134143445831
2020-11-27,3. Quintile Momentum,-0.06480030620984707
2020-11-30,3. Quintile Momentum,-0.06492204125077854
2020-12-01,3. Quintile Momentum,-0.04390124915711225
2020-12-02,3. Quintile Momentum,-0.0398154932474709
2020-12-03,3. Quintile Momentum,-0.026928635799058374
2020-12-04,3. Quintile Momentum,-0.014886478161833933
2020-12-07,3. Quintile Momentum,-0.0012273625878772064
2020-12-08,3. Quintile Momentum,0.0
2020-12-09,3. Quintile Momentum,-0.017591379034898803
2020-12-10,3. Quintile Momentum,0.0
2020-12-11,3. Quintile Momentum,-0.008682209614342481
2020-12-14,3. Quintile Momentum,-0.013508455938006201
2020-12-15,3. Quintile Momentum,0.0
2020-12-16,3. Quintile Momentum,-0.0018268723346269904
2020-12-17,3. Quintile Momentum,0.0
2020-12-18,3. Quintile Momentum,0.0
2020-12-21,3. Quintile Momentum,-0.021690256464673232
2020-12-22,3. Quintile Momentum,-0.023210858038149314
2020-12-23,3. Quintile Momentum,-0.02081672904576414
2020-12-24,3. Quintile Momentum,-0.012884626725305933
2020-12-28,3. Quintile Momentum,-0.0013401376281602221
2020-12-29,3. Quintile Momentum,-0.005136850662672292
2020-12-30,3. Quintile Momentum,0.0
2020-12-31,3. Quintile Momentum,-0.0005829827446427257
2021-01-04,3. Quintile Momentum,0.0
2021-01-05,3. Quintile Momentum,0.0
2021-01-06,3. Quintile Momentum,0.0
2021-01-07,3. Quintile Momentum,0.0
2021-01-08,3. Quintile Momentum,0.0
2021-01-11,3. Quintile Momentum,-0.016042797120392936
2021-01-12,3. Quintile Momentum,-0.0017833915200716184
2021-01-13,3. Quintile Momentum,0.0
2021-01-14,3. Quintile Momentum,0.0
2021-01-15,3. Quintile Momentum,-0.022826290706753415
2021-01-19,3. Quintile Momentum,-0.010257108832934665
2021-01-20,3. Quintile Momentum,0.0
2021-01-21,3. Quintile Momentum,-0.0014242883382106903
2021-01-22,3. Quintile Momentum,-0.00043974785310759194
2021-01-25,3. Quintile Momentum,0.0
2021-01-26,3. Quintile Momentum,-0.004273829277454459
2021-01-27,3. Quintile Momentum,-0.021441352840062888
2021-01-28,3. Quintile Momentum,-0.03737236519561912
2021-01-29,3. Quintile Momentum,-0.037961451610533756
2021-02-01,3. Quintile Momentum,-0.019194026565269234
2021-02-02,3. Quintile Momentum,-0.013409653276645016
2021-02-03,3. Quintile Momentum,-0.021519014175929857
2021-02-04,3. Quintile Momentum,-0.016167228400511057
2021-02-05,3. Quintile Momentum,-0.015422148109760055
2021-02-08,3. Quintile Momentum,-0.0131761280329724
2021-02-09,3. Quintile Momentum,-0.018984141060489842
2021-02-10,3. Quintile Momentum,-0.036039457197086205
2021-02-11,3. Quintile Momentum,-0.036310877166146345
2021-02-12,3. Quintile Momentum,-0.03390932652765246
2021-02-16,3. Quintile Momentum,-0.04355810218457448
2021-02-17,3. Quintile Momentum,-0.04490415825796443
2021-02-18,3. Quintile Momentum,-0.05043493486320587
2021-02-19,3. Quintile Momentum,-0.05731519924850943
2021-02-22,3. Quintile Momentum,-0.08685188982391573
2021-02-23,3. Quintile Momentum,-0.09243826039355219
2021-02-24,3. Quintile Momentum,-0.0810828133125972
2021-02-25,3. Quintile Momentum,-0.10872792773115024
2021-02-26,3. Quintile Momentum,-0.1092515332736234
2021-03-01,3. Quintile Momentum,-0.07545591280670524
2021-03-02,3. Quintile Momentum,-0.0972234213935674
2021-03-03,3. Quintile Momentum,-0.1110608281303943
2021-03-04,3. Quintile Momentum,-0.1244188381210409
2021-03-05,3. Quintile Momentum,-0.12278961498911596
2021-03-08,3. Quintile Momentum,-0.15164037779634548
2021-03-09,3. Quintile Momentum,-0.09678703161978813
2021-03-10,3. Quintile Momentum,-0.09818041275376493
2021-03-11,3. Quintile Momentum,-0.07783529896511081
2021-03-12,3. Quintile Momentum,-0.08468990705734061
2021-03-15,3. Quintile Momentum,-0.06680923829840542
2021-03-16,3. Quintile Momentum,-0.06657401282225985
2021-03-17,3. Quintile Momentum,-0.056014152292006396
2021-03-18,3. Quintile Momentum,-0.08462936705071171
2021-03-19,3. Quintile Momentum,-0.07671654752768342
2021-03-22,3. Quintile Momentum,-0.059384559964313334
2021-03-23,3. Quintile Momentum,-0.07030751137850083
2021-03-24,3. Quintile Momentum,-0.0910083399293867
2021-03-25,3. Quintile Momentum,-0.0892929245116867
2021-03-26,3. Quintile Momentum,-0.0877442122704709
2021-03-29,3. Quintile Momentum,-0.08065299035096316
2021-03-30,3. Quintile Momentum,-0.08119773004112814
2021-03-31,3. Quintile Momentum,-0.08273769197495796
2021-04-01,3. Quintile Momentum,-0.07963145583384423
2021-04-05,3. Quintile Momentum,-0.06475500170000438
2021-04-06,3. Quintile Momentum,-0.06521151359213692
2021-04-07,3. Quintile Momentum,-0.06207401700333269
2021-04-08,3. Quintile Momentum,-0.059549155160280705
2021-04-09,3. Quintile Momentum,-0.051470817144196226
2021-04-12,3. Quintile Momentum,-0.04762437980628082
2021-04-13,3. Quintile Momentum,-0.04868661649879041
2021-04-14,3. Quintile Momentum,-0.052850853345316674
2021-04-15,3. Quintile Momentum,-0.04250087213080997
2021-04-16,3. Quintile Momentum,-0.0340623004512542
2021-04-19,3. Quintile Momentum,-0.03642371725101123
2021-04-20,3. Quintile Momentum,-0.034800390712308775
2021-04-21,3. Quintile Momentum,-0.030434373645848983
2021-04-22,3. Quintile Momentum,-0.04636286839467483
2021-04-23,3. Quintile Momentum,-0.04465399157675391
2021-04-26,3. Quintile Momentum,-0.04738064616836146
2021-04-27,3. Quintile Momentum,-0.047553735201984935
2021-04-28,3. Quintile Momentum,-0.04267815976191485
2021-04-29,3. Quintile Momentum,-0.03823343081344302
2021-04-30,3. Quintile Momentum,-0.03880592803648557
2021-05-03,3. Quintile Momentum,-0.026861776497545734
2021-05-04,3. Quintile Momentum,-0.03212668910777577
2021-05-05,3. Quintile Momentum,-0.037479510374002406
2021-05-06,3. Quintile Momentum,-0.03690605828089609
2021-05-07,3. Quintile Momentum,-0.03391408260863662
2021-05-10,3. Quintile Momentum,-0.034595937104823414
2021-05-11,3. Quintile Momentum,-0.03724771196927559
2021-05-12,3. Quintile Momentum,-0.04867947161936429
2021-05-13,3. Quintile Momentum,-0.03746068129077198
2021-05-14,3. Quintile Momentum,-0.03209375319516301
2021-05-17,3. Quintile Momentum,-0.0351955731636156
2021-05-18,3. Quintile Momentum,-0.03416578638490034
2021-05-19,3. Quintile Momentum,-0.034347336974532405
2021-05-20,3. Quintile Momentum,-0.022619615590775365
2021-05-21,3. Quintile Momentum,-0.026598491656387904
2021-05-24,3. Quintile Momentum,-0.025178433468753553
2021-05-25,3. Quintile Momentum,-0.02705095312124329
2021-05-26,3. Quintile Momentum,-0.029974917532131082
2021-05-27,3. Quintile Momentum,-0.037435808822790725
2021-05-28,3. Quintile Momentum,-0.03797766082990685
2021-06-01,3. Quintile Momentum,-0.044235020695358465
2021-06-02,3. Quintile Momentum,-0.04250317774869236
2021-06-03,3. Quintile Momentum,-0.04601741099367893
2021-06-04,3. Quintile Momentum,-0.04143997102730752
2021-06-07,3. Quintile Momentum,-0.04286175939959768
2021-06-08,3. Quintile Momentum,-0.043645595114919104
2021-06-09,3. Quintile Momentum,-0.04688244096989355
2021-06-10,3. Quintile Momentum,-0.03792922759793979
2021-06-11,3. Quintile Momentum,-0.03760743972984265
2021-06-14,3. Quintile Momentum,-0.029753039568990728
2021-06-15,3. Quintile Momentum,-0.03504468348285951
2021-06-16,3. Quintile Momentum,-0.040568238675107705
2021-06-17,3. Quintile Momentum,-0.029080933716887275
2021-06-18,3. Quintile Momentum,-0.03591076236226098
2021-06-21,3. Quintile Momentum,-0.03623454741492393
2021-06-22,3. Quintile Momentum,-0.02557734877698226
2021-06-23,3. Quintile Momentum,-0.02597426997789798
2021-06-24,3. Quintile Momentum,-0.025744875408742207
2021-06-25,3. Quintile Momentum,-0.01885283434275946
2021-06-28,3. Quintile Momentum,-0.012847595959785737
2021-06-29,3. Quintile Momentum,-0.015302192060944148
2021-06-30,3. Quintile Momentum,-0.015876701908660956
2021-07-01,3. Quintile Momentum,-0.013708045315613461
2021-07-02,3. Quintile Momentum,-0.011130015756080094
2021-07-06,3. Quintile Momentum,-0.012500375610863961
2021-07-07,3. Quintile Momentum,-0.014906769281466265
2021-07-08,3. Quintile Momentum,-0.017604231251368396
2021-07-09,3. Quintile Momentum,-0.007902279279361508
2021-07-12,3. Quintile Momentum,0.0
2021-07-13,3. Quintile Momentum,0.0
2021-07-14,3. Quintile Momentum,0.0
2021-07-15,3. Quintile Momentum,0.0
2021-07-16,3. Quintile Momentum,-0.01026227727002864
2021-07-19,3. Quintile Momentum,-0.018856044894271486
2021-07-20,3. Quintile Momentum,-0.014409913183721814
2021-07-21,3. Quintile Momentum,-0.02433352168002149
2021-07-22,3. Quintile Momentum,-0.029979905354889636
2021-07-23,3. Quintile Momentum,-0.02131330787131495
2021-07-26,3. Quintile Momentum,-0.015987361876278153
2021-07-27,3. Quintile Momentum,-0.012774499265158498
2021-07-28,3. Quintile Momentum,-0.017919421177562504
2021-07-29,3. Quintile Momentum,-0.019675269354838428
2021-07-30,3. Quintile Momentum,-0.02077300084164122
2021-08-02,3. Quintile Momentum,-0.01131787396655275
2021-08-03,3. Quintile Momentum,-0.00977563411427877
2021-08-04,3. Quintile Momentum,-0.0021786182638338964
2021-08-05,3. Quintile Momentum,0.0
2021-08-06,3. Quintile Momentum,-0.011313149490348177
2021-08-09,3. Quintile Momentum,-0.006704500874411071
2021-08-10,3. Quintile Momentum,-0.00915832974792279
2021-08-11,3. Quintile Momentum,-0.012217335450622964
2021-08-12,3. Quintile Momentum,-0.0069724359118227795
2021-08-13,3. Quintile Momentum,-0.0020157458510903226
2021-08-16,3. Quintile Momentum,-0.012889517115528692
2021-08-17,3. Quintile Momentum,-0.025834353031411125
2021-08-18,3. Quintile Momentum,-0.024154569036630266
2021-08-19,3. Quintile Momentum,-0.008271937450565613
2021-08-20,3. Quintile Momentum,0.0
2021-08-23,3. Quintile Momentum,0.0
2021-08-24,3. Quintile Momentum,-0.003742366270699262
2021-08-25,3. Quintile Momentum,-0.0003169552030871706
2021-08-26,3. Quintile Momentum,-0.006969320357641618
2021-08-27,3. Quintile Momentum,0.0
2021-08-30,3. Quintile Momentum,0.0
2021-08-31,3. Quintile Momentum,-0.0016511529619076366
2021-09-01,3. Quintile Momentum,0.0
2021-09-02,3. Quintile Momentum,-0.0027127855404745663
2021-09-03,3. Quintile Momentum,-0.0006295840700218519
2021-09-07,3. Quintile Momentum,0.0
2021-09-08,3. Quintile Momentum,-0.00021148001938867548
2021-09-09,3. Quintile Momentum,-0.0005207126652001301
2021-09-10,3. Quintile Momentum,-0.003022772325970595
2021-09-13,3. Quintile Momentum,0.0
2021-09-14,3. Quintile Momentum,-0.007589069792513881
2021-09-15,3. Quintile Momentum,0.0
2021-09-16,3. Quintile Momentum,-0.004165195367266198
2021-09-17,3. Quintile Momentum,-0.013105493500071475
2021-09-20,3. Quintile Momentum,-0.03751703803805907
2021-09-21,3. Quintile Momentum,-0.04808469344730234
2021-09-22,3. Quintile Momentum,-0.025570227039311607
2021-09-23,3. Quintile Momentum,0.0
2021-09-24,3. Quintile Momentum,0.0
2021-09-27,3. Quintile Momentum,0.0
2021-09-28,3. Quintile Momentum,-0.016820949349627627
2021-09-29,3. Quintile Momentum,-0.020072179486302764
2021-09-30,3. Quintile Momentum,-0.020671935762122645
2021-10-01,3. Quintile Momentum,-0.0032138698668350164
2021-10-04,3. Quintile Momentum,-0.03200658006073278
2021-10-05,3. Quintile Momentum,-0.02198999690027579
2021-10-06,3. Quintile Momentum,-0.013423611388299613
2021-10-07,3. Quintile Momentum,0.0
2021-10-08,3. Quintile Momentum,-0.00417189586357854
2021-10-11,3. Quintile Momentum,-0.016976663853476598
2021-10-12,3. Quintile Momentum,-0.022983395418620996
2021-10-13,3. Quintile Momentum,-0.019876822042799426
2021-10-14,3. Quintile Momentum,-0.005283234418466528
2021-10-15,3. Quintile Momentum,0.0
2021-10-18,3. Quintile Momentum,-0.003486170908082218
2021-10-19,3. Quintile Momentum,0.0
2021-10-20,3. Quintile Momentum,-0.006914869336812154
2021-10-21,3. Quintile Momentum,0.0
2021-10-22,3. Quintile Momentum,-0.0001572623851441109
2021-10-25,3. Quintile Momentum,0.0
2021-10-26,3. Quintile Momentum,0.0
2021-10-27,3. Quintile Momentum,-0.023964912370659865
2021-10-28,3. Quintile Momentum,-0.021342989236415016
2021-10-29,3. Quintile Momentum,-0.021953077710200573
2021-11-01,3. Quintile Momentum,-0.01811898654678898
2021-11-02,3. Quintile Momentum,-0.021044427890673685
2021-11-03,3. Quintile Momentum,-0.019306244954713055
2021-11-04,3. Quintile Momentum,0.0
2021-11-05,3. Quintile Momentum,0.0
2021-11-08,3. Quintile Momentum,0.0
2021-11-09,3. Quintile Momentum,-0.014924026071504285
2021-11-10,3. Quintile Momentum,-0.015132682224158705
2021-11-11,3. Quintile Momentum,-0.03165565151490669
2021-11-12,3. Quintile Momentum,-0.02691900203923565
2021-11-15,3. Quintile Momentum,-0.03309662484713866
2021-11-16,3. Quintile Momentum,-0.022161900431738393
2021-11-17,3. Quintile Momentum,-0.05089597177099501
2021-11-18,3. Quintile Momentum,-0.0409087979105728
2021-11-19,3. Quintile Momentum,-0.03977872592566939
2021-11-22,3. Quintile Momentum,-0.0672806195202279
2021-11-23,3. Quintile Momentum,-0.06498043001551293
2021-11-24,3. Quintile Momentum,-0.04342081428225009
2021-11-26,3. Quintile Momentum,-0.07540040737058123
2021-11-29,3. Quintile Momentum,-0.06117898938224232
2021-11-30,3. Quintile Momentum,-0.061331556239781815
2021-12-01,3. Quintile Momentum,-0.08551169519714999
2021-12-02,3. Quintile Momentum,-0.05214662963750705
2021-12-03,3. Quintile Momentum,-0.06498964522555556
2021-12-06,3. Quintile Momentum,-0.046913806261035904
2021-12-07,3. Quintile Momentum,-0.018747549651771486
2021-12-08,3. Quintile Momentum,-0.01489499204257163
2021-12-09,3. Quintile Momentum,-0.020607387113378228
2021-12-10,3. Quintile Momentum,-0.01661814632296162
2021-12-13,3. Quintile Momentum,-0.04126115640299185
2021-12-14,3. Quintile Momentum,-0.04695854790460264
2021-12-15,3. Quintile Momentum,-0.022466051453435127
2021-12-16,3. Quintile Momentum,-0.03262973142453944
2021-12-17,3. Quintile Momentum,-0.042529165639517884
2021-12-20,3. Quintile Momentum,-0.05979034118799142
2021-12-21,3. Quintile Momentum,-0.02436383565233407
2021-12-22,3. Quintile Momentum,-0.012536746543999428
2021-12-23,3. Quintile Momentum,-0.007290969235697872
2021-12-27,3. Quintile Momentum,0.0
2021-12-28,3. Quintile Momentum,0.0
2021-12-29,3. Quintile Momentum,-0.002310064837373758
2021-12-30,3. Quintile Momentum,-0.004157176931581328
2021-12-31,3. Quintile Momentum,-0.004782818568606784
2022-01-03,3. Quintile Momentum,0.0
2022-01-04,3. Quintile Momentum,-0.008894069034143625
2022-01-05,3. Quintile Momentum,-0.035706245495967834
2022-01-06,3. Quintile Momentum,-0.02239998352294613
2022-01-07,3. Quintile Momentum,-0.03237461726657742
2022-01-10,3. Quintile Momentum,-0.04144038002237005
2022-01-11,3. Quintile Momentum,-0.0285505955927125
2022-01-12,3. Quintile Momentum,-0.0264717624480917
2022-01-13,3. Quintile Momentum,-0.04791142049562382
2022-01-14,3. Quintile Momentum,-0.04681022745858713
2022-01-18,3. Quintile Momentum,-0.063865250998026
2022-01-19,3. Quintile Momentum,-0.07441223391294495
2022-01-20,3. Quintile Momentum,-0.08863825423120522
2022-01-21,3. Quintile Momentum,-0.13077511916977957
2022-01-24,3. Quintile Momentum,-0.13124473407654835
2022-01-25,3. Quintile Momentum,-0.14762187663223258
2022-01-26,3. Quintile Momentum,-0.14814099135365527
2022-01-27,3. Quintile Momentum,-0.15185362231042757
2022-01-28,3. Quintile Momentum,-0.10925508064011073
2022-01-31,3. Quintile Momentum,-0.11026533645543789
2022-02-01,3. Quintile Momentum,-0.08577051790038838
2022-02-02,3. Quintile Momentum,-0.10111982845438511
2022-02-03,3. Quintile Momentum,-0.19571671785473393
2022-02-04,3. Quintile Momentum,-0.16273023476758114
2022-02-07,3. Quintile Momentum,-0.17439193198344485
2022-02-08,3. Quintile Momentum,-0.1718774664616009
2022-02-09,3. Quintile Momentum,-0.15153027223616325
2022-02-10,3. Quintile Momentum,-0.15335089165865623
2022-02-11,3. Quintile Momentum,-0.17989780308706782
2022-02-14,3. Quintile Momentum,-0.17353191297067166
2022-02-15,3. Quintile Momentum,-0.15748061023264223
2022-02-16,3. Quintile Momentum,-0.16063522107111314
2022-02-17,3. Quintile Momentum,-0.18328985415978535
2022-02-18,3. Quintile Momentum,-0.18751318245281176
2022-02-22,3. Quintile Momentum,-0.20633775289847
2022-02-23,3. Quintile Momentum,-0.22554337390107157
2022-02-24,3. Quintile Momentum,-0.19205060148145278
2022-02-25,3. Quintile Momentum,-0.18578083804407886
2022-02-28,3. Quintile Momentum,-0.18634791982112656
2022-03-01,3. Quintile Momentum,-0.2093571647709229
2022-03-02,3. Quintile Momentum,-0.20179379981901951
2022-03-03,3. Quintile Momentum,-0.2167705703037488
2022-03-04,3. Quintile Momentum,-0.23508264552725144
2022-03-07,3. Quintile Momentum,-0.2704943687117821
2022-03-08,3. Quintile Momentum,-0.2758656333324927
2022-03-09,3. Quintile Momentum,-0.24917611999956155
2022-03-10,3. Quintile Momentum,-0.2556736212400109
2022-03-11,3. Quintile Momentum,-0.27834672835298335
2022-03-14,3. Quintile Momentum,-0.2859875281348803
2022-03-15,3. Quintile Momentum,-0.26380088445012595
2022-03-16,3. Quintile Momentum,-0.23160155242731742
2022-03-17,3. Quintile Momentum,-0.21604866692079397
2022-03-18,3. Quintile Momentum,-0.20189203543036557
2022-03-21,3. Quintile Momentum,-0.2127652562682155
2022-03-22,3. Quintile Momentum,-0.1971837209318323
2022-03-23,3. Quintile Momentum,-0.21207370480642687
2022-03-24,3. Quintile Momentum,-0.20243449633439622
2022-03-25,3. Quintile Momentum,-0.19921135043065938
2022-03-28,3. Quintile Momentum,-0.19718289412887585
2022-03-29,3. Quintile Momentum,-0.17880435996735164
2022-03-30,3. Quintile Momentum,-0.1889489991773687
2022-03-31,3. Quintile Momentum,-0.20906235335311016
2022-04-01,3. Quintile Momentum,-0.20890766433289953
2022-04-04,3. Quintile Momentum,-0.18785754938424715
2022-04-05,3. Quintile Momentum,-0.20343876170629804
2022-04-06,3. Quintile Momentum,-0.22460209728630695
2022-04-07,3. Quintile Momentum,-0.2296726024993099
2022-04-08,3. Quintile Momentum,-0.23006046688772205
2022-04-11,3. Quintile Momentum,-0.24216441733576438
2022-04-12,3. Quintile Momentum,-0.24824979238105152
2022-04-13,3. Quintile Momentum,-0.2481800753232181
2022-04-14,3. Quintile Momentum,-0.2618896615672762
2022-04-18,3. Quintile Momentum,-0.26335064421182086
2022-04-19,3. Quintile Momentum,-0.24201465955300747
2022-04-20,3. Quintile Momentum,-0.3308595476852059
2022-04-21,3. Quintile Momentum,-0.35233838830508424
2022-04-22,3. Quintile Momentum,-0.36758240212996723
2022-04-25,3. Quintile Momentum,-0.3654528873702525
2022-04-26,3. Quintile Momentum,-0.38833196678647963
2022-04-27,3. Quintile Momentum,-0.40227138459387973
2022-04-28,3. Quintile Momentum,-0.3640506361663517
2022-04-29,3. Quintile Momentum,-0.36417541655941044
2022-05-02,3. Quintile Momentum,-0.34400580457452706
2022-05-03,3. Quintile Momentum,-0.3394418418818399
2022-05-04,3. Quintile Momentum,-0.31777775827096
2022-05-05,3. Quintile Momentum,-0.35221564694203933
2022-05-06,3. Quintile Momentum,-0.3655016993524199
2022-05-09,3. Quintile Momentum,-0.3852620347785896
2022-05-10,3. Quintile Momentum,-0.3832706006880331
2022-05-11,3. Quintile Momentum,-0.40428306908419603
2022-05-12,3. Quintile Momentum,-0.3970839653968395
2022-05-13,3. Quintile Momentum,-0.3743981761888327
2022-05-16,3. Quintile Momentum,-0.37838344442345356
2022-05-17,3. Quintile Momentum,-0.36280549759996766
2022-05-18,3. Quintile Momentum,-0.39116918197513506
2022-05-19,3. Quintile Momentum,-0.3906923070947285
2022-05-20,3. Quintile Momentum,-0.38882837661705383
2022-05-23,3. Quintile Momentum,-0.3712576998230241
2022-05-24,3. Quintile Momentum,-0.3927384498589748
2022-05-25,3. Quintile Momentum,-0.38090988717434054
2022-05-26,3. Quintile Momentum,-0.36546493017159765
2022-05-27,3. Quintile Momentum,-0.351802324527564
2022-05-31,3. Quintile Momentum,-0.35253806101894136
2022-06-01,3. Quintile Momentum,-0.3673185986137533
2022-06-02,3. Quintile Momentum,-0.3303289112979021
2022-06-03,3. Quintile Momentum,-0.3649431255612614
2022-06-06,3. Quintile Momentum,-0.3605637989350999
2022-06-07,3. Quintile Momentum,-0.356581709397686
2022-06-08,3. Quintile Momentum,-0.3527917639758983
2022-06-09,3. Quintile Momentum,-0.3782185156758818
2022-06-10,3. Quintile Momentum,-0.4074557526513739
2022-06-13,3. Quintile Momentum,-0.44988680360108513
2022-06-14,3. Quintile Momentum,-0.4471506814179954
2022-06-15,3. Quintile Momentum,-0.41836948929260304
2022-06-16,3. Quintile Momentum,-0.451809488712721
2022-06-17,3. Quintile Momentum,-0.44286694609872473
2022-06-21,3. Quintile Momentum,-0.43328725437685944
2022-06-22,3. Quintile Momentum,-0.430138779374711
2022-06-23,3. Quintile Momentum,-0.42722081766555886
2022-06-24,3. Quintile Momentum,-0.39553148762198553
2022-06-27,3. Quintile Momentum,-0.40023046778947563
2022-06-28,3. Quintile Momentum,-0.4309894050370697
2022-06-29,3. Quintile Momentum,-0.4357733023004775
2022-06-30,3. Quintile Momentum,-0.4361066593896234
2022-07-01,3. Quintile Momentum,-0.4345451236215236
2022-07-05,3. Quintile Momentum,-0.4132873885575026
2022-07-06,3. Quintile Momentum,-0.4107263614218341
2022-07-07,3. Quintile Momentum,-0.39497650811828855
2022-07-08,3. Quintile Momentum,-0.399208985374216
2022-07-11,3. Quintile Momentum,-0.4253958950212543
2022-07-12,3. Quintile Momentum,-0.43139735002528795
2022-07-13,3. Quintile Momentum,-0.42717272518216537
2022-07-14,3. Quintile Momentum,-0.4311263577635504
2022-07-15,3. Quintile Momentum,-0.40624298811591525
2022-07-18,3. Quintile Momentum,-0.39913646311059103
2022-07-19,3. Quintile Momentum,-0.3688171994286596
2022-07-20,3. Quintile Momentum,-0.33683653826193927
2022-07-21,3. Quintile Momentum,-0.32603377326720334
2022-07-22,3. Quintile Momentum,-0.3507050536967933
2022-07-25,3. Quintile Momentum,-0.358998736838323
2022-07-26,3. Quintile Momentum,-0.38224569355866905
2022-07-27,3. Quintile Momentum,-0.34288700425747015
2022-07-28,3. Quintile Momentum,-0.3476813136859383
2022-07-29,3. Quintile Momentum,-0.3481108330989471
2022-08-01,3. Quintile Momentum,-0.3478253554842376
2022-08-02,3. Quintile Momentum,-0.35214003041487674
2022-08-03,3. Quintile Momentum,-0.3288511299737526
2022-08-04,3. Quintile Momentum,-0.3208909948593028
2022-08-05,3. Quintile Momentum,-0.3298555521428495
2022-08-08,3. Quintile Momentum,-0.32368952593599154
2022-08-09,3. Quintile Momentum,-0.3308754060526289
2022-08-10,3. Quintile Momentum,-0.30036790236922606
2022-08-11,3. Quintile Momentum,-0.3059446096980293
2022-08-12,3. Quintile Momentum,-0.2905752895151413
2022-08-15,3. Quintile Momentum,-0.2901996351788876
2022-08-16,3. Quintile Momentum,-0.29273431236538033
2022-08-17,3. Quintile Momentum,-0.3070148390043773
2022-08-18,3. Quintile Momentum,-0.3031836820502217
2022-08-19,3. Quintile Momentum,-0.32202727504709844
2022-08-22,3. Quintile Momentum,-0.34787958382050266
2022-08-23,3. Quintile Momentum,-0.3513604795047136
2022-08-24,3. Quintile Momentum,-0.34550840728829746
2022-08-25,3. Quintile Momentum,-0.32832626953587035
2022-08-26,3. Quintile Momentum,-0.3599978720411368
2022-08-29,3. Quintile Momentum,-0.3641876914868998
2022-08-30,3. Quintile Momentum,-0.37104435037309946
2022-08-31,3. Quintile Momentum,-0.37141689087000007
2022-09-01,3. Quintile Momentum,-0.3624640883837222
2022-09-02,3. Quintile Momentum,-0.37232387436761044
2022-09-06,3. Quintile Momentum,-0.37859937132126015
2022-09-07,3. Quintile Momentum,-0.35785492544551945
2022-09-08,3. Quintile Momentum,-0.35688489976467486
2022-09-09,3. Quintile Momentum,-0.33905126973450306
2022-09-12,3. Quintile Momentum,-0.3300157244555538
2022-09-13,3. Quintile Momentum,-0.37141567973215234
2022-09-14,3. Quintile Momentum,-0.3580898854579748
2022-09-15,3. Quintile Momentum,-0.35537214999064526
2022-09-16,3. Quintile Momentum,-0.35583026731614414
2022-09-19,3. Quintile Momentum,-0.34831135175979344
2022-09-20,3. Quintile Momentum,-0.35492179675983465
2022-09-21,3. Quintile Momentum,-0.3708817074378401
2022-09-22,3. Quintile Momentum,-0.3779971477466858
2022-09-23,3. Quintile Momentum,-0.39945825677136965
2022-09-26,3. Quintile Momentum,-0.39984503456076786
2022-09-27,3. Quintile Momentum,-0.39757875310265006
2022-09-28,3. Quintile Momentum,-0.37197244076790087
2022-09-29,3. Quintile Momentum,-0.39481861674978896
2022-09-30,3. Quintile Momentum,-0.3951930337869266
2022-10-03,3. Quintile Momentum,-0.3949919942768003
2022-10-04,3. Quintile Momentum,-0.37109188981501484
2022-10-05,3. Quintile Momentum,-0.3760104809233197
2022-10-06,3. Quintile Momentum,-0.3794098430897325
2022-10-07,3. Quintile Momentum,-0.4131557816100883
2022-10-10,3. Quintile Momentum,-0.42076739743374
2022-10-11,3. Quintile Momentum,-0.4285294287781728
2022-10-12,3. Quintile Momentum,-0.4276543017252744
2022-10-13,3. Quintile Momentum,-0.4174884716626689
2022-10-14,3. Quintile Momentum,-0.4476592488250487
2022-10-17,3. Quintile Momentum,-0.4166112563714286
2022-10-18,3. Quintile Momentum,-0.4104411352342806
2022-10-19,3. Quintile Momentum,-0.4118693609475048
2022-10-20,3. Quintile Momentum,-0.41772719269428743
2022-10-21,3. Quintile Momentum,-0.40296897207176946
2022-10-24,3. Quintile Momentum,-0.40026275850412646
2022-10-25,3. Quintile Momentum,-0.38149890315358415
2022-10-26,3. Quintile Momentum,-0.4064989542899853
2022-10-27,3. Quintile Momentum,-0.4133318635254178
2022-10-28,3. Quintile Momentum,-0.4068453088323405
2022-10-31,3. Quintile Momentum,-0.4072273913543339
2022-11-01,3. Quintile Momentum,-0.4183153317676213
2022-11-02,3. Quintile Momentum,-0.4463525508707654
2022-11-03,3. Quintile Momentum,-0.4583685523157647
2022-11-04,3. Quintile Momentum,-0.4531110508643703
2022-11-07,3. Quintile Momentum,-0.4480976608631848
2022-11-08,3. Quintile Momentum,-0.45241531000415264
2022-11-09,3. Quintile Momentum,-0.4614290671934005
2022-11-10,3. Quintile Momentum,-0.4107459356763719
2022-11-11,3. Quintile Momentum,-0.39559659318790263
2022-11-14,3. Quintile Momentum,-0.40140144075354844
2022-11-15,3. Quintile Momentum,-0.3896370488325276
2022-11-16,3. Quintile Momentum,-0.4026443854261061
2022-11-17,3. Quintile Momentum,-0.4119764112123106
2022-11-18,3. Quintile Momentum,-0.4154503967756264
2022-11-21,3. Quintile Momentum,-0.4322685779203455
2022-11-22,3. Quintile Momentum,-0.4250778291622985
2022-11-23,3. Quintile Momentum,-0.4115847120362758
2022-11-25,3. Quintile Momentum,-0.41573872875882545
2022-11-28,3. Quintile Momentum,-0.4213166054576479
2022-11-29,3. Quintile Momentum,-0.4251604059854581
2022-11-30,3. Quintile Momentum,-0.4252481952907827
2022-12-01,3. Quintile Momentum,-0.42394891690084524
2022-12-02,3. Quintile Momentum,-0.4229414737278314
2022-12-05,3. Quintile Momentum,-0.43940180891481534
2022-12-06,3. Quintile Momentum,-0.4591211309578455
2022-12-07,3. Quintile Momentum,-0.4662089404080543
2022-12-08,3. Quintile Momentum,-0.4638850579147822
2022-12-09,3. Quintile Momentum,-0.4621785519120251
2022-12-12,3. Quintile Momentum,-0.4690591627684842
2022-12-13,3. Quintile Momentum,-0.46132103521356993
2022-12-14,3. Quintile Momentum,-0.46478344278437994
2022-12-15,3. Quintile Momentum,-0.4814111574097062
2022-12-16,3. Quintile Momentum,-0.4846435091662428
2022-12-19,3. Quintile Momentum,-0.49789901060050845
2022-12-20,3. Quintile Momentum,-0.5024047446138493
2022-12-21,3. Quintile Momentum,-0.49617664053317523
2022-12-22,3. Quintile Momentum,-0.5154347417294862
2022-12-23,3. Quintile Momentum,-0.5116738917643905
2022-12-27,3. Quintile Momentum,-0.5293640308292777
2022-12-28,3. Quintile Momentum,-0.5319983090561535
2022-12-29,3. Quintile Momentum,-0.5126569276343913
2022-12-30,3. Quintile Momentum,-0.5127256103817477
2023-01-03,3. Quintile Momentum,-0.5193175908187262
2023-01-04,3. Quintile Momentum,-0.5135977711002647
2023-01-05,3. Quintile Momentum,-0.5228230337351085
2023-01-06,3. Quintile Momentum,-0.5111469605123892
2023-01-09,3. Quintile Momentum,-0.5022714722340631
2023-01-10,3. Quintile Momentum,-0.49542475653388496
2023-01-11,3. Quintile Momentum,-0.4793517119516385
2023-01-12,3. Quintile Momentum,-0.47542541129128435
2023-01-13,3. Quintile Momentum,-0.47079860363466225
2023-01-17,3. Quintile Momentum,-0.467596454957663
2023-01-18,3. Quintile Momentum,-0.47373646871575825
2023-01-19,3. Quintile Momentum,-0.4720766384766067
2023-01-20,3. Quintile Momentum,-0.45059378546454354
2023-01-23,3. Quintile Momentum,-0.4335922518747596
2023-01-24,3. Quintile Momentum,-0.43821196285923913
2023-01-25,3. Quintile Momentum,-0.4415154767504062
2023-01-26,3. Quintile Momentum,-0.41384133185807753
2023-01-27,3. Quintile Momentum,-0.38497360732914615
2023-01-30,3. Quintile Momentum,-0.40663589622405905
2023-01-31,3. Quintile Momentum,-0.40700466763937526
2023-02-01,3. Quintile Momentum,-0.3953373623291046
2023-02-02,3. Quintile Momentum,-0.3660868574617428
2023-02-03,3. Quintile Momentum,-0.38369891367044906
2023-02-06,3. Quintile Momentum,-0.3851751911312778
2023-02-07,3. Quintile Momentum,-0.3769774860661172
2023-02-08,3. Quintile Momentum,-0.3872057157725984
2023-02-09,3. Quintile Momentum,-0.39333871094751277
2023-02-10,3. Quintile Momentum,-0.40202327986286435
2023-02-13,3. Quintile Momentum,-0.4007444884802971
2023-02-14,3. Quintile Momentum,-0.38880464775414314
2023-02-15,3. Quintile Momentum,-0.3803831122943869
2023-02-16,3. Quintile Momentum,-0.3985494853731669
2023-02-17,3. Quintile Momentum,-0.39541405875548624
2023-02-21,3. Quintile Momentum,-0.4141066399620167
2023-02-22,3. Quintile Momentum,-0.41066249569960944
2023-02-23,3. Quintile Momentum,-0.4109924888129206
2023-02-24,3. Quintile Momentum,-0.42326311656811644
2023-02-27,3. Quintile Momentum,-0.41583090987014326
2023-02-28,3. Quintile Momentum,-0.41589830065886757
2023-03-01,3. Quintile Momentum,-0.42209564382549514
2023-03-02,3. Quintile Momentum,-0.4263413190265578
2023-03-03,3. Quintile Momentum,-0.412573202592641
2023-03-06,3. Quintile Momentum,-0.4149251064860042
2023-03-07,3. Quintile Momentum,-0.42439698671201387
2023-03-08,3. Quintile Momentum,-0.4280368332976439
2023-03-09,3. Quintile Momentum,-0.44257690976693315
2023-03-10,3. Quintile Momentum,-0.4475560157061255
2023-03-13,3. Quintile Momentum,-0.4417126716661952
2023-03-14,3. Quintile Momentum,-0.4269004489762144
2023-03-15,3. Quintile Momentum,-0.4220114306235271
2023-03-16,3. Quintile Momentum,-0.40629646192645213
2023-03-17,3. Quintile Momentum,-0.40968940853376634
2023-03-20,3. Quintile Momentum,-0.4074890152713033
2023-03-21,3. Quintile Momentum,-0.3873609809626349
2023-03-22,3. Quintile Momentum,-0.399739463836403
2023-03-23,3. Quintile Momentum,-0.394736175447519
2023-03-24,3. Quintile Momentum,-0.39642359189442833
2023-03-27,3. Quintile Momentum,-0.40101351835143734
2023-03-28,3. Quintile Momentum,-0.407260295281663
2023-03-29,3. Quintile Momentum,-0.3977459018434504
2023-03-30,3. Quintile Momentum,-0.39438258315583036
2023-03-31,3. Quintile Momentum,-0.3947532253139517
2023-04-03,3. Quintile Momentum,-0.4033162586076549
2023-04-04,3. Quintile Momentum,-0.40755631585604063
2023-04-05,3. Quintile Momentum,-0.4162741198178128
2023-04-06,3. Quintile Momentum,-0.4143294153634943
2023-04-10,3. Quintile Momentum,-0.4131866747003309
2023-04-11,3. Quintile Momentum,-0.4105218964384687
2023-04-12,3. Quintile Momentum,-0.42092286941196083
2023-04-13,3. Quintile Momentum,-0.4095177535966916
2023-04-14,3. Quintile Momentum,-0.40597027909571864
2023-04-17,3. Quintile Momentum,-0.39968167762471285
2023-04-18,3. Quintile Momentum,-0.40365102043755857
2023-04-19,3. Quintile Momentum,-0.40723154650477655
2023-04-20,3. Quintile Momentum,-0.42308854617645153
2023-04-21,3. Quintile Momentum,-0.4157688315984424
2023-04-24,3. Quintile Momentum,-0.42041018150596965
2023-04-25,3. Quintile Momentum,-0.4341404505583442
2023-04-26,3. Quintile Momentum,-0.44037321355638814
2023-04-27,3. Quintile Momentum,-0.42578830603687445
2023-04-28,3. Quintile Momentum,-0.42656591584344544
2023-05-01,3. Quintile Momentum,-0.4334426429417404
2023-05-02,3. Quintile Momentum,-0.43745117581096843
2023-05-03,3. Quintile Momentum,-0.44105472047437955
2023-05-04,3. Quintile Momentum,-0.44553315495534473
2023-05-05,3. Quintile Momentum,-0.4318647861666928
2023-05-08,3. Quintile Momentum,-0.4297836303938824
2023-05-09,3. Quintile Momentum,-0.4314161917153099
2023-05-10,3. Quintile Momentum,-0.4290962714316111
2023-05-11,3. Quintile Momentum,-0.42589707201998167
2023-05-12,3. Quintile Momentum,-0.43414528623433524
2023-05-15,3. Quintile Momentum,-0.43169750007400265
2023-05-16,3. Quintile Momentum,-0.4304404867908897
2023-05-17,3. Quintile Momentum,-0.4165647979287926
2023-05-18,3. Quintile Momentum,-0.4120004116537952
2023-05-19,3. Quintile Momentum,-0.41324324604279183
2023-05-22,3. Quintile Momentum,-0.40012455286175846
2023-05-23,3. Quintile Momentum,-0.3978430308446853
2023-05-24,3. Quintile Momentum,-0.4036467696261859
2023-05-25,3. Quintile Momentum,-0.4076643077265235
2023-05-26,3. Quintile Momentum,-0.393937079908445
2023-05-30,3. Quintile Momentum,-0.38828807667109827
2023-05-31,3. Quintile Momentum,-0.38900206910017104
2023-06-01,3. Quintile Momentum,-0.3869047022773337
2023-06-02,3. Quintile Momentum,-0.3739493501030574
2023-06-05,3. Quintile Momentum,-0.3739191988963047
2023-06-06,3. Quintile Momentum,-0.36982183999445356
2023-06-07,3. Quintile Momentum,-0.3629438856788584
2023-06-08,3. Quintile Momentum,-0.3621282052734195
2023-06-09,3. Quintile Momentum,-0.364655143329706
2023-06-12,3. Quintile Momentum,-0.35989957857143023
2023-06-13,3. Quintile Momentum,-0.3564776751555702
2023-06-14,3. Quintile Momentum,-0.3611099289552937
2023-06-15,3. Quintile Momentum,-0.3547790211420853
2023-06-16,3. Quintile Momentum,-0.3549143381409432
2023-06-20,3. Quintile Momentum,-0.3591142678814422
2023-06-21,3. Quintile Momentum,-0.36316460162780007
2023-06-22,3. Quintile Momentum,-0.36523016770600175
2023-06-23,3. Quintile Momentum,-0.36845308409395106
2023-06-26,3. Quintile Momentum,-0.37025825252380623
2023-06-27,3. Quintile Momentum,-0.368502399014871
2023-06-28,3. Quintile Momentum,-0.37418702476068877
2023-06-29,3. Quintile Momentum,-0.36979295322352707
2023-06-30,3. Quintile Momentum,-0.3701682560226486
2023-07-03,3. Quintile Momentum,-0.3686201167340104
2023-07-05,3. Quintile Momentum,-0.36943188986019465
2023-07-06,3. Quintile Momentum,-0.37977160649396435
2023-07-07,3. Quintile Momentum,-0.3831581417298173
2023-07-10,3. Quintile Momentum,-0.3827297861786864
2023-07-11,3. Quintile Momentum,-0.3795806544540658
2023-07-12,3. Quintile Momentum,-0.3775287124997077
2023-07-13,3. Quintile Momentum,-0.3734965145425027
2023-07-14,3. Quintile Momentum,-0.37300706839453157
2023-07-17,3. Quintile Momentum,-0.3743873188011019
2023-07-18,3. Quintile Momentum,-0.36625354809373667
2023-07-19,3. Quintile Momentum,-0.3583417105143026
2023-07-20,3. Quintile Momentum,-0.3449074900658395
2023-07-21,3. Quintile Momentum,-0.3387552280911289
2023-07-24,3. Quintile Momentum,-0.3337039447561625
2023-07-25,3. Quintile Momentum,-0.3376850734858944
2023-07-26,3. Quintile Momentum,-0.3332058528072342
2023-07-27,3. Quintile Momentum,-0.340742831136433
2023-07-28,3. Quintile Momentum,-0.34071917710283256
2023-07-31,3. Quintile Momentum,-0.34145834522408547
2023-08-01,3. Quintile Momentum,-0.34616571675032376
2023-08-02,3. Quintile Momentum,-0.35667496788789543
2023-08-03,3. Quintile Momentum,-0.3558309076950234
2023-08-04,3. Quintile Momentum,-0.35434307884627675
2023-08-07,3. Quintile Momentum,-0.3476944327031086
2023-08-08,3. Quintile Momentum,-0.34779410927169385
2023-08-09,3. Quintile Momentum,-0.3473658355271592
2023-08-10,3. Quintile Momentum,-0.3387241399645721
2023-08-11,3. Quintile Momentum,-0.3379111598925486
2023-08-14,3. Quintile Momentum,-0.3398793248808588
2023-08-15,3. Quintile Momentum,-0.35711024856487883
2023-08-16,3. Quintile Momentum,-0.3641604887824037
2023-08-17,3. Quintile Momentum,-0.3571353874779765
2023-08-18,3. Quintile Momentum,-0.354730655839696
2023-08-21,3. Quintile Momentum,-0.3551173293236971
2023-08-22,3. Quintile Momentum,-0.3606557049583647
2023-08-23,3. Quintile Momentum,-0.3628128423072635
2023-08-24,3. Quintile Momentum,-0.3716822642044375
2023-08-25,3. Quintile Momentum,-0.36672437560188414
2023-08-28,3. Quintile Momentum,-0.3632802658425107
2023-08-29,3. Quintile Momentum,-0.3599987377496797
2023-08-30,3. Quintile Momentum,-0.36038899119768164
2023-08-31,3. Quintile Momentum,-0.3653075745058185
2023-09-01,3. Quintile Momentum,-0.3620841234690649
2023-09-05,3. Quintile Momentum,-0.3664311428895003
2023-09-06,3. Quintile Momentum,-0.37126992845126244
2023-09-07,3. Quintile Momentum,-0.37464136115046653
2023-09-08,3. Quintile Momentum,-0.36916979017139256
2023-09-11,3. Quintile Momentum,-0.37045423231241126
2023-09-12,3. Quintile Momentum,-0.3597017229663003
2023-09-13,3. Quintile Momentum,-0.3624698459650424
2023-09-14,3. Quintile Momentum,-0.35545067813672104
2023-09-15,3. Quintile Momentum,-0.3584281483526523
2023-09-18,3. Quintile Momentum,-0.3603992505586703
2023-09-19,3. Quintile Momentum,-0.3655534641604682
2023-09-20,3. Quintile Momentum,-0.3680394310224674
2023-09-21,3. Quintile Momentum,-0.3763395499805068
2023-09-22,3. Quintile Momentum,-0.3816501992586689
2023-09-25,3. Quintile Momentum,-0.37899308668126164
2023-09-26,3. Quintile Momentum,-0.3853622653321325
2023-09-27,3. Quintile Momentum,-0.3806715903823582
2023-09-28,3. Quintile Momentum,-0.37991910528826545
2023-09-29,3. Quintile Momentum,-0.380312767331939
2023-10-02,3. Quintile Momentum,-0.3807629555837061
2023-10-03,3. Quintile Momentum,-0.39115818921331325
2023-10-04,3. Quintile Momentum,-0.3937234138029246
2023-10-05,3. Quintile Momentum,-0.39681248004067876
2023-10-06,3. Quintile Momentum,-0.39216631384476425
2023-10-09,3. Quintile Momentum,-0.3878340663086131
2023-10-10,3. Quintile Momentum,-0.38027175127993473
2023-10-11,3. Quintile Momentum,-0.3816494608713828
2023-10-12,3. Quintile Momentum,-0.3866654549848729
2023-10-13,3. Quintile Momentum,-0.39102211170070844
2023-10-16,3. Quintile Momentum,-0.38020205358463066
2023-10-17,3. Quintile Momentum,-0.3763558491504305
2023-10-18,3. Quintile Momentum,-0.38733611901251314
2023-10-19,3. Quintile Momentum,-0.3922502485921376
2023-10-20,3. Quintile Momentum,-0.3989924795932957
2023-10-23,3. Quintile Momentum,-0.4027904684535364
2023-10-24,3. Quintile Momentum,-0.401985654037566
2023-10-25,3. Quintile Momentum,-0.4025693571358546
2023-10-26,3. Quintile Momentum,-0.399823296651766
2023-10-27,3. Quintile Momentum,-0.4124652578429736
2023-10-30,3. Quintile Momentum,-0.40236272100943254
2023-10-31,3. Quintile Momentum,-0.4027133956737354
2023-11-01,3. Quintile Momentum,-0.4036898040466733
2023-11-02,3. Quintile Momentum,-0.39639303810850834
2023-11-03,3. Quintile Momentum,-0.3892355668346091
2023-11-06,3. Quintile Momentum,-0.3905785550531457
2023-11-07,3. Quintile Momentum,-0.38944286758322605
2023-11-08,3. Quintile Momentum,-0.3925019722850739
2023-11-09,3. Quintile Momentum,-0.39146957685164224
2023-11-10,3. Quintile Momentum,-0.3962505465700655
2023-11-13,3. Quintile Momentum,-0.3956143779958594
2023-11-14,3. Quintile Momentum,-0.3907807082374789
2023-11-15,3. Quintile Momentum,-0.37955744653548584
2023-11-16,3. Quintile Momentum,-0.37939806041041835
2023-11-17,3. Quintile Momentum,-0.37934524046316853
2023-11-20,3. Quintile Momentum,-0.376949274746519
2023-11-21,3. Quintile Momentum,-0.37356189010511565
2023-11-22,3. Quintile Momentum,-0.37159941116596595
2023-11-24,3. Quintile Momentum,-0.36681763114822624
2023-11-27,3. Quintile Momentum,-0.37172720660572445
2023-11-28,3. Quintile Momentum,-0.3781467297077105
2023-11-29,3. Quintile Momentum,-0.37668224900915404
2023-11-30,3. Quintile Momentum,-0.3770493658723128
2023-12-01,3. Quintile Momentum,-0.3803668964301408
2023-12-04,3. Quintile Momentum,-0.3790068906981767
2023-12-05,3. Quintile Momentum,-0.38308940300949174
2023-12-06,3. Quintile Momentum,-0.3887455018721153
2023-12-07,3. Quintile Momentum,-0.3914662371563877
2023-12-08,3. Quintile Momentum,-0.39031925013703805
2023-12-11,3. Quintile Momentum,-0.38913763733317847
2023-12-12,3. Quintile Momentum,-0.390802423832415
2023-12-13,3. Quintile Momentum,-0.39721676079218415
2023-12-14,3. Quintile Momentum,-0.39717777163607654
2023-12-15,3. Quintile Momentum,-0.39854823957841296
2023-12-18,3. Quintile Momentum,-0.39380954378295097
2023-12-19,3. Quintile Momentum,-0.3856304260722574
2023-12-20,3. Quintile Momentum,-0.39741696709436697
2023-12-21,3. Quintile Momentum,-0.39064648192504375
2023-12-22,3. Quintile Momentum,-0.3884085637846545
2023-12-26,3. Quintile Momentum,-0.38668347428611854
2023-12-27,3. Quintile Momentum,-0.38577710825645184
2023-12-28,3. Quintile Momentum,-0.386747756755048
2023-12-29,3. Quintile Momentum,-0.3871028438623173
2024-01-02,3. Quintile Momentum,-0.3753251974888569
2024-01-03,3. Quintile Momentum,-0.3791798314045614
2024-01-04,3. Quintile Momentum,-0.38462147343711817
2024-01-05,3. Quintile Momentum,-0.3819049380969403
2024-01-08,3. Quintile Momentum,-0.3817237565676689
2024-01-09,3. Quintile Momentum,-0.3878886289308062
2024-01-10,3. Quintile Momentum,-0.3919693283738635
2024-01-11,3. Quintile Momentum,-0.3999923988416205
2024-01-12,3. Quintile Momentum,-0.4003587847102535
2024-01-16,3. Quintile Momentum,-0.4070477072054002
2024-01-17,3. Quintile Momentum,-0.4118199030096404
2024-01-18,3. Quintile Momentum,-0.41391689197945003
2024-01-19,3. Quintile Momentum,-0.41202408962051024
2024-01-22,3. Quintile Momentum,-0.41338259462078364
2024-01-23,3. Quintile Momentum,-0.4134641826020378
2024-01-24,3. Quintile Momentum,-0.4130448859728782
2024-01-25,3. Quintile Momentum,-0.4287065877930712
2024-01-26,3. Quintile Momentum,-0.4270486432674989
2024-01-29,3. Quintile Momentum,-0.42219439544644755
2024-01-30,3. Quintile Momentum,-0.4221763620690514
2024-01-31,3. Quintile Momentum,-0.4225528093460494
2024-02-01,3. Quintile Momentum,-0.4187854392679919
2024-02-02,3. Quintile Momentum,-0.4238207000248796
2024-02-05,3. Quintile Momentum,-0.4303272409115325
2024-02-06,3. Quintile Momentum,-0.4189265572924127
2024-02-07,3. Quintile Momentum,-0.41668023576676644
2024-02-08,3. Quintile Momentum,-0.417389991973599
2024-02-09,3. Quintile Momentum,-0.41360797262988813
2024-02-12,3. Quintile Momentum,-0.4176112115413314
2024-02-13,3. Quintile Momentum,-0.4273694770078503
2024-02-14,3. Quintile Momentum,-0.4243661377904256
2024-02-15,3. Quintile Momentum,-0.4114227091962737
2024-02-16,3. Quintile Momentum,-0.4136812820924405
2024-02-20,3. Quintile Momentum,-0.4180122500733184
2024-02-21,3. Quintile Momentum,-0.4154656556836438
2024-02-22,3. Quintile Momentum,-0.4108545233060067
2024-02-23,3. Quintile Momentum,-0.41411575443591625
2024-02-26,3. Quintile Momentum,-0.41349894547740695
2024-02-27,3. Quintile Momentum,-0.41346709524862674
2024-02-28,3. Quintile Momentum,-0.41131494824015186
2024-02-29,3. Quintile Momentum,-0.41197129256203213
2024-03-01,3. Quintile Momentum,-0.409015713485336
2024-03-04,3. Quintile Momentum,-0.42419301381132424
2024-03-05,3. Quintile Momentum,-0.4248743479767411
2024-03-06,3. Quintile Momentum,-0.4188635963531558
2024-03-07,3. Quintile Momentum,-0.41922430806052824
2024-03-08,3. Quintile Momentum,-0.41843514067942905
2024-03-11,3. Quintile Momentum,-0.4080342942227693
2024-03-12,3. Quintile Momentum,-0.409299133982019
2024-03-13,3. Quintile Momentum,-0.4126339466508642
2024-03-14,3. Quintile Momentum,-0.4161423051926889
2024-03-15,3. Quintile Momentum,-0.41755044032955596
2024-03-18,3. Quintile Momentum,-0.40940947699186897
2024-03-19,3. Quintile Momentum,-0.4105786199706174
2024-03-20,3. Quintile Momentum,-0.40621348465668866
2024-03-21,3. Quintile Momentum,-0.4072992592983874
2024-03-22,3. Quintile Momentum,-0.4118686980016961
2024-03-25,3. Quintile Momentum,-0.4092885644259117
2024-03-26,3. Quintile Momentum,-0.4060894120384422
2024-03-27,3. Quintile Momentum,-0.4012731218607741
2024-03-28,3. Quintile Momentum,-0.4039773475962132
2024-04-01,3. Quintile Momentum,-0.4039299358311503
2024-04-02,3. Quintile Momentum,-0.4100188488170872
2024-04-03,3. Quintile Momentum,-0.4098655124771181
2024-04-04,3. Quintile Momentum,-0.4102665914564905
2024-04-05,3. Quintile Momentum,-0.41153612203900347
2024-04-08,3. Quintile Momentum,-0.407419446820361
2024-04-09,3. Quintile Momentum,-0.4025559220482094
2024-04-10,3. Quintile Momentum,-0.40531693946693337
2024-04-11,3. Quintile Momentum,-0.4050438991869149
2024-04-12,3. Quintile Momentum,-0.4121654890458327
2024-04-15,3. Quintile Momentum,-0.4203638823841155
2024-04-16,3. Quintile Momentum,-0.42638864720452746
2024-04-17,3. Quintile Momentum,-0.4296564658361486
2024-04-18,3. Quintile Momentum,-0.4349809865604013
2024-04-19,3. Quintile Momentum,-0.4311075046913417
2024-04-22,3. Quintile Momentum,-0.4308226281741342
2024-04-23,3. Quintile Momentum,-0.43054766917387305
2024-04-24,3. Quintile Momentum,-0.41611684726520376
2024-04-25,3. Quintile Momentum,-0.4145968571776379
2024-04-26,3. Quintile Momentum,-0.42006966233634346
2024-04-29,3. Quintile Momentum,-0.3973942304384461
2024-04-30,3. Quintile Momentum,-0.39777321795773857
2024-05-01,3. Quintile Momentum,-0.38570727238281716
2024-05-02,3. Quintile Momentum,-0.38176294915759335
2024-05-03,3. Quintile Momentum,-0.38054422429281354
2024-05-06,3. Quintile Momentum,-0.3761437044542082
2024-05-07,3. Quintile Momentum,-0.3821000783009904
2024-05-08,3. Quintile Momentum,-0.38227249677372177
2024-05-09,3. Quintile Momentum,-0.3837690472109905
2024-05-10,3. Quintile Momentum,-0.38748154634359694
2024-05-13,3. Quintile Momentum,-0.3809546639729279
2024-05-14,3. Quintile Momentum,-0.3778844918169347
2024-05-15,3. Quintile Momentum,-0.3769554916837964
2024-05-16,3. Quintile Momentum,-0.3633809679509669
2024-05-17,3. Quintile Momentum,-0.36087421948043424
2024-05-20,3. Quintile Momentum,-0.36828850313803496
2024-05-21,3. Quintile Momentum,-0.3561051482689604
2024-05-22,3. Quintile Momentum,-0.35271574564333025
2024-05-23,3. Quintile Momentum,-0.36830275728591944
2024-05-24,3. Quintile Momentum,-0.3641383890971675
2024-05-28,3. Quintile Momentum,-0.3731572552997224
2024-05-29,3. Quintile Momentum,-0.3766821577972914
2024-05-30,3. Quintile Momentum,-0.37151147461891737
2024-05-31,3. Quintile Momentum,-0.36573353051579255
2024-06-03,3. Quintile Momentum,-0.36211555874225837
2024-06-04,3. Quintile Momentum,-0.3602640854138541
2024-06-05,3. Quintile Momentum,-0.36038513960356944
2024-06-06,3. Quintile Momentum,-0.3617575402205674
2024-06-07,3. Quintile Momentum,-0.36596534271615755
2024-06-10,3. Quintile Momentum,-0.3692038232260836
2024-06-11,3. Quintile Momentum,-0.37298114470274746
2024-06-12,3. Quintile Momentum,-0.3721798434944087
2024-06-13,3. Quintile Momentum,-0.3669491833133797
2024-06-14,3. Quintile Momentum,-0.3704147689409712
2024-06-17,3. Quintile Momentum,-0.36445514674641605
2024-06-18,3. Quintile Momentum,-0.363903014634707
2024-06-20,3. Quintile Momentum,-0.36140681565971744
2024-06-21,3. Quintile Momentum,-0.3594663444081792
2024-06-24,3. Quintile Momentum,-0.3532755682975393
2024-06-25,3. Quintile Momentum,-0.3572981113402432
2024-06-26,3. Quintile Momentum,-0.35141277456246395
2024-06-27,3. Quintile Momentum,-0.35041870100897593
2024-06-28,3. Quintile Momentum,-0.3508001434861747
2024-07-01,3. Quintile Momentum,-0.3402099439784633
2024-07-02,3. Quintile Momentum,-0.3238306328507415
2024-07-03,3. Quintile Momentum,-0.3040094123637987
2024-07-05,3. Quintile Momentum,-0.2978250466459704
2024-07-08,3. Quintile Momentum,-0.2955187850810899
2024-07-09,3. Quintile Momentum,-0.2813604369720604
2024-07-10,3. Quintile Momentum,-0.27208941673309933
2024-07-11,3. Quintile Momentum,-0.3013680853209231
2024-07-12,3. Quintile Momentum,-0.2941836168961293
2024-07-15,3. Quintile Momentum,-0.2914397340854845
2024-07-16,3. Quintile Momentum,-0.28807887843965363
2024-07-17,3. Quintile Momentum,-0.2970129839210771
2024-07-18,3. Quintile Momentum,-0.29413140527366227
2024-07-19,3. Quintile Momentum,-0.3074956298509807
2024-07-22,3. Quintile Momentum,-0.2914060670816359
2024-07-23,3. Quintile Momentum,-0.2983172971055634
2024-07-24,3. Quintile Momentum,-0.3299740777300022
2024-07-25,3. Quintile Momentum,-0.32672543892349876
2024-07-26,3. Quintile Momentum,-0.3255339561069787
2024-07-29,3. Quintile Momentum,-0.32006677043736736
2024-07-30,3. Quintile Momentum,-0.3361324944833404
2024-07-31,3. Quintile Momentum,-0.33691487505326806
2024-08-01,3. Quintile Momentum,-0.34618230438011305
2024-08-02,3. Quintile Momentum,-0.3579081873720478
2024-08-05,3. Quintile Momentum,-0.37918989976740736
2024-08-06,3. Quintile Momentum,-0.3684213115464569
2024-08-07,3. Quintile Momentum,-0.38619229850798587
2024-08-08,3. Quintile Momentum,-0.37371629312650195
2024-08-09,3. Quintile Momentum,-0.37292798185341747
2024-08-12,3. Quintile Momentum,-0.36543784994198875
2024-08-13,3. Quintile Momentum,-0.357188008865892
2024-08-14,3. Quintile Momentum,-0.35128407495223657
2024-08-15,3. Quintile Momentum,-0.32562888706761567
2024-08-16,3. Quintile Momentum,-0.3212708372162923
2024-08-19,3. Quintile Momentum,-0.3108068165572986
2024-08-20,3. Quintile Momentum,-0.3136567433064987
2024-08-21,3. Quintile Momentum,-0.30835537148945225
2024-08-22,3. Quintile Momentum,-0.3158638595799368
2024-08-23,3. Quintile Momentum,-0.30676743248228067
2024-08-26,3. Quintile Momentum,-0.30745451078469604
2024-08-27,3. Quintile Momentum,-0.3045939359813053
2024-08-28,3. Quintile Momentum,-0.31198354772727227
2024-08-29,3. Quintile Momentum,-0.31876441058897437
2024-08-30,3. Quintile Momentum,-0.3191720736406724
2024-09-03,3. Quintile Momentum,-0.3381499842897125
2024-09-04,3. Quintile Momentum,-0.3393084025564005
2024-09-05,3. Quintile Momentum,-0.341467963665495
2024-09-06,3. Quintile Momentum,-0.3494246711780059
2024-09-09,3. Quintile Momentum,-0.33710425795452054
2024-09-10,3. Quintile Momentum,-0.3323594091221462
2024-09-11,3. Quintile Momentum,-0.32096668516311133
2024-09-12,3. Quintile Momentum,-0.3132485638108055
2024-09-13,3. Quintile Momentum,-0.3071603775265688
2024-09-16,3. Quintile Momentum,-0.30515832426138373
2024-09-17,3. Quintile Momentum,-0.3037189252831937
2024-09-18,3. Quintile Momentum,-0.30707166052723794
2024-09-19,3. Quintile Momentum,-0.2999674162860935
2024-09-20,3. Quintile Momentum,-0.3025815652017371
2024-09-23,3. Quintile Momentum,-0.30033119944090486
2024-09-24,3. Quintile Momentum,-0.29814369127567064
2024-09-25,3. Quintile Momentum,-0.297608744247801
2024-09-26,3. Quintile Momentum,-0.29327744400584566
2024-09-27,3. Quintile Momentum,-0.29206524515198107
2024-09-30,3. Quintile Momentum,-0.2924830238564674
2024-10-01,3. Quintile Momentum,-0.29709377849185803
2024-10-02,3. Quintile Momentum,-0.29219920738314714
2024-10-03,3. Quintile Momentum,-0.2858161577299434
2024-10-04,3. Quintile Momentum,-0.2759167863663116
2024-10-07,3. Quintile Momentum,-0.2787639439570932
2024-10-08,3. Quintile Momentum,-0.2752831717058247
2024-10-09,3. Quintile Momentum,-0.27228383937500766
2024-10-10,3. Quintile Momentum,-0.26832534167491495
2024-10-11,3. Quintile Momentum,-0.26529459289897755
2024-10-14,3. Quintile Momentum,-0.25644570944057543
2024-10-15,3. Quintile Momentum,-0.2737813290004146
2024-10-16,3. Quintile Momentum,-0.257356243782791
2024-10-17,3. Quintile Momentum,-0.25459985546342906
2024-10-18,3. Quintile Momentum,-0.25204420575207465
2024-10-21,3. Quintile Momentum,-0.24725798846682667
2024-10-22,3. Quintile Momentum,-0.24760198863454833
2024-10-23,3. Quintile Momentum,-0.25570741844007056
2024-10-24,3. Quintile Momentum,-0.2573884850084582
2024-10-25,3. Quintile Momentum,-0.25753251627596
2024-10-28,3. Quintile Momentum,-0.25617363063280996
2024-10-29,3. Quintile Momentum,-0.25917141967556956
2024-10-30,3. Quintile Momentum,-0.25945524915972634
2024-10-31,3. Quintile Momentum,-0.25989195668353265
2024-11-01,3. Quintile Momentum,-0.25995182195631444
2024-11-04,3. Quintile Momentum,-0.25330394139163476
2024-11-05,3. Quintile Momentum,-0.24498750516291873
2024-11-06,3. Quintile Momentum,-0.23473434113239713
2024-11-07,3. Quintile Momentum,-0.2272143639609083
2024-11-08,3. Quintile Momentum,-0.22402821696778133
2024-11-11,3. Quintile Momentum,-0.22668974531394434
2024-11-12,3. Quintile Momentum,-0.22261736803636625
2024-11-13,3. Quintile Momentum,-0.21949993637333365
2024-11-14,3. Quintile Momentum,-0.20738212344677823
2024-11-15,3. Quintile Momentum,-0.20180241538492594
2024-11-18,3. Quintile Momentum,-0.204376574155658
2024-11-19,3. Quintile Momentum,-0.19961777919577212
2024-11-20,3. Quintile Momentum,-0.19481363962979628
2024-11-21,3. Quintile Momentum,-0.1882035336913825
2024-11-22,3. Quintile Momentum,-0.18926135135143696
2024-11-25,3. Quintile Momentum,-0.19849848692440034
2024-11-26,3. Quintile Momentum,-0.1993206105217899
2024-11-27,3. Quintile Momentum,-0.19782170476425695
2024-11-29,3. Quintile Momentum,-0.1987560081552605
2024-12-02,3. Quintile Momentum,-0.1983608669316491
2024-12-03,3. Quintile Momentum,-0.1984698469567659
2024-12-04,3. Quintile Momentum,-0.1960826640427651
2024-12-05,3. Quintile Momentum,-0.1938059949555158
2024-12-06,3. Quintile Momentum,-0.19697703443123454
2024-12-09,3. Quintile Momentum,-0.19976729975588875
2024-12-10,3. Quintile Momentum,-0.19800616088504036
2024-12-11,3. Quintile Momentum,-0.18358915166442047
2024-12-12,3. Quintile Momentum,-0.18962892727798902
2024-12-13,3. Quintile Momentum,-0.19671075280244532
2024-12-16,3. Quintile Momentum,-0.19840970314186007
2024-12-17,3. Quintile Momentum,-0.19397038063117328
2024-12-18,3. Quintile Momentum,-0.21128499154845193
2024-12-19,3. Quintile Momentum,-0.2110521414824745
2024-12-20,3. Quintile Momentum,-0.19665204366915243
2024-12-23,3. Quintile Momentum,-0.18221138130001166
2024-12-24,3. Quintile Momentum,-0.1792572324544928
2024-12-26,3. Quintile Momentum,-0.18150752928774352
2024-12-27,3. Quintile Momentum,-0.1886722722178079
2024-12-30,3. Quintile Momentum,-0.19253460284762713
2024-12-31,3. Quintile Momentum,-0.19346228303943935
2025-01-02,3. Quintile Momentum,-0.19610170982544678
2025-01-03,3. Quintile Momentum,-0.19322909894362963
2025-01-06,3. Quintile Momentum,-0.19206421283358008
2025-01-07,3. Quintile Momentum,-0.19086991870482872
2025-01-08,3. Quintile Momentum,-0.1924701102158692
2025-01-10,3. Quintile Momentum,-0.1990290855718953
2025-01-13,3. Quintile Momentum,-0.19222206913696813
2025-01-14,3. Quintile Momentum,-0.19384609535748445
2025-01-15,3. Quintile Momentum,-0.18771235608009212
2025-01-16,3. Quintile Momentum,-0.1852867134712712
2025-01-17,3. Quintile Momentum,-0.18123314180968883
2025-01-21,3. Quintile Momentum,-0.1814353011245259
2025-01-22,3. Quintile Momentum,-0.18346770374604845
2025-01-23,3. Quintile Momentum,-0.17959867267435195
2025-01-24,3. Quintile Momentum,-0.18506260403382238
2025-01-27,3. Quintile Momentum,-0.17459728024315116
2025-01-28,3. Quintile Momentum,-0.1782737315086573
2025-01-29,3. Quintile Momentum,-0.1788891104532937
2025-01-30,3. Quintile Momentum,-0.1841317148431109
2025-01-31,3. Quintile Momentum,-0.1845830121419995
2025-02-03,3. Quintile Momentum,-0.18734080400253741
2025-02-04,3. Quintile Momentum,-0.18441244344834842
2025-02-05,3. Quintile Momentum,-0.17712670704830086
2025-02-06,3. Quintile Momentum,-0.1853974210147352
2025-02-07,3. Quintile Momentum,-0.18419189033370836
2025-02-10,3. Quintile Momentum,-0.1754380460714928
2025-02-11,3. Quintile Momentum,-0.16438292176771416
2025-02-12,3. Quintile Momentum,-0.17069218250541415
2025-02-13,3. Quintile Momentum,-0.16268940413898805
2025-02-14,3. Quintile Momentum,-0.16682427209523454
2025-02-18,3. Quintile Momentum,-0.1639426311100067
2025-02-19,3. Quintile Momentum,-0.1539341022534896
2025-02-20,3. Quintile Momentum,-0.14830821660940932
2025-02-21,3. Quintile Momentum,-0.14001149844580188
2025-02-24,3. Quintile Momentum,-0.13672378525674816
2025-02-25,3. Quintile Momentum,-0.13292974954347658
2025-02-26,3. Quintile Momentum,-0.1421585291027521
2025-02-27,3. Quintile Momentum,-0.14220599136736356
2025-02-28,3. Quintile Momentum,-0.14318717462585365
2025-03-03,3. Quintile Momentum,-0.17475914702017112
2025-03-04,3. Quintile Momentum,-0.17586180708969837
2025-03-05,3. Quintile Momentum,-0.16941271762448376
2025-03-06,3. Quintile Momentum,-0.17656363202544015
2025-03-07,3. Quintile Momentum,-0.168185607874056
2025-03-10,3. Quintile Momentum,-0.1804666292145302
2025-03-11,3. Quintile Momentum,-0.18761354021333124
2025-03-12,3. Quintile Momentum,-0.17643740150204013
2025-03-13,3. Quintile Momentum,-0.18092150151213535
2025-03-14,3. Quintile Momentum,-0.15798303648345907
2025-03-17,3. Quintile Momentum,-0.15532074657071793
2025-03-18,3. Quintile Momentum,-0.16327887977877942
2025-03-19,3. Quintile Momentum,-0.15477013899043962
2025-03-20,3. Quintile Momentum,-0.15278408594780946
2025-03-21,3. Quintile Momentum,-0.15186156520908056
2025-03-24,3. Quintile Momentum,-0.14506758228184413
2025-03-25,3. Quintile Momentum,-0.14844543760605505
2025-03-26,3. Quintile Momentum,-0.16266825818435046
2025-03-27,3. Quintile Momentum,-0.16869336233801255
2025-03-28,3. Quintile Momentum,-0.17676355672348823
2025-03-31,3. Quintile Momentum,-0.17726723018986504
2025-04-01,3. Quintile Momentum,-0.17722019218246512
2025-04-02,3. Quintile Momentum,-0.17241976012221608
2025-04-03,3. Quintile Momentum,-0.20548178864354388
2025-04-04,3. Quintile Momentum,-0.23882998764071753
2025-04-07,3. Quintile Momentum,-0.24331127690050522
2025-04-08,3. Quintile Momentum,-0.2576024581473075
2025-04-09,3. Quintile Momentum,-0.18707063064946772
2025-04-10,3. Quintile Momentum,-0.21322232345157247
2025-04-11,3. Quintile Momentum,-0.20021543261844715
2025-04-14,3. Quintile Momentum,-0.19740284811389797
2025-04-15,3. Quintile Momentum,-0.19485000415527925
2025-04-16,3. Quintile Momentum,-0.2250410173984753
2025-04-17,3. Quintile Momentum,-0.22693209206948398
2025-04-21,3. Quintile Momentum,-0.24577178886449935
2025-04-22,3. Quintile Momentum,-0.22958195223953823
2025-04-23,3. Quintile Momentum,-0.21819719384430672
2025-04-24,3. Quintile Momentum,-0.19907931506432416
2025-04-25,3. Quintile Momentum,-0.1879072928861126
2025-04-28,3. Quintile Momentum,-0.1919300004954039
2025-04-29,3. Quintile Momentum,-0.1826220581580653
2025-04-30,3. Quintile Momentum,-0.18309674225760966
2025-05-01,3. Quintile Momentum,-0.18301951233048513
2025-05-02,3. Quintile Momentum,-0.17097966154361188
2025-05-05,3. Quintile Momentum,-0.1822869883450914
2025-05-06,3. Quintile Momentum,-0.1896463031306061
2025-05-07,3. Quintile Momentum,-0.18207902432652542
2025-05-08,3. Quintile Momentum,-0.17597011980099966
2025-05-09,3. Quintile Momentum,-0.18191705008261733
2025-05-12,3. Quintile Momentum,-0.15177625820011803
2025-05-13,3. Quintile Momentum,-0.14173112977615213
2025-05-14,3. Quintile Momentum,-0.14104073989794338
2025-05-15,3. Quintile Momentum,-0.13364963851566555
2025-05-16,3. Quintile Momentum,-0.1301905894613774
2025-05-19,3. Quintile Momentum,-0.13256951040038395
2025-05-20,3. Quintile Momentum,-0.13471021939772024
2025-05-21,3. Quintile Momentum,-0.1495844901121304
2025-05-22,3. Quintile Momentum,-0.15165680945708698
2025-05-23,3. Quintile Momentum,-0.15402458483712025
2025-05-27,3. Quintile Momentum,-0.1383915148263852
2025-05-28,3. Quintile Momentum,-0.1473398214181539
2025-05-29,3. Quintile Momentum,-0.1356098500950503
2025-05-30,3. Quintile Momentum,-0.13617590553969972
2025-06-02,3. Quintile Momentum,-0.13414670211826263
2025-06-03,3. Quintile Momentum,-0.12888096671239674
2025-06-04,3. Quintile Momentum,-0.13256472813450418
2025-06-05,3. Quintile Momentum,-0.14022837395137866
2025-06-06,3. Quintile Momentum,-0.13056266371550243
2025-06-09,3. Quintile Momentum,-0.12728757380624672
2025-06-10,3. Quintile Momentum,-0.11659610866903407
2025-06-11,3. Quintile Momentum,-0.11908195832533967
2025-06-12,3. Quintile Momentum,-0.11284678060480306
2025-06-13,3. Quintile Momentum,-0.11850425332997627
2025-06-16,3. Quintile Momentum,-0.11755761288091085
2025-06-17,3. Quintile Momentum,-0.12382235402118479
2025-06-18,3. Quintile Momentum,-0.12665280520835429
2025-06-20,3. Quintile Momentum,-0.11635988501347391
2025-06-23,3. Quintile Momentum,-0.11721581742187406
2025-06-24,3. Quintile Momentum,-0.12108298078406193
2025-06-25,3. Quintile Momentum,-0.11927900062543105
2025-06-26,3. Quintile Momentum,-0.11568114665243391
2025-06-27,3. Quintile Momentum,-0.11426899122972266
2025-06-30,3. Quintile Momentum,-0.1152457497452128
2025-07-01,3. Quintile Momentum,-0.11738313727706448
2025-07-02,3. Quintile Momentum,-0.09590663768563631
2025-07-03,3. Quintile Momentum,-0.09325139156184309
2025-07-07,3. Quintile Momentum,-0.11678282250965691
2025-07-08,3. Quintile Momentum,-0.11360237362902505
2025-07-09,3. Quintile Momentum,-0.11143657261733864
2025-07-10,3. Quintile Momentum,-0.09704762936018833
2025-07-11,3. Quintile Momentum,-0.09381770880608276
2025-07-14,3. Quintile Momentum,-0.09521505929508138
2025-07-15,3. Quintile Momentum,-0.10515936813897318
2025-07-16,3. Quintile Momentum,-0.09521619288482464
2025-07-17,3. Quintile Momentum,-0.09645026507177701
2025-07-18,3. Quintile Momentum,-0.08720550655531124
2025-07-21,3. Quintile Momentum,-0.08219666901668705
2025-07-22,3. Quintile Momentum,-0.06800419913904854
2025-07-23,3. Quintile Momentum,-0.06734534198568676
2025-07-24,3. Quintile Momentum,-0.08442225464155317
2025-07-25,3. Quintile Momentum,-0.08063876352427254
2025-07-28,3. Quintile Momentum,-0.07895087268064531
2025-07-29,3. Quintile Momentum,-0.08111963621939809
2025-07-30,3. Quintile Momentum,-0.08851737356797965
2025-07-31,3. Quintile Momentum,-0.089068407584855
2025-08-01,3. Quintile Momentum,-0.09316498605611033
2025-08-04,3. Quintile Momentum,-0.08236843308430132
2025-08-05,3. Quintile Momentum,-0.06845712282510931
2025-08-06,3. Quintile Momentum,-0.056006348083329355
2025-08-07,3. Quintile Momentum,-0.04427416936688865
2025-08-08,3. Quintile Momentum,-0.02412133835546685
2025-08-11,3. Quintile Momentum,-0.019768361093540843
2025-08-12,3. Quintile Momentum,-0.0097822371585627
2025-08-13,3. Quintile Momentum,0.0
2025-08-14,3. Quintile Momentum,-0.008114007935649366
2025-08-15,3. Quintile Momentum,-0.01339352243830927
2025-08-18,3. Quintile Momentum,-0.014343523842391225
2025-08-19,3. Quintile Momentum,-0.008861524918895686
2025-08-20,3. Quintile Momentum,-0.020594080547405746
2025-08-21,3. Quintile Momentum,-0.02358163839158472
2025-08-22,3. Quintile Momentum,0.0
2025-08-25,3. Quintile Momentum,-0.005385841480401341
2025-08-26,3. Quintile Momentum,-0.0023043471332001584
2025-08-27,3. Quintile Momentum,-0.0006538945165927171
2025-08-28,3. Quintile Momentum,-0.006091421792069063
2025-08-29,3. Quintile Momentum,-0.007195271433050854
2025-09-02,3. Quintile Momentum,-0.00582253232797083
2025-09-03,3. Quintile Momentum,0.0
2025-09-04,3. Quintile Momentum,-0.002154382115551431
2025-09-05,3. Quintile Momentum,0.0
2025-09-08,3. Quintile Momentum,-0.008728994395727722
2025-09-09,3. Quintile Momentum,-0.00864130646891156
2025-09-10,3. Quintile Momentum,-0.021580874188533404
2025-09-11,3. Quintile Momentum,-0.013921336680546374
2025-09-12,3. Quintile Momentum,-0.02285647300077365
2025-09-15,3. Quintile Momentum,-0.023609832274926346
2025-09-16,3. Quintile Momentum,-0.0207307804326777
2025-09-17,3. Quintile Momentum,-0.01186494609310466
2025-09-18,3. Quintile Momentum,-0.018879341649288617
2025-09-19,3. Quintile Momentum,-0.014075531180222702
2025-09-22,3. Quintile Momentum,-0.008160562099321164
2025-09-23,3. Quintile Momentum,-0.008124670395892583
2025-09-24,3. Quintile Momentum,-0.01184676913089721
2025-09-25,3. Quintile Momentum,-0.013996536279777616
2025-09-26,3. Quintile Momentum,-0.014461379184958071
2025-09-29,3. Quintile Momentum,-0.011706877374764868
2025-09-30,3. Quintile Momentum,-0.012844749039705611
2025-10-01,3. Quintile Momentum,-0.008884042745909364
2025-10-02,3. Quintile Momentum,-0.016129016875211018
2025-10-03,3. Quintile Momentum,-0.006593925268643094
2025-10-06,3. Quintile Momentum,-0.00997930620753019
2025-10-07,3. Quintile Momentum,-0.001579583500511346
2025-10-08,3. Quintile Momentum,-0.00834359306412947
2025-10-09,3. Quintile Momentum,-0.01314808621801945
2025-10-10,3. Quintile Momentum,-0.019313786747484487
2025-10-13,3. Quintile Momentum,-0.0206899510434477
2025-10-14,3. Quintile Momentum,-0.011573252302189752
2025-10-15,3. Quintile Momentum,-0.019410164297372155
2025-10-16,3. Quintile Momentum,-0.02357764563379664
2025-10-17,3. Quintile Momentum,-0.009313279132900771
2025-10-20,3. Quintile Momentum,-0.005580922751165252
2025-10-21,3. Quintile Momentum,0.0
2025-10-22,3. Quintile Momentum,0.0
2025-10-23,3. Quintile Momentum,-7.764817870711835e-06
2025-10-24,3. Quintile Momentum,-0.0006737303656131452
2025-10-27,3. Quintile Momentum,0.0
2025-10-28,3. Quintile Momentum,-0.0028547867915260064
2025-10-29,3. Quintile Momentum,-0.014620768162560851
2025-10-30,3. Quintile Momentum,-0.012137921463413704
2025-10-31,3. Quintile Momentum,-0.012701811788406956
2025-11-03,3. Quintile Momentum,-0.02682120941717561
2025-11-04,3. Quintile Momentum,-0.024853507864626485
2025-11-05,3. Quintile Momentum,-0.02663209378952894
2025-11-06,3. Quintile Momentum,-0.026652468842607805
2025-11-07,3. Quintile Momentum,-0.019131336968533873
2025-11-10,3. Quintile Momentum,-0.018895433330840972
2025-11-11,3. Quintile Momentum,-0.0034323337673845046
2025-11-12,3. Quintile Momentum,-4.1664949851546226e-05
2025-11-13,3. Quintile Momentum,-0.0044521250409625965
2025-11-14,3. Quintile Momentum,-0.018281944968838025
2025-11-17,3. Quintile Momentum,-0.24728030439412876
2025-11-18,3. Quintile Momentum,-0.24589665998161434
2025-11-19,3. Quintile Momentum,-0.2450628410559477
2025-11-20,3. Quintile Momentum,-0.24394297409448018
2025-11-21,3. Quintile Momentum,-0.23047121562986722
2025-11-24,3. Quintile Momentum,-0.23668873493118592
2025-11-25,3. Quintile Momentum,-0.23091365914570192
2025-11-26,3. Quintile Momentum,-0.23170919574726886
2015-11-30,4. Quintile Low Vol,0.0
2015-12-01,4. Quintile Low Vol,0.0
2015-12-02,4. Quintile Low Vol,0.0
2015-12-03,4. Quintile Low Vol,0.0
2015-12-04,4. Quintile Low Vol,0.0
2015-12-07,4. Quintile Low Vol,0.0
2015-12-08,4. Quintile Low Vol,0.0
2015-12-09,4. Quintile Low Vol,0.0
2015-12-10,4. Quintile Low Vol,0.0
2015-12-11,4. Quintile Low Vol,0.0
2015-12-14,4. Quintile Low Vol,0.0
2015-12-15,4. Quintile Low Vol,0.0
2015-12-16,4. Quintile Low Vol,0.0
2015-12-17,4. Quintile Low Vol,0.0
2015-12-18,4. Quintile Low Vol,0.0
2015-12-21,4. Quintile Low Vol,0.0
2015-12-22,4. Quintile Low Vol,0.0
2015-12-23,4. Quintile Low Vol,0.0
2015-12-24,4. Quintile Low Vol,0.0
2015-12-28,4. Quintile Low Vol,0.0
2015-12-29,4. Quintile Low Vol,0.0
2015-12-30,4. Quintile Low Vol,0.0
2015-12-31,4. Quintile Low Vol,0.0
2016-01-04,4. Quintile Low Vol,0.0
2016-01-05,4. Quintile Low Vol,0.0
2016-01-06,4. Quintile Low Vol,0.0
2016-01-07,4. Quintile Low Vol,0.0
2016-01-08,4. Quintile Low Vol,0.0
2016-01-11,4. Quintile Low Vol,0.0
2016-01-12,4. Quintile Low Vol,0.0
2016-01-13,4. Quintile Low Vol,0.0
2016-01-14,4. Quintile Low Vol,0.0
2016-01-15,4. Quintile Low Vol,0.0
2016-01-19,4. Quintile Low Vol,0.0
2016-01-20,4. Quintile Low Vol,0.0
2016-01-21,4. Quintile Low Vol,0.0
2016-01-22,4. Quintile Low Vol,0.0
2016-01-25,4. Quintile Low Vol,0.0
2016-01-26,4. Quintile Low Vol,0.0
2016-01-27,4. Quintile Low Vol,0.0
2016-01-28,4. Quintile Low Vol,0.0
2016-01-29,4. Quintile Low Vol,0.0
2016-02-01,4. Quintile Low Vol,0.0
2016-02-02,4. Quintile Low Vol,0.0
2016-02-03,4. Quintile Low Vol,0.0
2016-02-04,4. Quintile Low Vol,0.0
2016-02-05,4. Quintile Low Vol,0.0
2016-02-08,4. Quintile Low Vol,0.0
2016-02-09,4. Quintile Low Vol,0.0
2016-02-10,4. Quintile Low Vol,0.0
2016-02-11,4. Quintile Low Vol,0.0
2016-02-12,4. Quintile Low Vol,0.0
2016-02-16,4. Quintile Low Vol,0.0
2016-02-17,4. Quintile Low Vol,0.0
2016-02-18,4. Quintile Low Vol,0.0
2016-02-19,4. Quintile Low Vol,0.0
2016-02-22,4. Quintile Low Vol,0.0
2016-02-23,4. Quintile Low Vol,0.0
2016-02-24,4. Quintile Low Vol,0.0
2016-02-25,4. Quintile Low Vol,0.0
2016-02-26,4. Quintile Low Vol,0.0
2016-02-29,4. Quintile Low Vol,0.0
2016-03-01,4. Quintile Low Vol,0.0
2016-03-02,4. Quintile Low Vol,0.0
2016-03-03,4. Quintile Low Vol,0.0
2016-03-04,4. Quintile Low Vol,0.0
2016-03-07,4. Quintile Low Vol,0.0
2016-03-08,4. Quintile Low Vol,0.0
2016-03-09,4. Quintile Low Vol,0.0
2016-03-10,4. Quintile Low Vol,0.0
2016-03-11,4. Quintile Low Vol,0.0
2016-03-14,4. Quintile Low Vol,0.0
2016-03-15,4. Quintile Low Vol,0.0
2016-03-16,4. Quintile Low Vol,0.0
2016-03-17,4. Quintile Low Vol,0.0
2016-03-18,4. Quintile Low Vol,0.0
2016-03-21,4. Quintile Low Vol,0.0
2016-03-22,4. Quintile Low Vol,0.0
2016-03-23,4. Quintile Low Vol,0.0
2016-03-24,4. Quintile Low Vol,0.0
2016-03-28,4. Quintile Low Vol,0.0
2016-03-29,4. Quintile Low Vol,0.0
2016-03-30,4. Quintile Low Vol,0.0
2016-03-31,4. Quintile Low Vol,0.0
2016-04-01,4. Quintile Low Vol,0.0
2016-04-04,4. Quintile Low Vol,0.0
2016-04-05,4. Quintile Low Vol,0.0
2016-04-06,4. Quintile Low Vol,0.0
2016-04-07,4. Quintile Low Vol,0.0
2016-04-08,4. Quintile Low Vol,0.0
2016-04-11,4. Quintile Low Vol,0.0
2016-04-12,4. Quintile Low Vol,0.0
2016-04-13,4. Quintile Low Vol,0.0
2016-04-14,4. Quintile Low Vol,0.0
2016-04-15,4. Quintile Low Vol,0.0
2016-04-18,4. Quintile Low Vol,0.0
2016-04-19,4. Quintile Low Vol,0.0
2016-04-20,4. Quintile Low Vol,0.0
2016-04-21,4. Quintile Low Vol,0.0
2016-04-22,4. Quintile Low Vol,0.0
2016-04-25,4. Quintile Low Vol,0.0
2016-04-26,4. Quintile Low Vol,0.0
2016-04-27,4. Quintile Low Vol,0.0
2016-04-28,4. Quintile Low Vol,0.0
2016-04-29,4. Quintile Low Vol,0.0
2016-05-02,4. Quintile Low Vol,0.0
2016-05-03,4. Quintile Low Vol,0.0
2016-05-04,4. Quintile Low Vol,0.0
2016-05-05,4. Quintile Low Vol,0.0
2016-05-06,4. Quintile Low Vol,0.0
2016-05-09,4. Quintile Low Vol,0.0
2016-05-10,4. Quintile Low Vol,0.0
2016-05-11,4. Quintile Low Vol,0.0
2016-05-12,4. Quintile Low Vol,0.0
2016-05-13,4. Quintile Low Vol,0.0
2016-05-16,4. Quintile Low Vol,0.0
2016-05-17,4. Quintile Low Vol,0.0
2016-05-18,4. Quintile Low Vol,0.0
2016-05-19,4. Quintile Low Vol,0.0
2016-05-20,4. Quintile Low Vol,0.0
2016-05-23,4. Quintile Low Vol,0.0
2016-05-24,4. Quintile Low Vol,0.0
2016-05-25,4. Quintile Low Vol,0.0
2016-05-26,4. Quintile Low Vol,0.0
2016-05-27,4. Quintile Low Vol,0.0
2016-05-31,4. Quintile Low Vol,0.0
2016-06-01,4. Quintile Low Vol,0.0
2016-06-02,4. Quintile Low Vol,0.0
2016-06-03,4. Quintile Low Vol,0.0
2016-06-06,4. Quintile Low Vol,0.0
2016-06-07,4. Quintile Low Vol,0.0
2016-06-08,4. Quintile Low Vol,0.0
2016-06-09,4. Quintile Low Vol,0.0
2016-06-10,4. Quintile Low Vol,0.0
2016-06-13,4. Quintile Low Vol,0.0
2016-06-14,4. Quintile Low Vol,0.0
2016-06-15,4. Quintile Low Vol,0.0
2016-06-16,4. Quintile Low Vol,0.0
2016-06-17,4. Quintile Low Vol,0.0
2016-06-20,4. Quintile Low Vol,0.0
2016-06-21,4. Quintile Low Vol,0.0
2016-06-22,4. Quintile Low Vol,0.0
2016-06-23,4. Quintile Low Vol,0.0
2016-06-24,4. Quintile Low Vol,0.0
2016-06-27,4. Quintile Low Vol,0.0
2016-06-28,4. Quintile Low Vol,0.0
2016-06-29,4. Quintile Low Vol,0.0
2016-06-30,4. Quintile Low Vol,-0.0010999999999999899
2016-07-01,4. Quintile Low Vol,0.0
2016-07-05,4. Quintile Low Vol,0.0
2016-07-06,4. Quintile Low Vol,-0.0009676887818831256
2016-07-07,4. Quintile Low Vol,-0.003438165316577639
2016-07-08,4. Quintile Low Vol,0.0
2016-07-11,4. Quintile Low Vol,0.0
2016-07-12,4. Quintile Low Vol,0.0
2016-07-13,4. Quintile Low Vol,0.0
2016-07-14,4. Quintile Low Vol,0.0
2016-07-15,4. Quintile Low Vol,-0.0013271336411723178
2016-07-18,4. Quintile Low Vol,-0.0021796967816593324
2016-07-19,4. Quintile Low Vol,0.0
2016-07-20,4. Quintile Low Vol,-0.003043413425847616
2016-07-21,4. Quintile Low Vol,-0.0033116175533549736
2016-07-22,4. Quintile Low Vol,0.0
2016-07-25,4. Quintile Low Vol,-0.0011748637473110897
2016-07-26,4. Quintile Low Vol,-0.005552283095218307
2016-07-27,4. Quintile Low Vol,-0.01649315494082773
2016-07-28,4. Quintile Low Vol,-0.01600849774470455
2016-07-29,4. Quintile Low Vol,-0.0165804974647925
2016-08-01,4. Quintile Low Vol,-0.023450273049362518
2016-08-02,4. Quintile Low Vol,-0.01981028569756565
2016-08-03,4. Quintile Low Vol,-0.02208228984856081
2016-08-04,4. Quintile Low Vol,-0.02269156448436079
2016-08-05,4. Quintile Low Vol,-0.022669025189551592
2016-08-08,4. Quintile Low Vol,-0.02126247443020006
2016-08-09,4. Quintile Low Vol,-0.02056022125745387
2016-08-10,4. Quintile Low Vol,-0.02532180930468992
2016-08-11,4. Quintile Low Vol,-0.02166259177254768
2016-08-12,4. Quintile Low Vol,-0.017148194155350627
2016-08-15,4. Quintile Low Vol,-0.01791983794758378
2016-08-16,4. Quintile Low Vol,-0.025081389443078084
2016-08-17,4. Quintile Low Vol,-0.02024187188839348
2016-08-18,4. Quintile Low Vol,-0.01758327007956562
2016-08-19,4. Quintile Low Vol,-0.023613080719726617
2016-08-22,4. Quintile Low Vol,-0.02697646757476465
2016-08-23,4. Quintile Low Vol,-0.02491322991742819
2016-08-24,4. Quintile Low Vol,-0.02577621938559763
2016-08-25,4. Quintile Low Vol,-0.026919097890138556
2016-08-26,4. Quintile Low Vol,-0.029414425287894546
2016-08-29,4. Quintile Low Vol,-0.022799600388417843
2016-08-30,4. Quintile Low Vol,-0.028444380706437313
2016-08-31,4. Quintile Low Vol,-0.028996994375102926
2016-09-01,4. Quintile Low Vol,-0.026992454370289368
2016-09-02,4. Quintile Low Vol,-0.02341017478223618
2016-09-06,4. Quintile Low Vol,-0.022485453583717247
2016-09-07,4. Quintile Low Vol,-0.027901196046056093
2016-09-08,4. Quintile Low Vol,-0.031485787933785
2016-09-09,4. Quintile Low Vol,-0.05227433214899512
2016-09-12,4. Quintile Low Vol,-0.038105310613373425
2016-09-13,4. Quintile Low Vol,-0.05488510524034068
2016-09-14,4. Quintile Low Vol,-0.05446038542739838
2016-09-15,4. Quintile Low Vol,-0.04730636874719394
2016-09-16,4. Quintile Low Vol,-0.050877308073296906
2016-09-19,4. Quintile Low Vol,-0.05108563319205915
2016-09-20,4. Quintile Low Vol,-0.04759103658179368
2016-09-21,4. Quintile Low Vol,-0.04442641103416807
2016-09-22,4. Quintile Low Vol,-0.03643266684599798
2016-09-23,4. Quintile Low Vol,-0.04414627158931217
2016-09-26,4. Quintile Low Vol,-0.054088853757826405
2016-09-27,4. Quintile Low Vol,-0.04423821371048659
2016-09-28,4. Quintile Low Vol,-0.040666956081031894
2016-09-29,4. Quintile Low Vol,-0.049690330950843985
2016-09-30,4. Quintile Low Vol,-0.05023345254383161
2016-10-03,4. Quintile Low Vol,-0.05303016359425409
2016-10-04,4. Quintile Low Vol,-0.05412868859101445
2016-10-05,4. Quintile Low Vol,-0.05358398980596817
2016-10-06,4. Quintile Low Vol,-0.047678395108267484
2016-10-07,4. Quintile Low Vol,-0.048969041653761834
2016-10-10,4. Quintile Low Vol,-0.05228811360339062
2016-10-11,4. Quintile Low Vol,-0.06220528882225538
2016-10-12,4. Quintile Low Vol,-0.06106263395782076
2016-10-13,4. Quintile Low Vol,-0.06283339934269196
2016-10-14,4. Quintile Low Vol,-0.06303772151899635
2016-10-17,4. Quintile Low Vol,-0.0663213010009538
2016-10-18,4. Quintile Low Vol,-0.07154391753793221
2016-10-19,4. Quintile Low Vol,-0.07602766773894526
2016-10-20,4. Quintile Low Vol,-0.0761587771762705
2016-10-21,4. Quintile Low Vol,-0.07741834604152792
2016-10-24,4. Quintile Low Vol,-0.07463681852343253
2016-10-25,4. Quintile Low Vol,-0.07611938729336386
2016-10-26,4. Quintile Low Vol,-0.07304433813382191
2016-10-27,4. Quintile Low Vol,-0.07239709061140602
2016-10-28,4. Quintile Low Vol,-0.07045083625572102
2016-10-31,4. Quintile Low Vol,-0.07096333768964862
2016-11-01,4. Quintile Low Vol,-0.07441853309420186
2016-11-02,4. Quintile Low Vol,-0.07726180657587992
2016-11-03,4. Quintile Low Vol,-0.07374521246139991
2016-11-04,4. Quintile Low Vol,-0.08182444301186201
2016-11-07,4. Quintile Low Vol,-0.06557224790337429
2016-11-08,4. Quintile Low Vol,-0.060204740482994644
2016-11-09,4. Quintile Low Vol,-0.06046097077488129
2016-11-10,4. Quintile Low Vol,-0.07644239573146809
2016-11-11,4. Quintile Low Vol,-0.06961353381925733
2016-11-14,4. Quintile Low Vol,-0.0735438871188385
2016-11-15,4. Quintile Low Vol,-0.07151670831823366
2016-11-16,4. Quintile Low Vol,-0.07001419882394648
2016-11-17,4. Quintile Low Vol,-0.07005526439612673
2016-11-18,4. Quintile Low Vol,-0.07932824416548855
2016-11-21,4. Quintile Low Vol,-0.07739903763852797
2016-11-22,4. Quintile Low Vol,-0.08135032077984078
2016-11-23,4. Quintile Low Vol,-0.08089462205183691
2016-11-25,4. Quintile Low Vol,-0.07303148446070039
2016-11-28,4. Quintile Low Vol,-0.07449727744047191
2016-11-29,4. Quintile Low Vol,-0.07781496674190182
2016-11-30,4. Quintile Low Vol,-0.07834981563975789
2016-12-01,4. Quintile Low Vol,-0.07884561347036449
2016-12-02,4. Quintile Low Vol,-0.0768946030737052
2016-12-05,4. Quintile Low Vol,-0.07513227555020308
2016-12-06,4. Quintile Low Vol,-0.07216640950950175
2016-12-07,4. Quintile Low Vol,-0.06616200689849358
2016-12-08,4. Quintile Low Vol,-0.06577848244261976
2016-12-09,4. Quintile Low Vol,-0.054728910854546405
2016-12-12,4. Quintile Low Vol,-0.045534982979938195
2016-12-13,4. Quintile Low Vol,-0.04530028644488555
2016-12-14,4. Quintile Low Vol,-0.05134730887137548
2016-12-15,4. Quintile Low Vol,-0.04760100460131999
2016-12-16,4. Quintile Low Vol,-0.04797958274165806
2016-12-19,4. Quintile Low Vol,-0.04289245686318339
2016-12-20,4. Quintile Low Vol,-0.042537529484408865
2016-12-21,4. Quintile Low Vol,-0.04544240191117942
2016-12-22,4. Quintile Low Vol,-0.051014142758056304
2016-12-23,4. Quintile Low Vol,-0.05044333319791416
2016-12-27,4. Quintile Low Vol,-0.04991983021324851
2016-12-28,4. Quintile Low Vol,-0.05615485356355515
2016-12-29,4. Quintile Low Vol,-0.05370541410901215
2016-12-30,4. Quintile Low Vol,-0.054223572208868226
2017-01-03,4. Quintile Low Vol,-0.046430120597648894
2017-01-04,4. Quintile Low Vol,-0.04374495250912152
2017-01-05,4. Quintile Low Vol,-0.039250256172666816
2017-01-06,4. Quintile Low Vol,-0.03690972635799418
2017-01-09,4. Quintile Low Vol,-0.04252732376447352
2017-01-10,4. Quintile Low Vol,-0.046886476507710044
2017-01-11,4. Quintile Low Vol,-0.04662809906565216
2017-01-12,4. Quintile Low Vol,-0.05150694536063781
2017-01-13,4. Quintile Low Vol,-0.050266043290004996
2017-01-17,4. Quintile Low Vol,-0.04459944539893598
2017-01-18,4. Quintile Low Vol,-0.044905639636971605
2017-01-19,4. Quintile Low Vol,-0.04943295256237708
2017-01-20,4. Quintile Low Vol,-0.03990835020562899
2017-01-23,4. Quintile Low Vol,-0.04237797161063616
2017-01-24,4. Quintile Low Vol,-0.03980809276063129
2017-01-25,4. Quintile Low Vol,-0.038068987513721425
2017-01-26,4. Quintile Low Vol,-0.04333940315389671
2017-01-27,4. Quintile Low Vol,-0.039078960735115006
2017-01-30,4. Quintile Low Vol,-0.0361846190567727
2017-01-31,4. Quintile Low Vol,-0.033120718068608695
2017-02-01,4. Quintile Low Vol,-0.03421489555958049
2017-02-02,4. Quintile Low Vol,-0.033074267997889255
2017-02-03,4. Quintile Low Vol,-0.03382014790279868
2017-02-06,4. Quintile Low Vol,-0.03588404192681323
2017-02-07,4. Quintile Low Vol,-0.03335723311422047
2017-02-08,4. Quintile Low Vol,-0.03193640231590096
2017-02-09,4. Quintile Low Vol,-0.03286483361628654
2017-02-10,4. Quintile Low Vol,-0.036797600413667766
2017-02-13,4. Quintile Low Vol,-0.03341324629809856
2017-02-14,4. Quintile Low Vol,-0.03266374509607267
2017-02-15,4. Quintile Low Vol,-0.022620341856900837
2017-02-16,4. Quintile Low Vol,-0.016202167433591725
2017-02-17,4. Quintile Low Vol,-0.015060685789523538
2017-02-21,4. Quintile Low Vol,-0.010587126587298188
2017-02-22,4. Quintile Low Vol,-0.010473205500162626
2017-02-23,4. Quintile Low Vol,-0.007411919393607959
2017-02-24,4. Quintile Low Vol,-0.0034980026634744326
2017-02-27,4. Quintile Low Vol,-0.005457779175588225
2017-02-28,4. Quintile Low Vol,-0.006027205502396787
2017-03-01,4. Quintile Low Vol,0.0
2017-03-02,4. Quintile Low Vol,-0.003247187188895966
2017-03-03,4. Quintile Low Vol,-0.00047390658804903954
2017-03-06,4. Quintile Low Vol,-0.0036101639482712883
2017-03-07,4. Quintile Low Vol,-0.0035577975334053257
2017-03-08,4. Quintile Low Vol,-0.000773056023224689
2017-03-09,4. Quintile Low Vol,0.0
2017-03-10,4. Quintile Low Vol,0.0
2017-03-13,4. Quintile Low Vol,-8.348985351449561e-05
2017-03-14,4. Quintile Low Vol,0.0
2017-03-15,4. Quintile Low Vol,0.0
2017-03-16,4. Quintile Low Vol,-0.001019783243804622
2017-03-17,4. Quintile Low Vol,-0.002113330473770278
2017-03-20,4. Quintile Low Vol,0.0
2017-03-21,4. Quintile Low Vol,-0.004659951539082537
2017-03-22,4. Quintile Low Vol,-0.003473176534242269
2017-03-23,4. Quintile Low Vol,-0.005673403991955453
2017-03-24,4. Quintile Low Vol,-0.0066068510913374935
2017-03-27,4. Quintile Low Vol,-0.003809353107672923
2017-03-28,4. Quintile Low Vol,-0.0012341107602608843
2017-03-29,4. Quintile Low Vol,-0.0032400775908416487
2017-03-30,4. Quintile Low Vol,-0.0003503351863863136
2017-03-31,4. Quintile Low Vol,-0.0009078817648113841
2017-04-03,4. Quintile Low Vol,-0.001695233030918941
2017-04-04,4. Quintile Low Vol,0.0
2017-04-05,4. Quintile Low Vol,-0.00032818467249014574
2017-04-06,4. Quintile Low Vol,-0.0007128518426028372
2017-04-07,4. Quintile Low Vol,-0.002835401297586061
2017-04-10,4. Quintile Low Vol,-0.003135474203772942
2017-04-11,4. Quintile Low Vol,-0.0012804037548604886
2017-04-12,4. Quintile Low Vol,0.0
2017-04-13,4. Quintile Low Vol,-0.0021231040199563064
2017-04-17,4. Quintile Low Vol,0.0
2017-04-18,4. Quintile Low Vol,-0.0033419751298629894
2017-04-19,4. Quintile Low Vol,-0.010018485647517329
2017-04-20,4. Quintile Low Vol,-0.0082675215877368
2017-04-21,4. Quintile Low Vol,-0.011329239596550888
2017-04-24,4. Quintile Low Vol,-0.0069027356917661644
2017-04-25,4. Quintile Low Vol,-0.002340960968211311
2017-04-26,4. Quintile Low Vol,-0.006785985543707516
2017-04-27,4. Quintile Low Vol,-0.0072414733898059375
2017-04-28,4. Quintile Low Vol,-0.008479808847795752
2017-05-01,4. Quintile Low Vol,-0.010895343335341997
2017-05-02,4. Quintile Low Vol,-0.012374120760126882
2017-05-03,4. Quintile Low Vol,-0.018956216017939887
2017-05-04,4. Quintile Low Vol,-0.01666344188869409
2017-05-05,4. Quintile Low Vol,-0.015432540986687018
2017-05-08,4. Quintile Low Vol,-0.015890289906149737
2017-05-09,4. Quintile Low Vol,-0.01718312144076804
2017-05-10,4. Quintile Low Vol,-0.022652660481816418
2017-05-11,4. Quintile Low Vol,-0.02234991153812679
2017-05-12,4. Quintile Low Vol,-0.02164535232413441
2017-05-15,4. Quintile Low Vol,-0.014993898532274126
2017-05-16,4. Quintile Low Vol,-0.015503290299737404
2017-05-17,4. Quintile Low Vol,-0.020824472759873536
2017-05-18,4. Quintile Low Vol,-0.021254086695115946
2017-05-19,4. Quintile Low Vol,-0.017750844433586342
2017-05-22,4. Quintile Low Vol,-0.015438708066174714
2017-05-23,4. Quintile Low Vol,-0.015386826526877617
2017-05-24,4. Quintile Low Vol,-0.008997207239455301
2017-05-25,4. Quintile Low Vol,-0.00670506801221558
2017-05-26,4. Quintile Low Vol,-0.0044663042942080025
2017-05-30,4. Quintile Low Vol,-0.003593143623614655
2017-05-31,4. Quintile Low Vol,-0.004187212706801173
2017-06-01,4. Quintile Low Vol,0.0
2017-06-02,4. Quintile Low Vol,-0.00020364556217890038
2017-06-05,4. Quintile Low Vol,-0.0016620819551730252
2017-06-06,4. Quintile Low Vol,-0.004855452944465599
2017-06-07,4. Quintile Low Vol,-0.005312159042192236
2017-06-08,4. Quintile Low Vol,-0.016046784164173915
2017-06-09,4. Quintile Low Vol,-0.012009309781101811
2017-06-12,4. Quintile Low Vol,-0.009719171873957608
2017-06-13,4. Quintile Low Vol,-0.010042013961171516
2017-06-14,4. Quintile Low Vol,-0.003968505574667184
2017-06-15,4. Quintile Low Vol,-0.0019392561218316174
2017-06-16,4. Quintile Low Vol,-0.002114206724406223
2017-06-19,4. Quintile Low Vol,0.0
2017-06-20,4. Quintile Low Vol,-0.004526825462799933
2017-06-21,4. Quintile Low Vol,-0.007073993817033137
2017-06-22,4. Quintile Low Vol,-0.012066806048888625
2017-06-23,4. Quintile Low Vol,-0.01640845076735844
2017-06-26,4. Quintile Low Vol,-0.012632407566794322
2017-06-27,4. Quintile Low Vol,-0.01586399580528986
2017-06-28,4. Quintile Low Vol,-0.010127924423732646
2017-06-29,4. Quintile Low Vol,-0.021072177057207
2017-06-30,4. Quintile Low Vol,-0.022153839053500702
2017-07-03,4. Quintile Low Vol,-0.018183893785773297
2017-07-05,4. Quintile Low Vol,-0.01799554481004751
2017-07-06,4. Quintile Low Vol,-0.026261821578099465
2017-07-07,4. Quintile Low Vol,-0.024545940141465963
2017-07-10,4. Quintile Low Vol,-0.027567396264321423
2017-07-11,4. Quintile Low Vol,-0.03107943911053812
2017-07-12,4. Quintile Low Vol,-0.02734942658413126
2017-07-13,4. Quintile Low Vol,-0.028762692002400485
2017-07-14,4. Quintile Low Vol,-0.023814130439719926
2017-07-17,4. Quintile Low Vol,-0.024421559311446385
2017-07-18,4. Quintile Low Vol,-0.016613190386336817
2017-07-19,4. Quintile Low Vol,-0.013272693990182688
2017-07-20,4. Quintile Low Vol,-0.01069213375246364
2017-07-21,4. Quintile Low Vol,-0.012286258097590026
2017-07-24,4. Quintile Low Vol,-0.019951197704250526
2017-07-25,4. Quintile Low Vol,-0.018766034280140433
2017-07-26,4. Quintile Low Vol,-0.018838886919087274
2017-07-27,4. Quintile Low Vol,-0.012310627616141824
2017-07-28,4. Quintile Low Vol,-0.011250858047386528
2017-07-31,4. Quintile Low Vol,-0.008783181135950219
2017-08-01,4. Quintile Low Vol,-0.009732189875723576
2017-08-02,4. Quintile Low Vol,-0.012314139673892192
2017-08-03,4. Quintile Low Vol,-0.006465829521556303
2017-08-04,4. Quintile Low Vol,-0.006711480822942418
2017-08-07,4. Quintile Low Vol,-0.0067815777005132685
2017-08-08,4. Quintile Low Vol,-0.00791602794398842
2017-08-09,4. Quintile Low Vol,-0.004001982921236547
2017-08-10,4. Quintile Low Vol,-0.004166522791554328
2017-08-11,4. Quintile Low Vol,-0.007328388171650642
2017-08-14,4. Quintile Low Vol,-0.004171815149525651
2017-08-15,4. Quintile Low Vol,-0.00017420459888357076
2017-08-16,4. Quintile Low Vol,0.0
2017-08-17,4. Quintile Low Vol,-0.007957075199229948
2017-08-18,4. Quintile Low Vol,-0.010664039869823169
2017-08-21,4. Quintile Low Vol,-0.007347789703627422
2017-08-22,4. Quintile Low Vol,-0.0028353927251530205
2017-08-23,4. Quintile Low Vol,-0.006997077469915074
2017-08-24,4. Quintile Low Vol,-0.00808815550663661
2017-08-25,4. Quintile Low Vol,-0.007614733140289996
2017-08-28,4. Quintile Low Vol,-0.007851252582674556
2017-08-29,4. Quintile Low Vol,-0.007022268358359873
2017-08-30,4. Quintile Low Vol,-0.011079012448031339
2017-08-31,4. Quintile Low Vol,-0.0032679752813312883
2017-09-01,4. Quintile Low Vol,-0.0034699575337264373
2017-09-05,4. Quintile Low Vol,-0.005425012895699737
2017-09-06,4. Quintile Low Vol,-0.0024036095960077862
2017-09-07,4. Quintile Low Vol,0.0
2017-09-08,4. Quintile Low Vol,-0.0016849859041961988
2017-09-11,4. Quintile Low Vol,0.0
2017-09-12,4. Quintile Low Vol,0.0
2017-09-13,4. Quintile Low Vol,-0.0016290029108090485
2017-09-14,4. Quintile Low Vol,0.0
2017-09-15,4. Quintile Low Vol,-0.002545157905358453
2017-09-18,4. Quintile Low Vol,-0.00021018505238976112
2017-09-19,4. Quintile Low Vol,0.0
2017-09-20,4. Quintile Low Vol,-0.00020634117510279624
2017-09-21,4. Quintile Low Vol,-0.009868123281703653
2017-09-22,4. Quintile Low Vol,-0.011208708177171811
2017-09-25,4. Quintile Low Vol,-0.012427418041070632
2017-09-26,4. Quintile Low Vol,-0.01517201735004229
2017-09-27,4. Quintile Low Vol,-0.026105680226839973
2017-09-28,4. Quintile Low Vol,-0.024048029673038335
2017-09-29,4. Quintile Low Vol,-0.024597118161759905
2017-10-02,4. Quintile Low Vol,-0.02212981181476382
2017-10-03,4. Quintile Low Vol,-0.018211784936525498
2017-10-04,4. Quintile Low Vol,-0.016867725237516753
2017-10-05,4. Quintile Low Vol,-0.016847303490236904
2017-10-06,4. Quintile Low Vol,-0.01678629195558259
2017-10-09,4. Quintile Low Vol,-0.016215648674578566
2017-10-10,4. Quintile Low Vol,-0.012601524497697395
2017-10-11,4. Quintile Low Vol,-0.010430211785994983
2017-10-12,4. Quintile Low Vol,-0.009714970669627333
2017-10-13,4. Quintile Low Vol,-0.007076605116676823
2017-10-16,4. Quintile Low Vol,-0.005693204589310011
2017-10-17,4. Quintile Low Vol,-0.005196404267837487
2017-10-18,4. Quintile Low Vol,-0.009051996023893453
2017-10-19,4. Quintile Low Vol,-0.008443970001204563
2017-10-20,4. Quintile Low Vol,-0.016208078377046728
2017-10-23,4. Quintile Low Vol,-0.01883079410208574
2017-10-24,4. Quintile Low Vol,-0.02065181573392466
2017-10-25,4. Quintile Low Vol,-0.023322966969048824
2017-10-26,4. Quintile Low Vol,-0.022608485307979705
2017-10-27,4. Quintile Low Vol,-0.024951952697302396
2017-10-30,4. Quintile Low Vol,-0.03173670904956822
2017-10-31,4. Quintile Low Vol,-0.032292628060996975
2017-11-01,4. Quintile Low Vol,-0.02778897792133359
2017-11-02,4. Quintile Low Vol,-0.029618712905555455
2017-11-03,4. Quintile Low Vol,-0.029128739128408444
2017-11-06,4. Quintile Low Vol,-0.03035900191239865
2017-11-07,4. Quintile Low Vol,-0.025396810350525455
2017-11-08,4. Quintile Low Vol,-0.021934211581175953
2017-11-09,4. Quintile Low Vol,-0.02038448017512296
2017-11-10,4. Quintile Low Vol,-0.021250671178932347
2017-11-13,4. Quintile Low Vol,-0.01914968166914897
2017-11-14,4. Quintile Low Vol,-0.0163874523769832
2017-11-15,4. Quintile Low Vol,-0.028244886890170625
2017-11-16,4. Quintile Low Vol,-0.026946939691041304
2017-11-17,4. Quintile Low Vol,-0.0372387204799255
2017-11-20,4. Quintile Low Vol,-0.037817014784824965
2017-11-21,4. Quintile Low Vol,-0.030639865787695723
2017-11-22,4. Quintile Low Vol,-0.03213606898830809
2017-11-24,4. Quintile Low Vol,-0.028128553997122614
2017-11-27,4. Quintile Low Vol,-0.026591303880905824
2017-11-28,4. Quintile Low Vol,-0.021942890204114936
2017-11-29,4. Quintile Low Vol,-0.02969724699266492
2017-11-30,4. Quintile Low Vol,-0.03024989696511972
2017-12-01,4. Quintile Low Vol,-0.02709535110061185
2017-12-04,4. Quintile Low Vol,-0.02450672090835666
2017-12-05,4. Quintile Low Vol,-0.02923178367123117
2017-12-06,4. Quintile Low Vol,-0.030874014154432236
2017-12-07,4. Quintile Low Vol,-0.03713989879753953
2017-12-08,4. Quintile Low Vol,-0.036977094388785346
2017-12-11,4. Quintile Low Vol,-0.03302663030616385
2017-12-12,4. Quintile Low Vol,-0.032574039948202654
2017-12-13,4. Quintile Low Vol,-0.025114792221180845
2017-12-14,4. Quintile Low Vol,-0.02594725168841972
2017-12-15,4. Quintile Low Vol,-0.017371060461754812
2017-12-18,4. Quintile Low Vol,-0.019506397016464047
2017-12-19,4. Quintile Low Vol,-0.021712829124069244
2017-12-20,4. Quintile Low Vol,-0.024340970157374946
2017-12-21,4. Quintile Low Vol,-0.025125135776368046
2017-12-22,4. Quintile Low Vol,-0.024257664583245218
2017-12-26,4. Quintile Low Vol,-0.021650818326205204
2017-12-27,4. Quintile Low Vol,-0.02146936062894977
2017-12-28,4. Quintile Low Vol,-0.022046117174175064
2017-12-29,4. Quintile Low Vol,-0.023820502158645677
2018-01-02,4. Quintile Low Vol,-0.023417987111068107
2018-01-03,4. Quintile Low Vol,-0.017574471546597505
2018-01-04,4. Quintile Low Vol,-0.011572688925422377
2018-01-05,4. Quintile Low Vol,-0.011199529424679942
2018-01-08,4. Quintile Low Vol,-0.011883653702507092
2018-01-09,4. Quintile Low Vol,-0.013815914612172143
2018-01-10,4. Quintile Low Vol,-0.01783551312355465
2018-01-11,4. Quintile Low Vol,-0.01577944672281231
2018-01-12,4. Quintile Low Vol,-0.015067543901845708
2018-01-16,4. Quintile Low Vol,-0.012609719829234723
2018-01-17,4. Quintile Low Vol,-0.0015511442200426306
2018-01-18,4. Quintile Low Vol,-0.006913809316794016
2018-01-19,4. Quintile Low Vol,-0.004180744463014717
2018-01-22,4. Quintile Low Vol,0.0
2018-01-23,4. Quintile Low Vol,-0.007857075024370334
2018-01-24,4. Quintile Low Vol,-0.006434755356362409
2018-01-25,4. Quintile Low Vol,-0.004764473146064971
2018-01-26,4. Quintile Low Vol,0.0
2018-01-29,4. Quintile Low Vol,-0.009434856658400003
2018-01-30,4. Quintile Low Vol,-0.02230187788389147
2018-01-31,4. Quintile Low Vol,-0.022868027073103012
2018-02-01,4. Quintile Low Vol,-0.017086955644785014
2018-02-02,4. Quintile Low Vol,-0.0474893841653799
2018-02-05,4. Quintile Low Vol,-0.08856687716727152
2018-02-06,4. Quintile Low Vol,-0.08251589656014081
2018-02-07,4. Quintile Low Vol,-0.08918693209329909
2018-02-08,4. Quintile Low Vol,-0.11509947144273901
2018-02-09,4. Quintile Low Vol,-0.11176653496622584
2018-02-12,4. Quintile Low Vol,-0.09743856371288241
2018-02-13,4. Quintile Low Vol,-0.09639945169203046
2018-02-14,4. Quintile Low Vol,-0.09385566625999647
2018-02-15,4. Quintile Low Vol,-0.08331266116122193
2018-02-16,4. Quintile Low Vol,-0.08166966077582369
2018-02-20,4. Quintile Low Vol,-0.0922184073427202
2018-02-21,4. Quintile Low Vol,-0.10418741066143343
2018-02-22,4. Quintile Low Vol,-0.09894689755104125
2018-02-23,4. Quintile Low Vol,-0.08598878203113135
2018-02-26,4. Quintile Low Vol,-0.0774643447787304
2018-02-27,4. Quintile Low Vol,-0.08880799614327799
2018-02-28,4. Quintile Low Vol,-0.08935442486758866
2018-03-01,4. Quintile Low Vol,-0.09390966993374902
2018-03-02,4. Quintile Low Vol,-0.08630656664995147
2018-03-05,4. Quintile Low Vol,-0.07925186007369009
2018-03-06,4. Quintile Low Vol,-0.08284867066362603
2018-03-07,4. Quintile Low Vol,-0.09025987418455782
2018-03-08,4. Quintile Low Vol,-0.07971368508130175
2018-03-09,4. Quintile Low Vol,-0.07246000995493591
2018-03-12,4. Quintile Low Vol,-0.07524288162895318
2018-03-13,4. Quintile Low Vol,-0.07455690645781778
2018-03-14,4. Quintile Low Vol,-0.08716709166498568
2018-03-15,4. Quintile Low Vol,-0.0849400906056945
2018-03-16,4. Quintile Low Vol,-0.08198381872815391
2018-03-19,4. Quintile Low Vol,-0.09288816375472105
2018-03-20,4. Quintile Low Vol,-0.09321055815644747
2018-03-21,4. Quintile Low Vol,-0.09461538500643667
2018-03-22,4. Quintile Low Vol,-0.10902222036577452
2018-03-23,4. Quintile Low Vol,-0.11857275095902597
2018-03-26,4. Quintile Low Vol,-0.107869811883778
2018-03-27,4. Quintile Low Vol,-0.10403009120441853
2018-03-28,4. Quintile Low Vol,-0.10097335633932764
2018-03-29,4. Quintile Low Vol,-0.10147855561513738
2018-04-02,4. Quintile Low Vol,-0.11771518225586802
2018-04-03,4. Quintile Low Vol,-0.10162363672429713
2018-04-04,4. Quintile Low Vol,-0.09310240783861755
2018-04-05,4. Quintile Low Vol,-0.0920520273936442
2018-04-06,4. Quintile Low Vol,-0.1025957775263693
2018-04-09,4. Quintile Low Vol,-0.10199042585794303
2018-04-10,4. Quintile Low Vol,-0.09083658460210751
2018-04-11,4. Quintile Low Vol,-0.09104888387779148
2018-04-12,4. Quintile Low Vol,-0.08947880577174552
2018-04-13,4. Quintile Low Vol,-0.08348275012661828
2018-04-16,4. Quintile Low Vol,-0.07848396639287722
2018-04-17,4. Quintile Low Vol,-0.07985843172223567
2018-04-18,4. Quintile Low Vol,-0.07873095308120846
2018-04-19,4. Quintile Low Vol,-0.08812384260287874
2018-04-20,4. Quintile Low Vol,-0.09496581639345458
2018-04-23,4. Quintile Low Vol,-0.09319807717338088
2018-04-24,4. Quintile Low Vol,-0.1013535315449122
2018-04-25,4. Quintile Low Vol,-0.1041748613913578
2018-04-26,4. Quintile Low Vol,-0.09607021553465488
2018-04-27,4. Quintile Low Vol,-0.10129958716567382
2018-04-30,4. Quintile Low Vol,-0.10183497406499141
2018-05-01,4. Quintile Low Vol,-0.1145172877654351
2018-05-02,4. Quintile Low Vol,-0.12802921434838047
2018-05-03,4. Quintile Low Vol,-0.12924133857142342
2018-05-04,4. Quintile Low Vol,-0.12092291003582684
2018-05-07,4. Quintile Low Vol,-0.12397785159129135
2018-05-08,4. Quintile Low Vol,-0.12880472023803952
2018-05-09,4. Quintile Low Vol,-0.12330766187716541
2018-05-10,4. Quintile Low Vol,-0.11633482626337353
2018-05-11,4. Quintile Low Vol,-0.10967944455932518
2018-05-14,4. Quintile Low Vol,-0.11036556320970592
2018-05-15,4. Quintile Low Vol,-0.11574953910743996
2018-05-16,4. Quintile Low Vol,-0.1145026960257059
2018-05-17,4. Quintile Low Vol,-0.11174771886420701
2018-05-18,4. Quintile Low Vol,-0.11369250084967385
2018-05-21,4. Quintile Low Vol,-0.11054376057347899
2018-05-22,4. Quintile Low Vol,-0.11339857645264059
2018-05-23,4. Quintile Low Vol,-0.10965935190077243
2018-05-24,4. Quintile Low Vol,-0.11397114009886407
2018-05-25,4. Quintile Low Vol,-0.11455225325915058
2018-05-29,4. Quintile Low Vol,-0.11745792885281883
2018-05-30,4. Quintile Low Vol,-0.10757259125128285
2018-05-31,4. Quintile Low Vol,-0.11672489934381712
2018-06-01,4. Quintile Low Vol,-0.11035446619735535
2018-06-04,4. Quintile Low Vol,-0.10371036653191235
2018-06-05,4. Quintile Low Vol,-0.10723463750193328
2018-06-06,4. Quintile Low Vol,-0.10227592263387321
2018-06-07,4. Quintile Low Vol,-0.09636647515012918
2018-06-08,4. Quintile Low Vol,-0.08690310424258503
2018-06-11,4. Quintile Low Vol,-0.08963754196353094
2018-06-12,4. Quintile Low Vol,-0.08929548697509115
2018-06-13,4. Quintile Low Vol,-0.09321397777785817
2018-06-14,4. Quintile Low Vol,-0.09858352675041987
2018-06-15,4. Quintile Low Vol,-0.08987600340247423
2018-06-18,4. Quintile Low Vol,-0.10114147691668496
2018-06-19,4. Quintile Low Vol,-0.09677113962978712
2018-06-20,4. Quintile Low Vol,-0.09949832483514537
2018-06-21,4. Quintile Low Vol,-0.1005797164595991
2018-06-22,4. Quintile Low Vol,-0.09291529157012558
2018-06-25,4. Quintile Low Vol,-0.09132319038178187
2018-06-26,4. Quintile Low Vol,-0.09239716494158597
2018-06-27,4. Quintile Low Vol,-0.09706956452303614
2018-06-28,4. Quintile Low Vol,-0.09225834823867794
2018-06-29,4. Quintile Low Vol,-0.09276805773155654
2018-07-02,4. Quintile Low Vol,-0.09169566661628435
2018-07-03,4. Quintile Low Vol,-0.09379055613747087
2018-07-05,4. Quintile Low Vol,-0.08044807840521859
2018-07-06,4. Quintile Low Vol,-0.07997213478956289
2018-07-09,4. Quintile Low Vol,-0.08243173179128672
2018-07-10,4. Quintile Low Vol,-0.07207387901637222
2018-07-11,4. Quintile Low Vol,-0.07194801444734604
2018-07-12,4. Quintile Low Vol,-0.0709600740795703
2018-07-13,4. Quintile Low Vol,-0.06552520308194629
2018-07-16,4. Quintile Low Vol,-0.06544258416389244
2018-07-17,4. Quintile Low Vol,-0.05939306742371022
2018-07-18,4. Quintile Low Vol,-0.06006057174347348
2018-07-19,4. Quintile Low Vol,-0.061748436249597055
2018-07-20,4. Quintile Low Vol,-0.06260923899753255
2018-07-23,4. Quintile Low Vol,-0.06640595222131936
2018-07-24,4. Quintile Low Vol,-0.06118596859051468
2018-07-25,4. Quintile Low Vol,-0.052642748253514365
2018-07-26,4. Quintile Low Vol,-0.043955876588896166
2018-07-27,4. Quintile Low Vol,-0.04304983651449657
2018-07-30,4. Quintile Low Vol,-0.042903518897579276
2018-07-31,4. Quintile Low Vol,-0.028460900150585392
2018-08-01,4. Quintile Low Vol,-0.029522701244443502
2018-08-02,4. Quintile Low Vol,-0.031039053585441664
2018-08-03,4. Quintile Low Vol,-0.01933467101413839
2018-08-06,4. Quintile Low Vol,-0.011493901118336411
2018-08-07,4. Quintile Low Vol,-0.011829740909241281
2018-08-08,4. Quintile Low Vol,-0.016504589212738268
2018-08-09,4. Quintile Low Vol,-0.020406455380035902
2018-08-10,4. Quintile Low Vol,-0.025358606689734834
2018-08-13,4. Quintile Low Vol,-0.028353608392790986
2018-08-14,4. Quintile Low Vol,-0.02791510208858843
2018-08-15,4. Quintile Low Vol,-0.021022592815319298
2018-08-16,4. Quintile Low Vol,-0.015432026347182591
2018-08-17,4. Quintile Low Vol,-0.009274961101391173
2018-08-20,4. Quintile Low Vol,-0.008307418857870374
2018-08-21,4. Quintile Low Vol,-0.010387615607230314
2018-08-22,4. Quintile Low Vol,-0.014908070351168888
2018-08-23,4. Quintile Low Vol,-0.015590488840895417
2018-08-24,4. Quintile Low Vol,-0.014504983184572225
2018-08-27,4. Quintile Low Vol,-0.01822505616360668
2018-08-28,4. Quintile Low Vol,-0.019723581567051784
2018-08-29,4. Quintile Low Vol,-0.02018295008068966
2018-08-30,4. Quintile Low Vol,-0.02352923818490878
2018-08-31,4. Quintile Low Vol,-0.026491076593778664
2018-09-04,4. Quintile Low Vol,-0.029706355213199004
2018-09-05,4. Quintile Low Vol,-0.023902637230198726
2018-09-06,4. Quintile Low Vol,-0.023338772161444876
2018-09-07,4. Quintile Low Vol,-0.021583736443887048
2018-09-10,4. Quintile Low Vol,-0.019962415720793915
2018-09-11,4. Quintile Low Vol,-0.02201969113828254
2018-09-12,4. Quintile Low Vol,-0.017361100669929512
2018-09-13,4. Quintile Low Vol,-0.013122513815801172
2018-09-14,4. Quintile Low Vol,-0.014193766316158903
2018-09-17,4. Quintile Low Vol,-0.010095814062367647
2018-09-18,4. Quintile Low Vol,-0.00934549915411912
2018-09-19,4. Quintile Low Vol,-0.010191095928847744
2018-09-20,4. Quintile Low Vol,0.0
2018-09-21,4. Quintile Low Vol,0.0
2018-09-24,4. Quintile Low Vol,-0.002813517204341044
2018-09-25,4. Quintile Low Vol,-0.007168142120671431
2018-09-26,4. Quintile Low Vol,-0.003167108704558623
2018-09-27,4. Quintile Low Vol,-0.0003419770933379528
2018-09-28,4. Quintile Low Vol,-0.0009442411953806271
2018-10-01,4. Quintile Low Vol,0.0
2018-10-02,4. Quintile Low Vol,-0.00013477449663947712
2018-10-03,4. Quintile Low Vol,-0.005451761992000196
2018-10-04,4. Quintile Low Vol,-0.015393691420417856
2018-10-05,4. Quintile Low Vol,-0.016327666287613254
2018-10-08,4. Quintile Low Vol,-0.0078021424886830365
2018-10-09,4. Quintile Low Vol,-0.01101458142554587
2018-10-10,4. Quintile Low Vol,-0.025023559637461917
2018-10-11,4. Quintile Low Vol,-0.05272256398348634
2018-10-12,4. Quintile Low Vol,-0.0431630178178918
2018-10-15,4. Quintile Low Vol,-0.044014903026140605
2018-10-16,4. Quintile Low Vol,-0.030763564629665268
2018-10-17,4. Quintile Low Vol,-0.03272174571711259
2018-10-18,4. Quintile Low Vol,-0.04784328509390373
2018-10-19,4. Quintile Low Vol,-0.02068665832777624
2018-10-22,4. Quintile Low Vol,-0.026786801253484236
2018-10-23,4. Quintile Low Vol,-0.024796233205687766
2018-10-24,4. Quintile Low Vol,-0.026952053612290826
2018-10-25,4. Quintile Low Vol,-0.021728059653887712
2018-10-26,4. Quintile Low Vol,-0.041144746126577654
2018-10-29,4. Quintile Low Vol,-0.0323590708572322
2018-10-30,4. Quintile Low Vol,-0.02146138269795155
2018-10-31,4. Quintile Low Vol,-0.02207526484013302
2018-11-01,4. Quintile Low Vol,-0.011504165958258216
2018-11-02,4. Quintile Low Vol,-0.015362272804982261
2018-11-05,4. Quintile Low Vol,-0.0026846322754202233
2018-11-06,4. Quintile Low Vol,-0.0030393685857804035
2018-11-07,4. Quintile Low Vol,0.0
2018-11-08,4. Quintile Low Vol,-0.00127492127461202
2018-11-09,4. Quintile Low Vol,0.0
2018-11-12,4. Quintile Low Vol,-0.00848202740493073
2018-11-13,4. Quintile Low Vol,-0.01402894601565724
2018-11-14,4. Quintile Low Vol,-0.0174453823715928
2018-11-15,4. Quintile Low Vol,-0.018913605499352833
2018-11-16,4. Quintile Low Vol,-0.01298487305644551
2018-11-19,4. Quintile Low Vol,-0.009236890490625359
2018-11-20,4. Quintile Low Vol,-0.026945566846462852
2018-11-21,4. Quintile Low Vol,-0.039929013164931984
2018-11-23,4. Quintile Low Vol,-0.038452355683193024
2018-11-26,4. Quintile Low Vol,-0.03823988802407024
2018-11-27,4. Quintile Low Vol,-0.023827583503090895
2018-11-28,4. Quintile Low Vol,-0.006200057840470076
2018-11-29,4. Quintile Low Vol,-0.009892773877171596
2018-11-30,4. Quintile Low Vol,-0.010459253840354893
2018-12-03,4. Quintile Low Vol,-0.011038612220791166
2018-12-04,4. Quintile Low Vol,-0.022006504108499438
2018-12-06,4. Quintile Low Vol,-0.027285719525131133
2018-12-07,4. Quintile Low Vol,-0.037529441545562654
2018-12-10,4. Quintile Low Vol,-0.03793406596110744
2018-12-11,4. Quintile Low Vol,-0.036023549319865254
2018-12-12,4. Quintile Low Vol,-0.037835949420141714
2018-12-13,4. Quintile Low Vol,-0.030176992405169894
2018-12-14,4. Quintile Low Vol,-0.06430261765530265
2018-12-17,4. Quintile Low Vol,-0.08425637317477808
2018-12-18,4. Quintile Low Vol,-0.09230182910163828
2018-12-19,4. Quintile Low Vol,-0.10520025884088272
2018-12-20,4. Quintile Low Vol,-0.112657412190703
2018-12-21,4. Quintile Low Vol,-0.11450836792297811
2018-12-24,4. Quintile Low Vol,-0.14677694685569978
2018-12-26,4. Quintile Low Vol,-0.11691660858290426
2018-12-27,4. Quintile Low Vol,-0.1083721413316527
2018-12-28,4. Quintile Low Vol,-0.11203667978609881
2018-12-31,4. Quintile Low Vol,-0.11255521677268261
2019-01-02,4. Quintile Low Vol,-0.10783225810336514
2019-01-03,4. Quintile Low Vol,-0.1238322948699243
2019-01-04,4. Quintile Low Vol,-0.09821201862653688
2019-01-07,4. Quintile Low Vol,-0.09858534339372199
2019-01-08,4. Quintile Low Vol,-0.09382262505665966
2019-01-09,4. Quintile Low Vol,-0.09769619244027368
2019-01-10,4. Quintile Low Vol,-0.10181758187570246
2019-01-11,4. Quintile Low Vol,-0.09981873375226896
2019-01-14,4. Quintile Low Vol,-0.10125395895317092
2019-01-15,4. Quintile Low Vol,-0.09564102094169553
2019-01-16,4. Quintile Low Vol,-0.10007450736126984
2019-01-17,4. Quintile Low Vol,-0.09503701830287754
2019-01-18,4. Quintile Low Vol,-0.08555597446214251
2019-01-22,4. Quintile Low Vol,-0.09369571621592399
2019-01-23,4. Quintile Low Vol,-0.09418855833008928
2019-01-24,4. Quintile Low Vol,-0.10259947858339499
2019-01-25,4. Quintile Low Vol,-0.1031564289840052
2019-01-28,4. Quintile Low Vol,-0.11018756900269348
2019-01-29,4. Quintile Low Vol,-0.10126454516741423
2019-01-30,4. Quintile Low Vol,-0.09190347376598117
2019-01-31,4. Quintile Low Vol,-0.09241405374026063
2019-02-01,4. Quintile Low Vol,-0.0811609480235356
2019-02-04,4. Quintile Low Vol,-0.08014504975095003
2019-02-05,4. Quintile Low Vol,-0.07697066455090296
2019-02-06,4. Quintile Low Vol,-0.0806473473069895
2019-02-07,4. Quintile Low Vol,-0.08560905834422086
2019-02-08,4. Quintile Low Vol,-0.08849766536430494
2019-02-11,4. Quintile Low Vol,-0.09287386032779447
2019-02-12,4. Quintile Low Vol,-0.08532637384942308
2019-02-13,4. Quintile Low Vol,-0.07896932039630461
2019-02-14,4. Quintile Low Vol,-0.0992515074831352
2019-02-15,4. Quintile Low Vol,-0.08564673634159166
2019-02-19,4. Quintile Low Vol,-0.0849084001765349
2019-02-20,4. Quintile Low Vol,-0.08124068464163087
2019-02-21,4. Quintile Low Vol,-0.07909622159750238
2019-02-22,4. Quintile Low Vol,-0.07904983251497395
2019-02-25,4. Quintile Low Vol,-0.0813722215285617
2019-02-26,4. Quintile Low Vol,-0.08401568518203456
2019-02-27,4. Quintile Low Vol,-0.08207792540644974
2019-02-28,4. Quintile Low Vol,-0.08261773463020498
2019-03-01,4. Quintile Low Vol,-0.08233972358289379
2019-03-04,4. Quintile Low Vol,-0.08103512511278314
2019-03-05,4. Quintile Low Vol,-0.08099952610955483
2019-03-06,4. Quintile Low Vol,-0.08107336905165169
2019-03-07,4. Quintile Low Vol,-0.08716904064220377
2019-03-08,4. Quintile Low Vol,-0.0893900207281341
2019-03-11,4. Quintile Low Vol,-0.07568617080460635
2019-03-12,4. Quintile Low Vol,-0.07732172131252145
2019-03-13,4. Quintile Low Vol,-0.07546320224006742
2019-03-14,4. Quintile Low Vol,-0.0770907267836404
2019-03-15,4. Quintile Low Vol,-0.07501450785237292
2019-03-18,4. Quintile Low Vol,-0.07391806088714825
2019-03-19,4. Quintile Low Vol,-0.07992129946494796
2019-03-20,4. Quintile Low Vol,-0.08791185104323943
2019-03-21,4. Quintile Low Vol,-0.09337245908343729
2019-03-22,4. Quintile Low Vol,-0.10076807176923343
2019-03-25,4. Quintile Low Vol,-0.10323710767538569
2019-03-26,4. Quintile Low Vol,-0.0928458744673559
2019-03-27,4. Quintile Low Vol,-0.09603385647416977
2019-03-28,4. Quintile Low Vol,-0.09301141441031266
2019-03-29,4. Quintile Low Vol,-0.08887296591477156
2019-04-01,4. Quintile Low Vol,-0.07840083224538362
2019-04-02,4. Quintile Low Vol,-0.08121958406493535
2019-04-03,4. Quintile Low Vol,-0.08101284652339429
2019-04-04,4. Quintile Low Vol,-0.07236526946851178
2019-04-05,4. Quintile Low Vol,-0.07078807938086588
2019-04-08,4. Quintile Low Vol,-0.0687891333428859
2019-04-09,4. Quintile Low Vol,-0.06728478497070725
2019-04-10,4. Quintile Low Vol,-0.06368367712236568
2019-04-11,4. Quintile Low Vol,-0.05972933594234415
2019-04-12,4. Quintile Low Vol,-0.019491862154340768
2019-04-15,4. Quintile Low Vol,-0.014925024493792268
2019-04-16,4. Quintile Low Vol,-0.01582006617602995
2019-04-17,4. Quintile Low Vol,-0.002817516169662939
2019-04-18,4. Quintile Low Vol,-0.0021828765469238155
2019-04-22,4. Quintile Low Vol,-0.00572362189209426
2019-04-23,4. Quintile Low Vol,0.0
2019-04-24,4. Quintile Low Vol,0.0
2019-04-25,4. Quintile Low Vol,0.0
2019-04-26,4. Quintile Low Vol,0.0
2019-04-29,4. Quintile Low Vol,0.0
2019-04-30,4. Quintile Low Vol,-0.0011507831854202823
2019-05-01,4. Quintile Low Vol,-0.009454665830860421
2019-05-02,4. Quintile Low Vol,-0.010691437402091919
2019-05-03,4. Quintile Low Vol,-0.00423565011742638
2019-05-06,4. Quintile Low Vol,-0.005383821944231552
2019-05-07,4. Quintile Low Vol,-0.016652719334685148
2019-05-08,4. Quintile Low Vol,-0.01929852554680262
2019-05-09,4. Quintile Low Vol,-0.027264416374692735
2019-05-10,4. Quintile Low Vol,-0.012755074410754203
2019-05-13,4. Quintile Low Vol,-0.02141949398416204
2019-05-14,4. Quintile Low Vol,-0.019056252612125343
2019-05-15,4. Quintile Low Vol,-0.014814254012234069
2019-05-16,4. Quintile Low Vol,-0.00368723611059054
2019-05-17,4. Quintile Low Vol,-0.007558944314825218
2019-05-20,4. Quintile Low Vol,-0.00835618593008129
2019-05-21,4. Quintile Low Vol,-0.013387383261053768
2019-05-22,4. Quintile Low Vol,-0.003383530714325028
2019-05-23,4. Quintile Low Vol,-0.0013467434182348617
2019-05-24,4. Quintile Low Vol,-0.0024293135546264778
2019-05-28,4. Quintile Low Vol,-0.01402295227047348
2019-05-29,4. Quintile Low Vol,-0.028045994386214138
2019-05-30,4. Quintile Low Vol,-0.020557178745595293
2019-05-31,4. Quintile Low Vol,-0.021093473916408277
2019-06-03,4. Quintile Low Vol,-0.011124841378036746
2019-06-04,4. Quintile Low Vol,-0.005654810398189049
2019-06-05,4. Quintile Low Vol,0.0
2019-06-06,4. Quintile Low Vol,0.0
2019-06-07,4. Quintile Low Vol,0.0
2019-06-10,4. Quintile Low Vol,0.0
2019-06-11,4. Quintile Low Vol,-2.3316222334137685e-05
2019-06-12,4. Quintile Low Vol,0.0
2019-06-13,4. Quintile Low Vol,-0.003330525542949507
2019-06-14,4. Quintile Low Vol,0.0
2019-06-17,4. Quintile Low Vol,-0.0017075107852934756
2019-06-18,4. Quintile Low Vol,-0.0037849012749912587
2019-06-19,4. Quintile Low Vol,0.0
2019-06-20,4. Quintile Low Vol,0.0
2019-06-21,4. Quintile Low Vol,0.0
2019-06-24,4. Quintile Low Vol,0.0
2019-06-25,4. Quintile Low Vol,-0.0033303227111792203
2019-06-26,4. Quintile Low Vol,-0.016463844453016116
2019-06-27,4. Quintile Low Vol,-0.014211528099222765
2019-06-28,4. Quintile Low Vol,-0.015295605003469718
2019-07-01,4. Quintile Low Vol,-0.01023896249264467
2019-07-02,4. Quintile Low Vol,-0.004808132170976683
2019-07-03,4. Quintile Low Vol,0.0
2019-07-05,4. Quintile Low Vol,-0.006329762936876154
2019-07-08,4. Quintile Low Vol,-0.00028336911814208683
2019-07-09,4. Quintile Low Vol,-0.0027664973029874512
2019-07-10,4. Quintile Low Vol,-0.0024932342132226197
2019-07-11,4. Quintile Low Vol,0.0
2019-07-12,4. Quintile Low Vol,-0.0023992950829390004
2019-07-15,4. Quintile Low Vol,0.0
2019-07-16,4. Quintile Low Vol,-0.005122732782171675
2019-07-17,4. Quintile Low Vol,-0.008413741166998279
2019-07-18,4. Quintile Low Vol,-0.010261744341194689
2019-07-19,4. Quintile Low Vol,-0.01773712881069873
2019-07-22,4. Quintile Low Vol,-0.024462945883932382
2019-07-23,4. Quintile Low Vol,-0.026822500946006425
2019-07-24,4. Quintile Low Vol,-0.026245068765217764
2019-07-25,4. Quintile Low Vol,-0.02205751258757978
2019-07-26,4. Quintile Low Vol,-0.015034223650537918
2019-07-29,4. Quintile Low Vol,-0.008542427090445434
2019-07-30,4. Quintile Low Vol,-0.0016538578969829624
2019-07-31,4. Quintile Low Vol,-0.002248484619862754
2019-08-01,4. Quintile Low Vol,-0.0055046060005304554
2019-08-02,4. Quintile Low Vol,-0.007031150455974542
2019-08-05,4. Quintile Low Vol,-0.03597775802343361
2019-08-06,4. Quintile Low Vol,-0.02391629752952986
2019-08-07,4. Quintile Low Vol,-0.01628269281388035
2019-08-08,4. Quintile Low Vol,-0.002260455795019648
2019-08-09,4. Quintile Low Vol,-0.006961437405084672
2019-08-12,4. Quintile Low Vol,-0.017216185886595715
2019-08-13,4. Quintile Low Vol,-0.003645908359886415
2019-08-14,4. Quintile Low Vol,-0.022676441042149158
2019-08-15,4. Quintile Low Vol,-0.00021200973451638568
2019-08-16,4. Quintile Low Vol,0.0
2019-08-19,4. Quintile Low Vol,0.0
2019-08-20,4. Quintile Low Vol,-0.01050355257075986
2019-08-21,4. Quintile Low Vol,-0.005847657528762157
2019-08-22,4. Quintile Low Vol,-0.007297702258757839
2019-08-23,4. Quintile Low Vol,-0.027447280490041196
2019-08-26,4. Quintile Low Vol,-0.01731898843240134
2019-08-27,4. Quintile Low Vol,-0.009244959726512353
2019-08-28,4. Quintile Low Vol,-0.008219617029628791
2019-08-29,4. Quintile Low Vol,-0.003032594021597405
2019-08-30,4. Quintile Low Vol,-0.003595419159014069
2019-09-03,4. Quintile Low Vol,0.0
2019-09-04,4. Quintile Low Vol,0.0
2019-09-05,4. Quintile Low Vol,-0.005389096697616734
2019-09-06,4. Quintile Low Vol,-0.006914413128786507
2019-09-09,4. Quintile Low Vol,-0.010499189203250476
2019-09-10,4. Quintile Low Vol,-0.011343718235821766
2019-09-11,4. Quintile Low Vol,-0.0037855546658406
2019-09-12,4. Quintile Low Vol,0.0
2019-09-13,4. Quintile Low Vol,-0.0033647644348833
2019-09-16,4. Quintile Low Vol,-0.015952820669120526
2019-09-17,4. Quintile Low Vol,-0.009534341864651737
2019-09-18,4. Quintile Low Vol,-0.006245864234913968
2019-09-19,4. Quintile Low Vol,-0.004627113071989016
2019-09-20,4. Quintile Low Vol,-0.003985891933234711
2019-09-23,4. Quintile Low Vol,0.0
2019-09-24,4. Quintile Low Vol,0.0
2019-09-25,4. Quintile Low Vol,-0.002705329818030366
2019-09-26,4. Quintile Low Vol,-0.003548350566708542
2019-09-27,4. Quintile Low Vol,-0.0035301400498109234
2019-09-30,4. Quintile Low Vol,-0.0013521332022487743
2019-10-01,4. Quintile Low Vol,-0.0021145140641795415
2019-10-02,4. Quintile Low Vol,-0.014645263177634047
2019-10-03,4. Quintile Low Vol,-0.011049029824572613
2019-10-04,4. Quintile Low Vol,0.0
2019-10-07,4. Quintile Low Vol,-0.008266702452470348
2019-10-08,4. Quintile Low Vol,-0.015195695745913085
2019-10-09,4. Quintile Low Vol,-0.014053151613626838
2019-10-10,4. Quintile Low Vol,-0.013739544938213838
2019-10-11,4. Quintile Low Vol,-0.011398429106561924
2019-10-14,4. Quintile Low Vol,-0.01695774335496428
2019-10-15,4. Quintile Low Vol,-0.017012048795901687
2019-10-16,4. Quintile Low Vol,-0.012232955718345031
2019-10-17,4. Quintile Low Vol,-0.009930065460638517
2019-10-18,4. Quintile Low Vol,-0.021440652908021492
2019-10-21,4. Quintile Low Vol,-0.018719958212679577
2019-10-22,4. Quintile Low Vol,-0.012207026511960359
2019-10-23,4. Quintile Low Vol,-0.006197156149470974
2019-10-24,4. Quintile Low Vol,-0.007794410837874689
2019-10-25,4. Quintile Low Vol,-0.01324850544358719
2019-10-28,4. Quintile Low Vol,-0.011616397966412525
2019-10-29,4. Quintile Low Vol,-0.01662023175046353
2019-10-30,4. Quintile Low Vol,-0.0024408178043690883
2019-10-31,4. Quintile Low Vol,-0.0030052916943539916
2019-11-01,4. Quintile Low Vol,-0.0030156712185728544
2019-11-04,4. Quintile Low Vol,-0.01879146461865553
2019-11-05,4. Quintile Low Vol,-0.02257903680137384
2019-11-06,4. Quintile Low Vol,-0.014708502462297194
2019-11-07,4. Quintile Low Vol,-0.018031879044105054
2019-11-08,4. Quintile Low Vol,-0.020025106525809563
2019-11-11,4. Quintile Low Vol,-0.024417657240510187
2019-11-12,4. Quintile Low Vol,-0.023559781973848424
2019-11-13,4. Quintile Low Vol,-0.01184646427996509
2019-11-14,4. Quintile Low Vol,-0.009980267678639755
2019-11-15,4. Quintile Low Vol,-0.01271630126822051
2019-11-18,4. Quintile Low Vol,-0.00376934394406614
2019-11-19,4. Quintile Low Vol,-0.019057399532231317
2019-11-20,4. Quintile Low Vol,-0.023562660167349526
2019-11-21,4. Quintile Low Vol,-0.02961636805817138
2019-11-22,4. Quintile Low Vol,-0.03100096436260002
2019-11-25,4. Quintile Low Vol,-0.030232409698173722
2019-11-26,4. Quintile Low Vol,-0.020528325149250317
2019-11-27,4. Quintile Low Vol,-0.019833614510271394
2019-11-29,4. Quintile Low Vol,-0.020371122408924892
2019-12-02,4. Quintile Low Vol,-0.019661936040114788
2019-12-03,4. Quintile Low Vol,-0.021809597622050467
2019-12-04,4. Quintile Low Vol,-0.017609821847362563
2019-12-05,4. Quintile Low Vol,-0.020699800510225477
2019-12-06,4. Quintile Low Vol,-0.016689544021316765
2019-12-09,4. Quintile Low Vol,-0.018079080152832515
2019-12-10,4. Quintile Low Vol,-0.022514894961139533
2019-12-11,4. Quintile Low Vol,-0.019899560718407965
2019-12-12,4. Quintile Low Vol,-0.01606497147800119
2019-12-13,4. Quintile Low Vol,-0.011799567070212333
2019-12-16,4. Quintile Low Vol,-0.009979359652707156
2019-12-17,4. Quintile Low Vol,-0.00603962446703895
2019-12-18,4. Quintile Low Vol,-0.014814118818781393
2019-12-19,4. Quintile Low Vol,-0.009530147240093479
2019-12-20,4. Quintile Low Vol,-0.006018516071773913
2019-12-23,4. Quintile Low Vol,-0.008925432656547093
2019-12-24,4. Quintile Low Vol,-0.008728839535011646
2019-12-26,4. Quintile Low Vol,0.0
2019-12-27,4. Quintile Low Vol,0.0
2019-12-30,4. Quintile Low Vol,-0.007077382844576317
2019-12-31,4. Quintile Low Vol,-0.007636236758162781
2020-01-02,4. Quintile Low Vol,-0.007406446555670837
2020-01-03,4. Quintile Low Vol,-0.015742800205918374
2020-01-06,4. Quintile Low Vol,-0.015350570612599847
2020-01-07,4. Quintile Low Vol,-0.023304204424352954
2020-01-08,4. Quintile Low Vol,-0.018706654792315237
2020-01-09,4. Quintile Low Vol,-0.00594891760492274
2020-01-10,4. Quintile Low Vol,-0.008086090713967924
2020-01-13,4. Quintile Low Vol,-0.001576957256119528
2020-01-14,4. Quintile Low Vol,-0.0037211313613856882
2020-01-15,4. Quintile Low Vol,0.0
2020-01-16,4. Quintile Low Vol,0.0
2020-01-17,4. Quintile Low Vol,0.0
2020-01-21,4. Quintile Low Vol,0.0
2020-01-22,4. Quintile Low Vol,0.0
2020-01-23,4. Quintile Low Vol,-0.0006295140864871523
2020-01-24,4. Quintile Low Vol,-0.0065839209559617985
2020-01-27,4. Quintile Low Vol,-0.007607261307770464
2020-01-28,4. Quintile Low Vol,-0.002549475806313634
2020-01-29,4. Quintile Low Vol,-0.0019072510756733734
2020-01-30,4. Quintile Low Vol,0.0
2020-01-31,4. Quintile Low Vol,-0.0005960049265889553
2020-02-03,4. Quintile Low Vol,0.0
2020-02-04,4. Quintile Low Vol,0.0
2020-02-05,4. Quintile Low Vol,0.0
2020-02-06,4. Quintile Low Vol,-0.0005917041140073352
2020-02-07,4. Quintile Low Vol,-0.004239439671022346
2020-02-10,4. Quintile Low Vol,-0.004330561831961419
2020-02-11,4. Quintile Low Vol,-0.008422563714864445
2020-02-12,4. Quintile Low Vol,-0.011094405728393975
2020-02-13,4. Quintile Low Vol,-0.00552442016040297
2020-02-14,4. Quintile Low Vol,-0.0007446240053878184
2020-02-18,4. Quintile Low Vol,-0.0029113676342882567
2020-02-19,4. Quintile Low Vol,-0.005288290937513357
2020-02-20,4. Quintile Low Vol,-0.004172604231007399
2020-02-21,4. Quintile Low Vol,0.0
2020-02-24,4. Quintile Low Vol,-0.024315087857318122
2020-02-25,4. Quintile Low Vol,-0.03766013501220862
2020-02-26,4. Quintile Low Vol,-0.04397341594299031
2020-02-27,4. Quintile Low Vol,-0.08295659812958117
2020-02-28,4. Quintile Low Vol,-0.10296030932305553
2020-03-02,4. Quintile Low Vol,-0.0537181980426402
2020-03-03,4. Quintile Low Vol,-0.06948987508189544
2020-03-04,4. Quintile Low Vol,-0.02385994371803131
2020-03-05,4. Quintile Low Vol,-0.04286184953691996
2020-03-06,4. Quintile Low Vol,-0.046171171757143595
2020-03-09,4. Quintile Low Vol,-0.08075062726940303
2020-03-10,4. Quintile Low Vol,-0.05022446380545804
2020-03-11,4. Quintile Low Vol,-0.10152223991999451
2020-03-12,4. Quintile Low Vol,-0.17451298865929632
2020-03-13,4. Quintile Low Vol,-0.10893565041814901
2020-03-16,4. Quintile Low Vol,-0.16077749549641235
2020-03-17,4. Quintile Low Vol,-0.09134430551390785
2020-03-18,4. Quintile Low Vol,-0.09824133613107901
2020-03-19,4. Quintile Low Vol,-0.14358397766390832
2020-03-20,4. Quintile Low Vol,-0.1983486974180608
2020-03-23,4. Quintile Low Vol,-0.22445630608979725
2020-03-24,4. Quintile Low Vol,-0.19078268516152402
2020-03-25,4. Quintile Low Vol,-0.1980172690638683
2020-03-26,4. Quintile Low Vol,-0.16142136085512346
2020-03-27,4. Quintile Low Vol,-0.16826209635941236
2020-03-30,4. Quintile Low Vol,-0.12142250884721055
2020-03-31,4. Quintile Low Vol,-0.12244356758781415
2020-04-01,4. Quintile Low Vol,-0.14273346677134327
2020-04-02,4. Quintile Low Vol,-0.1161408940424716
2020-04-03,4. Quintile Low Vol,-0.1113291588593132
2020-04-06,4. Quintile Low Vol,-0.0679833414150335
2020-04-07,4. Quintile Low Vol,-0.08154663166902232
2020-04-08,4. Quintile Low Vol,-0.06513478492522233
2020-04-09,4. Quintile Low Vol,-0.0540649509606361
2020-04-13,4. Quintile Low Vol,-0.04504978231671099
2020-04-14,4. Quintile Low Vol,-0.0063781491624327145
2020-04-15,4. Quintile Low Vol,-0.013763083637304675
2020-04-16,4. Quintile Low Vol,0.0
2020-04-17,4. Quintile Low Vol,0.0
2020-04-20,4. Quintile Low Vol,-0.015335641158071909
2020-04-21,4. Quintile Low Vol,-0.032600909228728096
2020-04-22,4. Quintile Low Vol,-0.0184129709732827
2020-04-23,4. Quintile Low Vol,-0.02032734527570876
2020-04-24,4. Quintile Low Vol,-0.01100707115556574
2020-04-27,4. Quintile Low Vol,-0.0040339325396490655
2020-04-28,4. Quintile Low Vol,-0.014521208974296743
2020-04-29,4. Quintile Low Vol,-0.013135278192359595
2020-04-30,4. Quintile Low Vol,-0.013712770978593991
2020-05-01,4. Quintile Low Vol,-0.03718480851967
2020-05-04,4. Quintile Low Vol,-0.03277640136139037
2020-05-05,4. Quintile Low Vol,-0.02275819690336046
2020-05-06,4. Quintile Low Vol,-0.024659146400551345
2020-05-07,4. Quintile Low Vol,-0.03666531635635822
2020-05-08,4. Quintile Low Vol,-0.029839967809545672
2020-05-11,4. Quintile Low Vol,-0.01909359168072055
2020-05-12,4. Quintile Low Vol,-0.03205945568083023
2020-05-13,4. Quintile Low Vol,-0.03311760665900161
2020-05-14,4. Quintile Low Vol,-0.025185118429263676
2020-05-15,4. Quintile Low Vol,-0.01440785141862405
2020-05-18,4. Quintile Low Vol,-0.0071480984960689406
2020-05-19,4. Quintile Low Vol,-0.015322719729623182
2020-05-20,4. Quintile Low Vol,-0.011985068539451759
2020-05-21,4. Quintile Low Vol,-0.021999705183417057
2020-05-22,4. Quintile Low Vol,-0.02662741960406949
2020-05-26,4. Quintile Low Vol,-0.028830093060353314
2020-05-27,4. Quintile Low Vol,-0.03274687330567574
2020-05-28,4. Quintile Low Vol,-0.022844961279780245
2020-05-29,4. Quintile Low Vol,-0.01498733012855766
2020-06-01,4. Quintile Low Vol,-0.032454459049251684
2020-06-02,4. Quintile Low Vol,-0.02611351938244075
2020-06-03,4. Quintile Low Vol,-0.02581201664227443
2020-06-04,4. Quintile Low Vol,-0.03446982634564717
2020-06-05,4. Quintile Low Vol,-0.03254353712933239
2020-06-08,4. Quintile Low Vol,-0.02611114686660489
2020-06-09,4. Quintile Low Vol,-0.022004819460509844
2020-06-10,4. Quintile Low Vol,-0.016583732070240585
2020-06-11,4. Quintile Low Vol,-0.055926072213302785
2020-06-12,4. Quintile Low Vol,-0.05698723228877747
2020-06-15,4. Quintile Low Vol,-0.0575271924191763
2020-06-16,4. Quintile Low Vol,-0.04455787890182837
2020-06-17,4. Quintile Low Vol,-0.042946475411134666
2020-06-18,4. Quintile Low Vol,-0.046822367487647405
2020-06-19,4. Quintile Low Vol,-0.03910153813585845
2020-06-22,4. Quintile Low Vol,-0.034234029018952505
2020-06-23,4. Quintile Low Vol,-0.033485297931905265
2020-06-24,4. Quintile Low Vol,-0.04677022236467637
2020-06-25,4. Quintile Low Vol,-0.0453660973766083
2020-06-26,4. Quintile Low Vol,-0.0592005016447021
2020-06-29,4. Quintile Low Vol,-0.053062338818692045
2020-06-30,4. Quintile Low Vol,-0.04077811057822026
2020-07-01,4. Quintile Low Vol,-0.022728242713047457
2020-07-02,4. Quintile Low Vol,-0.01662323809079587
2020-07-06,4. Quintile Low Vol,0.0
2020-07-07,4. Quintile Low Vol,0.0
2020-07-08,4. Quintile Low Vol,0.0
2020-07-09,4. Quintile Low Vol,0.0
2020-07-10,4. Quintile Low Vol,0.0
2020-07-13,4. Quintile Low Vol,0.0
2020-07-14,4. Quintile Low Vol,0.0
2020-07-15,4. Quintile Low Vol,-0.0036389890467321234
2020-07-16,4. Quintile Low Vol,-0.003287001568526641
2020-07-17,4. Quintile Low Vol,-0.003642722118018832
2020-07-20,4. Quintile Low Vol,0.0
2020-07-21,4. Quintile Low Vol,-0.002477827767508843
2020-07-22,4. Quintile Low Vol,0.0
2020-07-23,4. Quintile Low Vol,-0.013983766789250502
2020-07-24,4. Quintile Low Vol,-0.019444206623547428
2020-07-27,4. Quintile Low Vol,-0.01735609382472497
2020-07-28,4. Quintile Low Vol,-0.013079534002970895
2020-07-29,4. Quintile Low Vol,-0.011023094745211749
2020-07-30,4. Quintile Low Vol,-0.01305402740937002
2020-07-31,4. Quintile Low Vol,-0.007143213570284592
2020-08-03,4. Quintile Low Vol,-0.010582672822796119
2020-08-04,4. Quintile Low Vol,-0.0036091759291594877
2020-08-05,4. Quintile Low Vol,0.0
2020-08-06,4. Quintile Low Vol,-0.00139441699937307
2020-08-07,4. Quintile Low Vol,-0.002880506897934269
2020-08-10,4. Quintile Low Vol,-0.002295177939294424
2020-08-11,4. Quintile Low Vol,-0.016954436337012296
2020-08-12,4. Quintile Low Vol,0.0
2020-08-13,4. Quintile Low Vol,-0.0036846237553790693
2020-08-14,4. Quintile Low Vol,-0.00376548250312001
2020-08-17,4. Quintile Low Vol,0.0
2020-08-18,4. Quintile Low Vol,0.0
2020-08-19,4. Quintile Low Vol,-0.009122385615711317
2020-08-20,4. Quintile Low Vol,-0.004931749054362621
2020-08-21,4. Quintile Low Vol,-0.0011723700537250117
2020-08-24,4. Quintile Low Vol,-0.0008090238715236088
2020-08-25,4. Quintile Low Vol,-0.0012125958148473592
2020-08-26,4. Quintile Low Vol,0.0
2020-08-27,4. Quintile Low Vol,0.0
2020-08-28,4. Quintile Low Vol,0.0
2020-08-31,4. Quintile Low Vol,-0.0006058088434820271
2020-09-01,4. Quintile Low Vol,0.0
2020-09-02,4. Quintile Low Vol,0.0
2020-09-03,4. Quintile Low Vol,-0.02781950682754953
2020-09-04,4. Quintile Low Vol,-0.03805729455689
2020-09-08,4. Quintile Low Vol,-0.06164269530561808
2020-09-09,4. Quintile Low Vol,-0.04295655875725325
2020-09-10,4. Quintile Low Vol,-0.06195388165196692
2020-09-11,4. Quintile Low Vol,-0.06238640292553816
2020-09-14,4. Quintile Low Vol,-0.060465344571112134
2020-09-15,4. Quintile Low Vol,-0.05578244387299738
2020-09-16,4. Quintile Low Vol,-0.06564138114058844
2020-09-17,4. Quintile Low Vol,-0.07205729971818929
2020-09-18,4. Quintile Low Vol,-0.07538639842443827
2020-09-21,4. Quintile Low Vol,-0.07951425633693004
2020-09-22,4. Quintile Low Vol,-0.0646476728738923
2020-09-23,4. Quintile Low Vol,-0.08038130901231103
2020-09-24,4. Quintile Low Vol,-0.07628720870396527
2020-09-25,4. Quintile Low Vol,-0.0671596242717094
2020-09-28,4. Quintile Low Vol,-0.05863039268600161
2020-09-29,4. Quintile Low Vol,-0.06228465281518603
2020-09-30,4. Quintile Low Vol,-0.0628132273408667
2020-10-01,4. Quintile Low Vol,-0.059612722595986996
2020-10-02,4. Quintile Low Vol,-0.06609871821768269
2020-10-05,4. Quintile Low Vol,-0.05628942346989941
2020-10-06,4. Quintile Low Vol,-0.06573332937121525
2020-10-07,4. Quintile Low Vol,-0.05557365314968234
2020-10-08,4. Quintile Low Vol,-0.05013290071622652
2020-10-09,4. Quintile Low Vol,-0.041154693278422395
2020-10-12,4. Quintile Low Vol,-0.033837928807040854
2020-10-13,4. Quintile Low Vol,-0.03355991667450259
2020-10-14,4. Quintile Low Vol,-0.040853301149191994
2020-10-15,4. Quintile Low Vol,-0.04127178042425215
2020-10-16,4. Quintile Low Vol,-0.03849145022034287
2020-10-19,4. Quintile Low Vol,-0.05489309028515731
2020-10-20,4. Quintile Low Vol,-0.0500275897218111
2020-10-21,4. Quintile Low Vol,-0.05015922413456589
2020-10-22,4. Quintile Low Vol,-0.055636369930096664
2020-10-23,4. Quintile Low Vol,-0.051759931909815246
2020-10-26,4. Quintile Low Vol,-0.06428811106999668
2020-10-27,4. Quintile Low Vol,-0.06192679916357362
2020-10-28,4. Quintile Low Vol,-0.08814854613032685
2020-10-29,4. Quintile Low Vol,-0.09041968787748023
2020-10-30,4. Quintile Low Vol,-0.09576371875443226
2020-11-02,4. Quintile Low Vol,-0.08474789152367383
2020-11-03,4. Quintile Low Vol,-0.070874957575127
2020-11-04,4. Quintile Low Vol,-0.0672936623442528
2020-11-05,4. Quintile Low Vol,-0.058619884211675896
2020-11-06,4. Quintile Low Vol,-0.05077053749635635
2020-11-09,4. Quintile Low Vol,-0.06936022078776753
2020-11-10,4. Quintile Low Vol,-0.05395563000372927
2020-11-11,4. Quintile Low Vol,-0.04576330379258618
2020-11-12,4. Quintile Low Vol,-0.04569700481193527
2020-11-13,4. Quintile Low Vol,-0.03492941334023729
2020-11-16,4. Quintile Low Vol,-0.03134447815703153
2020-11-17,4. Quintile Low Vol,-0.045771353667440645
2020-11-18,4. Quintile Low Vol,-0.0552635584789733
2020-11-19,4. Quintile Low Vol,-0.049906917596117865
2020-11-20,4. Quintile Low Vol,-0.05561873233968235
2020-11-23,4. Quintile Low Vol,-0.057951982716440496
2020-11-24,4. Quintile Low Vol,-0.056378326977883954
2020-11-25,4. Quintile Low Vol,-0.05471705821363095
2020-11-27,4. Quintile Low Vol,-0.05300317131234193
2020-11-30,4. Quintile Low Vol,-0.04830111512087051
2020-12-01,4. Quintile Low Vol,-0.04403119528022996
2020-12-02,4. Quintile Low Vol,-0.05284343132527132
2020-12-03,4. Quintile Low Vol,-0.05775219523510446
2020-12-04,4. Quintile Low Vol,-0.05968986008148308
2020-12-07,4. Quintile Low Vol,-0.06386288627812327
2020-12-08,4. Quintile Low Vol,-0.05770750238006189
2020-12-09,4. Quintile Low Vol,-0.05675205624294331
2020-12-10,4. Quintile Low Vol,-0.062319417182320425
2020-12-11,4. Quintile Low Vol,-0.05981686030724481
2020-12-14,4. Quintile Low Vol,-0.06843210803091392
2020-12-15,4. Quintile Low Vol,-0.06281201886829683
2020-12-16,4. Quintile Low Vol,-0.062075698265085
2020-12-17,4. Quintile Low Vol,-0.04938319952110519
2020-12-18,4. Quintile Low Vol,-0.049872072439035124
2020-12-21,4. Quintile Low Vol,-0.054292453352374724
2020-12-22,4. Quintile Low Vol,-0.06016859513821417
2020-12-23,4. Quintile Low Vol,-0.06358737249770673
2020-12-24,4. Quintile Low Vol,-0.05901923791197257
2020-12-28,4. Quintile Low Vol,-0.054793739690019945
2020-12-29,4. Quintile Low Vol,-0.057861174111179185
2020-12-30,4. Quintile Low Vol,-0.05693611371132146
2020-12-31,4. Quintile Low Vol,-0.05748828422112105
2021-01-04,4. Quintile Low Vol,-0.07149444494254133
2021-01-05,4. Quintile Low Vol,-0.06784979410412084
2021-01-06,4. Quintile Low Vol,-0.06893121864736788
2021-01-07,4. Quintile Low Vol,-0.07391228735926177
2021-01-08,4. Quintile Low Vol,-0.06718133130645457
2021-01-11,4. Quintile Low Vol,-0.07166160536048573
2021-01-12,4. Quintile Low Vol,-0.07073490365307666
2021-01-13,4. Quintile Low Vol,-0.07254738943008134
2021-01-14,4. Quintile Low Vol,-0.07995307141828406
2021-01-15,4. Quintile Low Vol,-0.07804914560192691
2021-01-19,4. Quintile Low Vol,-0.07928048470122327
2021-01-20,4. Quintile Low Vol,-0.08099334560969304
2021-01-21,4. Quintile Low Vol,-0.07814908218483112
2021-01-22,4. Quintile Low Vol,-0.07471795700701203
2021-01-25,4. Quintile Low Vol,-0.06507670876682226
2021-01-26,4. Quintile Low Vol,-0.056903809752761124
2021-01-27,4. Quintile Low Vol,-0.07963604880063388
2021-01-28,4. Quintile Low Vol,-0.06814760308115182
2021-01-29,4. Quintile Low Vol,-0.06866957547372399
2021-02-01,4. Quintile Low Vol,-0.07055676993146237
2021-02-02,4. Quintile Low Vol,-0.06868366376772439
2021-02-03,4. Quintile Low Vol,-0.06702160348052558
2021-02-04,4. Quintile Low Vol,-0.058543138347743766
2021-02-05,4. Quintile Low Vol,-0.05097990391998958
2021-02-08,4. Quintile Low Vol,-0.04891823176754374
2021-02-09,4. Quintile Low Vol,-0.0493763983900149
2021-02-10,4. Quintile Low Vol,-0.05059042981836026
2021-02-11,4. Quintile Low Vol,-0.053045837812884314
2021-02-12,4. Quintile Low Vol,-0.052460041054986736
2021-02-16,4. Quintile Low Vol,-0.053922037720795235
2021-02-17,4. Quintile Low Vol,-0.04478729554436114
2021-02-18,4. Quintile Low Vol,-0.05671596069997072
2021-02-19,4. Quintile Low Vol,-0.06684261453321183
2021-02-22,4. Quintile Low Vol,-0.07374670997488973
2021-02-23,4. Quintile Low Vol,-0.08516853295976684
2021-02-24,4. Quintile Low Vol,-0.09184542897059685
2021-02-25,4. Quintile Low Vol,-0.09971462577069229
2021-02-26,4. Quintile Low Vol,-0.11210515311797217
2021-03-01,4. Quintile Low Vol,-0.10427029732883084
2021-03-02,4. Quintile Low Vol,-0.1086408083937524
2021-03-03,4. Quintile Low Vol,-0.12068318803601172
2021-03-04,4. Quintile Low Vol,-0.13264752927487794
2021-03-05,4. Quintile Low Vol,-0.11649664317208813
2021-03-08,4. Quintile Low Vol,-0.10953971552122278
2021-03-09,4. Quintile Low Vol,-0.10438901280073093
2021-03-10,4. Quintile Low Vol,-0.09365374521692181
2021-03-11,4. Quintile Low Vol,-0.09228727332891151
2021-03-12,4. Quintile Low Vol,-0.08243929750736141
2021-03-15,4. Quintile Low Vol,-0.07696971938655461
2021-03-16,4. Quintile Low Vol,-0.07194406817155655
2021-03-17,4. Quintile Low Vol,-0.0773498407692481
2021-03-18,4. Quintile Low Vol,-0.0783408483389768
2021-03-19,4. Quintile Low Vol,-0.07223062750586709
2021-03-22,4. Quintile Low Vol,-0.06672368260059422
2021-03-23,4. Quintile Low Vol,-0.05904229377739363
2021-03-24,4. Quintile Low Vol,-0.05588086165964689
2021-03-25,4. Quintile Low Vol,-0.048820353397415486
2021-03-26,4. Quintile Low Vol,-0.03345339802136622
2021-03-29,4. Quintile Low Vol,-0.02684705127908821
2021-03-30,4. Quintile Low Vol,-0.031458490639419356
2021-03-31,4. Quintile Low Vol,-0.032044781661285895
2021-04-01,4. Quintile Low Vol,-0.03763336835570425
2021-04-05,4. Quintile Low Vol,-0.02469969502720572
2021-04-06,4. Quintile Low Vol,-0.021729428552703475
2021-04-07,4. Quintile Low Vol,-0.021097563162425823
2021-04-08,4. Quintile Low Vol,-0.02200619457737175
2021-04-09,4. Quintile Low Vol,-0.025731256861644784
2021-04-12,4. Quintile Low Vol,-0.02335656341742495
2021-04-13,4. Quintile Low Vol,-0.03173569565370433
2021-04-14,4. Quintile Low Vol,-0.03034662356602141
2021-04-15,4. Quintile Low Vol,-0.024076175238657797
2021-04-16,4. Quintile Low Vol,-0.01892271785981553
2021-04-19,4. Quintile Low Vol,-0.019538371231896442
2021-04-20,4. Quintile Low Vol,-0.00921021305189349
2021-04-21,4. Quintile Low Vol,-0.007904963195582716
2021-04-22,4. Quintile Low Vol,-0.017459806790410426
2021-04-23,4. Quintile Low Vol,-0.017645078099317868
2021-04-26,4. Quintile Low Vol,-0.03176744212082419
2021-04-27,4. Quintile Low Vol,-0.032824849595536235
2021-04-28,4. Quintile Low Vol,-0.035027370670040976
2021-04-29,4. Quintile Low Vol,-0.02359251408327634
2021-04-30,4. Quintile Low Vol,-0.02491801193715159
2021-05-03,4. Quintile Low Vol,-0.012203238554588509
2021-05-04,4. Quintile Low Vol,-0.013311246508268202
2021-05-05,4. Quintile Low Vol,-0.01713052080765351
2021-05-06,4. Quintile Low Vol,-0.009856944600890233
2021-05-07,4. Quintile Low Vol,-0.010372771823397976
2021-05-10,4. Quintile Low Vol,-0.00031663478849564507
2021-05-11,4. Quintile Low Vol,-0.008554348058906086
2021-05-12,4. Quintile Low Vol,-0.01987055138387936
2021-05-13,4. Quintile Low Vol,-0.007120647131979405
2021-05-14,4. Quintile Low Vol,-0.0029265302453768687
2021-05-17,4. Quintile Low Vol,-0.004713177942342858
2021-05-18,4. Quintile Low Vol,-0.0031406399115265445
2021-05-19,4. Quintile Low Vol,-0.003947896227891682
2021-05-20,4. Quintile Low Vol,0.0
2021-05-21,4. Quintile Low Vol,-0.0014894288299655222
2021-05-24,4. Quintile Low Vol,-0.0013209988982831346
2021-05-25,4. Quintile Low Vol,-0.0001883076233224296
2021-05-26,4. Quintile Low Vol,-0.0014274588402699911
2021-05-27,4. Quintile Low Vol,-0.00615237915439825
2021-05-28,4. Quintile Low Vol,-0.0060497056178936024
2021-06-01,4. Quintile Low Vol,-0.01572775044474453
2021-06-02,4. Quintile Low Vol,-0.013253176514363807
2021-06-03,4. Quintile Low Vol,-0.008143109162939206
2021-06-04,4. Quintile Low Vol,-0.004875892659523242
2021-06-07,4. Quintile Low Vol,-0.00830163671510792
2021-06-08,4. Quintile Low Vol,-0.01693509494270882
2021-06-09,4. Quintile Low Vol,-0.01590436429098568
2021-06-10,4. Quintile Low Vol,-0.008542564450832752
2021-06-11,4. Quintile Low Vol,-0.010622896186168322
2021-06-14,4. Quintile Low Vol,-0.013063094428741883
2021-06-15,4. Quintile Low Vol,-0.016454937609175335
2021-06-16,4. Quintile Low Vol,-0.02832964845869765
2021-06-17,4. Quintile Low Vol,-0.02271749562064611
2021-06-18,4. Quintile Low Vol,-0.0409050020620757
2021-06-21,4. Quintile Low Vol,-0.03143178351404419
2021-06-22,4. Quintile Low Vol,-0.02963030947150056
2021-06-23,4. Quintile Low Vol,-0.03533965142997538
2021-06-24,4. Quintile Low Vol,-0.031167491926954265
2021-06-25,4. Quintile Low Vol,-0.023988932893068266
2021-06-28,4. Quintile Low Vol,-0.024594328236391218
2021-06-29,4. Quintile Low Vol,-0.029472536057490954
2021-06-30,4. Quintile Low Vol,-0.03002387429603598
2021-07-01,4. Quintile Low Vol,-0.025863836873965144
2021-07-02,4. Quintile Low Vol,-0.018189318526648297
2021-07-06,4. Quintile Low Vol,-0.02360442251804468
2021-07-07,4. Quintile Low Vol,-0.017304660501804837
2021-07-08,4. Quintile Low Vol,-0.01929821450666915
2021-07-09,4. Quintile Low Vol,-0.014511252974874345
2021-07-12,4. Quintile Low Vol,-0.013692043363802043
2021-07-13,4. Quintile Low Vol,-0.01256719383659322
2021-07-14,4. Quintile Low Vol,-0.0016382733829589987
2021-07-15,4. Quintile Low Vol,-0.0008611094353995197
2021-07-16,4. Quintile Low Vol,0.0
2021-07-19,4. Quintile Low Vol,-0.006150212841381192
2021-07-20,4. Quintile Low Vol,0.0
2021-07-21,4. Quintile Low Vol,0.0
2021-07-22,4. Quintile Low Vol,0.0
2021-07-23,4. Quintile Low Vol,0.0
2021-07-26,4. Quintile Low Vol,0.0
2021-07-27,4. Quintile Low Vol,0.0
2021-07-28,4. Quintile Low Vol,0.0
2021-07-29,4. Quintile Low Vol,-0.001368686050705174
2021-07-30,4. Quintile Low Vol,0.0
2021-08-02,4. Quintile Low Vol,0.0
2021-08-03,4. Quintile Low Vol,0.0
2021-08-04,4. Quintile Low Vol,-0.010407372323068114
2021-08-05,4. Quintile Low Vol,-0.008888437759171941
2021-08-06,4. Quintile Low Vol,-0.010905278023330642
2021-08-09,4. Quintile Low Vol,-0.003356975989158824
2021-08-10,4. Quintile Low Vol,0.0
2021-08-11,4. Quintile Low Vol,-0.010604782849265417
2021-08-12,4. Quintile Low Vol,-0.002233797421859946
2021-08-13,4. Quintile Low Vol,0.0
2021-08-16,4. Quintile Low Vol,0.0
2021-08-17,4. Quintile Low Vol,0.0
2021-08-18,4. Quintile Low Vol,-0.01515642485956007
2021-08-19,4. Quintile Low Vol,-0.01193222898271863
2021-08-20,4. Quintile Low Vol,-0.011951425512098289
2021-08-23,4. Quintile Low Vol,-0.009597320880194844
2021-08-24,4. Quintile Low Vol,-0.025056569143051044
2021-08-25,4. Quintile Low Vol,-0.03214083573294441
2021-08-26,4. Quintile Low Vol,-0.036714303907072095
2021-08-27,4. Quintile Low Vol,-0.04136186579374164
2021-08-30,4. Quintile Low Vol,-0.03627936429260131
2021-08-31,4. Quintile Low Vol,-0.03685854772271405
2021-09-01,4. Quintile Low Vol,-0.03245105700871493
2021-09-02,4. Quintile Low Vol,-0.028997711370651293
2021-09-03,4. Quintile Low Vol,-0.02772407869270917
2021-09-07,4. Quintile Low Vol,-0.04017940654085469
2021-09-08,4. Quintile Low Vol,-0.035401646718509414
2021-09-09,4. Quintile Low Vol,-0.04585126671859253
2021-09-10,4. Quintile Low Vol,-0.049077185812794764
2021-09-13,4. Quintile Low Vol,-0.047464943927517156
2021-09-14,4. Quintile Low Vol,-0.05214166192816421
2021-09-15,4. Quintile Low Vol,-0.05058391455568683
2021-09-16,4. Quintile Low Vol,-0.054058013595276705
2021-09-17,4. Quintile Low Vol,-0.058704505401510426
2021-09-20,4. Quintile Low Vol,-0.06732915107839155
2021-09-21,4. Quintile Low Vol,-0.06554238252217967
2021-09-22,4. Quintile Low Vol,-0.0657428043348421
2021-09-23,4. Quintile Low Vol,-0.06370506748158081
2021-09-24,4. Quintile Low Vol,-0.06547501882926668
2021-09-27,4. Quintile Low Vol,-0.07302335825309003
2021-09-28,4. Quintile Low Vol,-0.08233234249633314
2021-09-29,4. Quintile Low Vol,-0.07695731021780172
2021-09-30,4. Quintile Low Vol,-0.0880413007467245
2021-10-01,4. Quintile Low Vol,-0.09128428270572318
2021-10-04,4. Quintile Low Vol,-0.0966362585725381
2021-10-05,4. Quintile Low Vol,-0.09338847597226196
2021-10-06,4. Quintile Low Vol,-0.085459855240097
2021-10-07,4. Quintile Low Vol,-0.07819504252408958
2021-10-08,4. Quintile Low Vol,-0.07805377840040606
2021-10-11,4. Quintile Low Vol,-0.07774244184965733
2021-10-12,4. Quintile Low Vol,-0.08190432427877946
2021-10-13,4. Quintile Low Vol,-0.08084506289017382
2021-10-14,4. Quintile Low Vol,-0.07283119732280952
2021-10-15,4. Quintile Low Vol,-0.06999895233586026
2021-10-18,4. Quintile Low Vol,-0.07563252011982223
2021-10-19,4. Quintile Low Vol,-0.06746156299564694
2021-10-20,4. Quintile Low Vol,-0.06247115853836522
2021-10-21,4. Quintile Low Vol,-0.06606132071269417
2021-10-22,4. Quintile Low Vol,-0.06016106067757385
2021-10-25,4. Quintile Low Vol,-0.05776959530645864
2021-10-26,4. Quintile Low Vol,-0.053165916910261166
2021-10-27,4. Quintile Low Vol,-0.0551807536390694
2021-10-28,4. Quintile Low Vol,-0.05125982417494333
2021-10-29,4. Quintile Low Vol,-0.0477032638665018
2021-11-01,4. Quintile Low Vol,-0.048354625498736384
2021-11-02,4. Quintile Low Vol,-0.042788692977578105
2021-11-03,4. Quintile Low Vol,-0.040290015260264905
2021-11-04,4. Quintile Low Vol,-0.037357278307637264
2021-11-05,4. Quintile Low Vol,-0.03844846827069898
2021-11-08,4. Quintile Low Vol,-0.04481594006432064
2021-11-09,4. Quintile Low Vol,-0.04304206299068112
2021-11-10,4. Quintile Low Vol,-0.039385300411789156
2021-11-11,4. Quintile Low Vol,-0.04159663091176831
2021-11-12,4. Quintile Low Vol,-0.04037247857244252
2021-11-15,4. Quintile Low Vol,-0.04236450281313114
2021-11-16,4. Quintile Low Vol,-0.05169857750282393
2021-11-17,4. Quintile Low Vol,-0.054329326518211776
2021-11-18,4. Quintile Low Vol,-0.05567455933761287
2021-11-19,4. Quintile Low Vol,-0.05795110397852715
2021-11-22,4. Quintile Low Vol,-0.05538918321556542
2021-11-23,4. Quintile Low Vol,-0.047806843223376895
2021-11-24,4. Quintile Low Vol,-0.05049035763646011
2021-11-26,4. Quintile Low Vol,-0.06389297986561261
2021-11-29,4. Quintile Low Vol,-0.06056109335175271
2021-11-30,4. Quintile Low Vol,-0.08575652318158254
2021-12-01,4. Quintile Low Vol,-0.08600470728329251
2021-12-02,4. Quintile Low Vol,-0.08534913635890778
2021-12-03,4. Quintile Low Vol,-0.07239953948264109
2021-12-06,4. Quintile Low Vol,-0.05531910177583457
2021-12-07,4. Quintile Low Vol,-0.05485991256960398
2021-12-08,4. Quintile Low Vol,-0.05552125818872862
2021-12-09,4. Quintile Low Vol,-0.05024724195855914
2021-12-10,4. Quintile Low Vol,-0.03700550512395215
2021-12-13,4. Quintile Low Vol,-0.01868227373520509
2021-12-14,4. Quintile Low Vol,-0.012740773438783203
2021-12-15,4. Quintile Low Vol,-0.008062896565770214
2021-12-16,4. Quintile Low Vol,-0.003082220932203578
2021-12-17,4. Quintile Low Vol,-0.02731348577865002
2021-12-20,4. Quintile Low Vol,-0.02738552155045392
2021-12-21,4. Quintile Low Vol,-0.026638852049187235
2021-12-22,4. Quintile Low Vol,-0.0209502339850603
2021-12-23,4. Quintile Low Vol,-0.019518124739041277
2021-12-27,4. Quintile Low Vol,-0.010472214253612673
2021-12-28,4. Quintile Low Vol,-0.0037837654894898776
2021-12-29,4. Quintile Low Vol,0.0
2021-12-30,4. Quintile Low Vol,-0.001323804745121158
2021-12-31,4. Quintile Low Vol,0.0
2022-01-03,4. Quintile Low Vol,-0.00017583770566807714
2022-01-04,4. Quintile Low Vol,0.0
2022-01-05,4. Quintile Low Vol,0.0
2022-01-06,4. Quintile Low Vol,-0.005118655794104145
2022-01-07,4. Quintile Low Vol,-0.0004644737706596647
2022-01-10,4. Quintile Low Vol,-0.005390574938090291
2022-01-11,4. Quintile Low Vol,-0.01161000928919426
2022-01-12,4. Quintile Low Vol,-0.013875876273543267
2022-01-13,4. Quintile Low Vol,-0.011708813165190545
2022-01-14,4. Quintile Low Vol,-0.00901785161168883
2022-01-18,4. Quintile Low Vol,-0.021349771033218952
2022-01-19,4. Quintile Low Vol,-0.010539254267841677
2022-01-20,4. Quintile Low Vol,-0.017803739888414705
2022-01-21,4. Quintile Low Vol,-0.020215600704784373
2022-01-24,4. Quintile Low Vol,-0.02709677610931066
2022-01-25,4. Quintile Low Vol,-0.02912762352204608
2022-01-26,4. Quintile Low Vol,-0.033604864815705994
2022-01-27,4. Quintile Low Vol,-0.028567088586740993
2022-01-28,4. Quintile Low Vol,-0.01688485010065075
2022-01-31,4. Quintile Low Vol,-0.011876958283655294
2022-02-01,4. Quintile Low Vol,-0.01513979915220864
2022-02-02,4. Quintile Low Vol,-0.0052259271517022055
2022-02-03,4. Quintile Low Vol,-0.0006178074345546455
2022-02-04,4. Quintile Low Vol,-0.011961867047779703
2022-02-07,4. Quintile Low Vol,-0.014266799749173574
2022-02-08,4. Quintile Low Vol,-0.012509071733872928
2022-02-09,4. Quintile Low Vol,-0.017683807423094
2022-02-10,4. Quintile Low Vol,-0.025750645834960954
2022-02-11,4. Quintile Low Vol,-0.035395456928633384
2022-02-14,4. Quintile Low Vol,-0.038116292494337005
2022-02-15,4. Quintile Low Vol,-0.033980097258356164
2022-02-16,4. Quintile Low Vol,-0.033520164207721484
2022-02-17,4. Quintile Low Vol,-0.018125675930836534
2022-02-18,4. Quintile Low Vol,-0.021540958050450885
2022-02-22,4. Quintile Low Vol,-0.03147086965993582
2022-02-23,4. Quintile Low Vol,-0.039829026019275154
2022-02-24,4. Quintile Low Vol,-0.056502840787491584
2022-02-25,4. Quintile Low Vol,-0.021964108641441993
2022-02-28,4. Quintile Low Vol,-0.03240865966176022
2022-03-01,4. Quintile Low Vol,-0.037317376170862976
2022-03-02,4. Quintile Low Vol,-0.03148650094584448
2022-03-03,4. Quintile Low Vol,-0.021969849337955608
2022-03-04,4. Quintile Low Vol,-0.013185847807412611
2022-03-07,4. Quintile Low Vol,-0.02143270402405704
2022-03-08,4. Quintile Low Vol,-0.05131325826260406
2022-03-09,4. Quintile Low Vol,-0.044691408199375275
2022-03-10,4. Quintile Low Vol,-0.05015771006711205
2022-03-11,4. Quintile Low Vol,-0.05419390909151274
2022-03-14,4. Quintile Low Vol,-0.042102243132344445
2022-03-15,4. Quintile Low Vol,-0.01989007416197534
2022-03-16,4. Quintile Low Vol,-0.02434168265224912
2022-03-17,4. Quintile Low Vol,-0.01829841404043297
2022-03-18,4. Quintile Low Vol,-0.02039577721498031
2022-03-21,4. Quintile Low Vol,-0.01799494169513346
2022-03-22,4. Quintile Low Vol,-0.016957344868525293
2022-03-23,4. Quintile Low Vol,-0.02430803977415567
2022-03-24,4. Quintile Low Vol,-0.01876450300651527
2022-03-25,4. Quintile Low Vol,-0.010199099256944618
2022-03-28,4. Quintile Low Vol,-0.0014368754307323944
2022-03-29,4. Quintile Low Vol,0.0
2022-03-30,4. Quintile Low Vol,0.0
2022-03-31,4. Quintile Low Vol,-0.008249107007364469
2022-04-01,4. Quintile Low Vol,0.0
2022-04-04,4. Quintile Low Vol,-0.005335116668198058
2022-04-05,4. Quintile Low Vol,-0.0025043922106636283
2022-04-06,4. Quintile Low Vol,0.0
2022-04-07,4. Quintile Low Vol,0.0
2022-04-08,4. Quintile Low Vol,0.0
2022-04-11,4. Quintile Low Vol,-0.008895326186715014
2022-04-12,4. Quintile Low Vol,-0.008177294978609306
2022-04-13,4. Quintile Low Vol,0.0
2022-04-14,4. Quintile Low Vol,-0.0014720962071150753
2022-04-18,4. Quintile Low Vol,-0.011066082755210548
2022-04-19,4. Quintile Low Vol,0.0
2022-04-20,4. Quintile Low Vol,0.0
2022-04-21,4. Quintile Low Vol,-0.0009656041809348268
2022-04-22,4. Quintile Low Vol,-0.013848481840280135
2022-04-25,4. Quintile Low Vol,-0.003140084055148812
2022-04-26,4. Quintile Low Vol,-0.015239613271790046
2022-04-27,4. Quintile Low Vol,-0.01883374404023675
2022-04-28,4. Quintile Low Vol,-0.005198676903982998
2022-04-29,4. Quintile Low Vol,-0.02476094209995025
2022-05-02,4. Quintile Low Vol,-0.03672753068640007
2022-05-03,4. Quintile Low Vol,-0.04123045243614263
2022-05-04,4. Quintile Low Vol,-0.025981349203835193
2022-05-05,4. Quintile Low Vol,-0.03992517105611577
2022-05-06,4. Quintile Low Vol,-0.04190456898285324
2022-05-09,4. Quintile Low Vol,-0.03914228242079719
2022-05-10,4. Quintile Low Vol,-0.046360883764971585
2022-05-11,4. Quintile Low Vol,-0.052206367222000824
2022-05-12,4. Quintile Low Vol,-0.05034425895468461
2022-05-13,4. Quintile Low Vol,-0.04341493814341811
2022-05-16,4. Quintile Low Vol,-0.038260318745123985
2022-05-17,4. Quintile Low Vol,-0.06424666306662077
2022-05-18,4. Quintile Low Vol,-0.11548662596610884
2022-05-19,4. Quintile Low Vol,-0.1326379156070805
2022-05-20,4. Quintile Low Vol,-0.12445720401361494
2022-05-23,4. Quintile Low Vol,-0.10349636933437471
2022-05-24,4. Quintile Low Vol,-0.08995497310337788
2022-05-25,4. Quintile Low Vol,-0.09702540104140876
2022-05-26,4. Quintile Low Vol,-0.0903325781660287
2022-05-27,4. Quintile Low Vol,-0.07942236003775549
2022-05-31,4. Quintile Low Vol,-0.08771782970388838
2022-06-01,4. Quintile Low Vol,-0.09965539056695774
2022-06-02,4. Quintile Low Vol,-0.09215911592558518
2022-06-03,4. Quintile Low Vol,-0.10152838366312492
2022-06-06,4. Quintile Low Vol,-0.10353206698758986
2022-06-07,4. Quintile Low Vol,-0.09922486040362935
2022-06-08,4. Quintile Low Vol,-0.10653514015437068
2022-06-09,4. Quintile Low Vol,-0.12156809812513225
2022-06-10,4. Quintile Low Vol,-0.12444507152607424
2022-06-13,4. Quintile Low Vol,-0.1364327696849314
2022-06-14,4. Quintile Low Vol,-0.15494551295901296
2022-06-15,4. Quintile Low Vol,-0.15307723482894997
2022-06-16,4. Quintile Low Vol,-0.15219635517596686
2022-06-17,4. Quintile Low Vol,-0.15660686151720016
2022-06-21,4. Quintile Low Vol,-0.13475572655615728
2022-06-22,4. Quintile Low Vol,-0.1283123605080746
2022-06-23,4. Quintile Low Vol,-0.1099021724509749
2022-06-24,4. Quintile Low Vol,-0.09849356199887987
2022-06-27,4. Quintile Low Vol,-0.10035877290288941
2022-06-28,4. Quintile Low Vol,-0.11589995955766885
2022-06-29,4. Quintile Low Vol,-0.11270787891392763
2022-06-30,4. Quintile Low Vol,-0.10932730112093143
2022-07-01,4. Quintile Low Vol,-0.0956228336445731
2022-07-05,4. Quintile Low Vol,-0.1015599768500112
2022-07-06,4. Quintile Low Vol,-0.09737561230876897
2022-07-07,4. Quintile Low Vol,-0.09889932217099263
2022-07-08,4. Quintile Low Vol,-0.09969062410359088
2022-07-11,4. Quintile Low Vol,-0.09871395516762876
2022-07-12,4. Quintile Low Vol,-0.10563614068216551
2022-07-13,4. Quintile Low Vol,-0.10537163300631647
2022-07-14,4. Quintile Low Vol,-0.10282398173501647
2022-07-15,4. Quintile Low Vol,-0.09666780848558756
2022-07-18,4. Quintile Low Vol,-0.10846274364879334
2022-07-19,4. Quintile Low Vol,-0.10590142716540135
2022-07-20,4. Quintile Low Vol,-0.11356063933387861
2022-07-21,4. Quintile Low Vol,-0.11167722500022734
2022-07-22,4. Quintile Low Vol,-0.10668209130638023
2022-07-25,4. Quintile Low Vol,-0.10261119787743722
2022-07-26,4. Quintile Low Vol,-0.11173254098957756
2022-07-27,4. Quintile Low Vol,-0.10401084319643344
2022-07-28,4. Quintile Low Vol,-0.08993487255410458
2022-07-29,4. Quintile Low Vol,-0.09044715850735345
2022-08-01,4. Quintile Low Vol,-0.08301593054233285
2022-08-02,4. Quintile Low Vol,-0.09312662921885517
2022-08-03,4. Quintile Low Vol,-0.08439205674275886
2022-08-04,4. Quintile Low Vol,-0.08930542015836118
2022-08-05,4. Quintile Low Vol,-0.09376305092651065
2022-08-08,4. Quintile Low Vol,-0.09415091259704425
2022-08-09,4. Quintile Low Vol,-0.09350429925806503
2022-08-10,4. Quintile Low Vol,-0.0877285627782042
2022-08-11,4. Quintile Low Vol,-0.10303574444990267
2022-08-12,4. Quintile Low Vol,-0.09322527590429547
2022-08-15,4. Quintile Low Vol,-0.0878849643604653
2022-08-16,4. Quintile Low Vol,-0.08133704529672492
2022-08-17,4. Quintile Low Vol,-0.08564355109447401
2022-08-18,4. Quintile Low Vol,-0.08773399731157139
2022-08-19,4. Quintile Low Vol,-0.08209797231142807
2022-08-22,4. Quintile Low Vol,-0.08956068360562656
2022-08-23,4. Quintile Low Vol,-0.09994181306468881
2022-08-24,4. Quintile Low Vol,-0.10398413170841277
2022-08-25,4. Quintile Low Vol,-0.09894381771561939
2022-08-26,4. Quintile Low Vol,-0.11865319037579167
2022-08-29,4. Quintile Low Vol,-0.12529645465840222
2022-08-30,4. Quintile Low Vol,-0.13228079571957158
2022-08-31,4. Quintile Low Vol,-0.14172336645850964
2022-09-01,4. Quintile Low Vol,-0.1263899798047713
2022-09-02,4. Quintile Low Vol,-0.14104420182059826
2022-09-06,4. Quintile Low Vol,-0.14259989741940193
2022-09-07,4. Quintile Low Vol,-0.13240893902068337
2022-09-08,4. Quintile Low Vol,-0.12678776756977375
2022-09-09,4. Quintile Low Vol,-0.11879863582999617
2022-09-12,4. Quintile Low Vol,-0.11674487895254863
2022-09-13,4. Quintile Low Vol,-0.14141555893863286
2022-09-14,4. Quintile Low Vol,-0.13557945277358868
2022-09-15,4. Quintile Low Vol,-0.14219771129618575
2022-09-16,4. Quintile Low Vol,-0.13709580700214966
2022-09-19,4. Quintile Low Vol,-0.14035373055311068
2022-09-20,4. Quintile Low Vol,-0.14620112456378054
2022-09-21,4. Quintile Low Vol,-0.15690483756932
2022-09-22,4. Quintile Low Vol,-0.14990654698643285
2022-09-23,4. Quintile Low Vol,-0.15478161541375776
2022-09-26,4. Quintile Low Vol,-0.1596127625661042
2022-09-27,4. Quintile Low Vol,-0.17082449139661202
2022-09-28,4. Quintile Low Vol,-0.16531447769020804
2022-09-29,4. Quintile Low Vol,-0.17574224730153923
2022-09-30,4. Quintile Low Vol,-0.18503210772550854
2022-10-03,4. Quintile Low Vol,-0.17759376749005587
2022-10-04,4. Quintile Low Vol,-0.16993235836107246
2022-10-05,4. Quintile Low Vol,-0.17551738344417228
2022-10-06,4. Quintile Low Vol,-0.19307372190873862
2022-10-07,4. Quintile Low Vol,-0.20423473033690784
2022-10-10,4. Quintile Low Vol,-0.2077892327399328
2022-10-11,4. Quintile Low Vol,-0.20291008106579436
2022-10-12,4. Quintile Low Vol,-0.19979912634935434
2022-10-13,4. Quintile Low Vol,-0.1866455142055482
2022-10-14,4. Quintile Low Vol,-0.1932556658335074
2022-10-17,4. Quintile Low Vol,-0.18070148588961313
2022-10-18,4. Quintile Low Vol,-0.1751295387836446
2022-10-19,4. Quintile Low Vol,-0.181017463279313
2022-10-20,4. Quintile Low Vol,-0.18870018124237425
2022-10-21,4. Quintile Low Vol,-0.1690937645939997
2022-10-24,4. Quintile Low Vol,-0.15647464187291862
2022-10-25,4. Quintile Low Vol,-0.14926816641256513
2022-10-26,4. Quintile Low Vol,-0.14212873472249798
2022-10-27,4. Quintile Low Vol,-0.14277960954319452
2022-10-28,4. Quintile Low Vol,-0.12199833888156708
2022-10-31,4. Quintile Low Vol,-0.13126275054034078
2022-11-01,4. Quintile Low Vol,-0.12623419063443914
2022-11-02,4. Quintile Low Vol,-0.1400563172390103
2022-11-03,4. Quintile Low Vol,-0.1435272696099647
2022-11-04,4. Quintile Low Vol,-0.13395951958122773
2022-11-07,4. Quintile Low Vol,-0.1284001066925633
2022-11-08,4. Quintile Low Vol,-0.12521006564656129
2022-11-09,4. Quintile Low Vol,-0.133343206838948
2022-11-10,4. Quintile Low Vol,-0.11255786765346168
2022-11-11,4. Quintile Low Vol,-0.11715597679735289
2022-11-14,4. Quintile Low Vol,-0.10837651352449064
2022-11-15,4. Quintile Low Vol,-0.1119257955946218
2022-11-16,4. Quintile Low Vol,-0.11121582036556661
2022-11-17,4. Quintile Low Vol,-0.10888075317379332
2022-11-18,4. Quintile Low Vol,-0.10327532362452552
2022-11-21,4. Quintile Low Vol,-0.09750305226566605
2022-11-22,4. Quintile Low Vol,-0.08935274274766004
2022-11-23,4. Quintile Low Vol,-0.08778887587483623
2022-11-25,4. Quintile Low Vol,-0.08521249902431921
2022-11-28,4. Quintile Low Vol,-0.08363468064003679
2022-11-29,4. Quintile Low Vol,-0.08822600821814626
2022-11-30,4. Quintile Low Vol,-0.07281939948396889
2022-12-01,4. Quintile Low Vol,-0.06678992017215549
2022-12-02,4. Quintile Low Vol,-0.06316015694856113
2022-12-05,4. Quintile Low Vol,-0.06971093339009327
2022-12-06,4. Quintile Low Vol,-0.0775944051401777
2022-12-07,4. Quintile Low Vol,-0.07188525164912285
2022-12-08,4. Quintile Low Vol,-0.062183205675447356
2022-12-09,4. Quintile Low Vol,-0.06738747346485356
2022-12-12,4. Quintile Low Vol,-0.05718636049993909
2022-12-13,4. Quintile Low Vol,-0.05160714677617518
2022-12-14,4. Quintile Low Vol,-0.043556230821378036
2022-12-15,4. Quintile Low Vol,-0.056387943788758985
2022-12-16,4. Quintile Low Vol,-0.07108906335895793
2022-12-19,4. Quintile Low Vol,-0.07126335323358612
2022-12-20,4. Quintile Low Vol,-0.07127483550538391
2022-12-21,4. Quintile Low Vol,-0.06128173409656972
2022-12-22,4. Quintile Low Vol,-0.06327689363926106
2022-12-23,4. Quintile Low Vol,-0.059428275362732395
2022-12-27,4. Quintile Low Vol,-0.059085406264755364
2022-12-28,4. Quintile Low Vol,-0.06710417025924022
2022-12-29,4. Quintile Low Vol,-0.06116439024763596
2022-12-30,4. Quintile Low Vol,-0.0656486056738777
2023-01-03,4. Quintile Low Vol,-0.06587453530439981
2023-01-04,4. Quintile Low Vol,-0.06746074093825605
2023-01-05,4. Quintile Low Vol,-0.07696002790432521
2023-01-06,4. Quintile Low Vol,-0.05927599077575351
2023-01-09,4. Quintile Low Vol,-0.08264036435384808
2023-01-10,4. Quintile Low Vol,-0.08860381040120588
2023-01-11,4. Quintile Low Vol,-0.0921746233005885
2023-01-12,4. Quintile Low Vol,-0.09637932012869718
2023-01-13,4. Quintile Low Vol,-0.09395926366509363
2023-01-17,4. Quintile Low Vol,-0.10316122459686938
2023-01-18,4. Quintile Low Vol,-0.12464623416702722
2023-01-19,4. Quintile Low Vol,-0.1319804448133681
2023-01-20,4. Quintile Low Vol,-0.13015746980727252
2023-01-23,4. Quintile Low Vol,-0.1339164953912043
2023-01-24,4. Quintile Low Vol,-0.1327369519637611
2023-01-25,4. Quintile Low Vol,-0.12836745990855608
2023-01-26,4. Quintile Low Vol,-0.13422837476359042
2023-01-27,4. Quintile Low Vol,-0.13924534273260794
2023-01-30,4. Quintile Low Vol,-0.14719576023181996
2023-01-31,4. Quintile Low Vol,-0.1476758872723471
2023-02-01,4. Quintile Low Vol,-0.14328606363481
2023-02-02,4. Quintile Low Vol,-0.1492112537292411
2023-02-03,4. Quintile Low Vol,-0.15416040991879873
2023-02-06,4. Quintile Low Vol,-0.15794757063807324
2023-02-07,4. Quintile Low Vol,-0.15986492601276267
2023-02-08,4. Quintile Low Vol,-0.1641051950645101
2023-02-09,4. Quintile Low Vol,-0.16768583196274223
2023-02-10,4. Quintile Low Vol,-0.1616350263347917
2023-02-13,4. Quintile Low Vol,-0.15148926100386212
2023-02-14,4. Quintile Low Vol,-0.15773252094448784
2023-02-15,4. Quintile Low Vol,-0.1600945764316988
2023-02-16,4. Quintile Low Vol,-0.16898903715464386
2023-02-17,4. Quintile Low Vol,-0.15554179195863463
2023-02-21,4. Quintile Low Vol,-0.1586031317958581
2023-02-22,4. Quintile Low Vol,-0.16195991240491092
2023-02-23,4. Quintile Low Vol,-0.16550275533237316
2023-02-24,4. Quintile Low Vol,-0.16928778503618433
2023-02-27,4. Quintile Low Vol,-0.17150679072811897
2023-02-28,4. Quintile Low Vol,-0.17701996266191922
2023-03-01,4. Quintile Low Vol,-0.18296453031942844
2023-03-02,4. Quintile Low Vol,-0.1762134986806802
2023-03-03,4. Quintile Low Vol,-0.17335933744890603
2023-03-06,4. Quintile Low Vol,-0.16907974225981992
2023-03-07,4. Quintile Low Vol,-0.17846656889513846
2023-03-08,4. Quintile Low Vol,-0.18151101697947086
2023-03-09,4. Quintile Low Vol,-0.18866209243688964
2023-03-10,4. Quintile Low Vol,-0.18841628804991128
2023-03-13,4. Quintile Low Vol,-0.18242332245323148
2023-03-14,4. Quintile Low Vol,-0.17689423213421585
2023-03-15,4. Quintile Low Vol,-0.16969521005375138
2023-03-16,4. Quintile Low Vol,-0.17099310707966242
2023-03-17,4. Quintile Low Vol,-0.17239933109306227
2023-03-20,4. Quintile Low Vol,-0.16289562664538348
2023-03-21,4. Quintile Low Vol,-0.1661527385325317
2023-03-22,4. Quintile Low Vol,-0.1722650891189707
2023-03-23,4. Quintile Low Vol,-0.1712379427567666
2023-03-24,4. Quintile Low Vol,-0.1597557081958683
2023-03-27,4. Quintile Low Vol,-0.15498402035267597
2023-03-28,4. Quintile Low Vol,-0.15688755272232166
2023-03-29,4. Quintile Low Vol,-0.15182108998900737
2023-03-30,4. Quintile Low Vol,-0.14860702694939462
2023-03-31,4. Quintile Low Vol,-0.14143851799531013
2023-04-03,4. Quintile Low Vol,-0.13467324945094017
2023-04-04,4. Quintile Low Vol,-0.13427941835886525
2023-04-05,4. Quintile Low Vol,-0.11778115578077952
2023-04-06,4. Quintile Low Vol,-0.1151299994650156
2023-04-10,4. Quintile Low Vol,-0.11905099752958824
2023-04-11,4. Quintile Low Vol,-0.12060008984959518
2023-04-12,4. Quintile Low Vol,-0.12114195337575044
2023-04-13,4. Quintile Low Vol,-0.11541500804984829
2023-04-14,4. Quintile Low Vol,-0.1187648132053068
2023-04-17,4. Quintile Low Vol,-0.11594489170549593
2023-04-18,4. Quintile Low Vol,-0.12094812428786539
2023-04-19,4. Quintile Low Vol,-0.11826600009767167
2023-04-20,4. Quintile Low Vol,-0.11508399358698465
2023-04-21,4. Quintile Low Vol,-0.10698917438963147
2023-04-24,4. Quintile Low Vol,-0.10409980326777041
2023-04-25,4. Quintile Low Vol,-0.10419427122717917
2023-04-26,4. Quintile Low Vol,-0.11226552105830341
2023-04-27,4. Quintile Low Vol,-0.10779102988897395
2023-04-28,4. Quintile Low Vol,-0.10598616525884413
2023-05-01,4. Quintile Low Vol,-0.10439166460613841
2023-05-02,4. Quintile Low Vol,-0.10435171120704959
2023-05-03,4. Quintile Low Vol,-0.10955041003436239
2023-05-04,4. Quintile Low Vol,-0.11157286816626823
2023-05-05,4. Quintile Low Vol,-0.1071072949476292
2023-05-08,4. Quintile Low Vol,-0.1076228459709224
2023-05-09,4. Quintile Low Vol,-0.1131052858616167
2023-05-10,4. Quintile Low Vol,-0.11209795691648851
2023-05-11,4. Quintile Low Vol,-0.1103235867371873
2023-05-12,4. Quintile Low Vol,-0.10745165340915958
2023-05-15,4. Quintile Low Vol,-0.11133569651109407
2023-05-16,4. Quintile Low Vol,-0.11762929580772585
2023-05-17,4. Quintile Low Vol,-0.11968835423374216
2023-05-18,4. Quintile Low Vol,-0.12251397036327483
2023-05-19,4. Quintile Low Vol,-0.12320209974751214
2023-05-22,4. Quintile Low Vol,-0.13841369736154183
2023-05-23,4. Quintile Low Vol,-0.14170004103310033
2023-05-24,4. Quintile Low Vol,-0.1465383800161196
2023-05-25,4. Quintile Low Vol,-0.15469385688977685
2023-05-26,4. Quintile Low Vol,-0.15489324692016024
2023-05-30,4. Quintile Low Vol,-0.16039377870478908
2023-05-31,4. Quintile Low Vol,-0.15972871305500802
2023-06-01,4. Quintile Low Vol,-0.1562385405762874
2023-06-02,4. Quintile Low Vol,-0.1431123103673978
2023-06-05,4. Quintile Low Vol,-0.1421931172517674
2023-06-06,4. Quintile Low Vol,-0.14610616686018582
2023-06-07,4. Quintile Low Vol,-0.1451854468792036
2023-06-08,4. Quintile Low Vol,-0.13672255387136611
2023-06-09,4. Quintile Low Vol,-0.13515783797673123
2023-06-12,4. Quintile Low Vol,-0.13643048301611413
2023-06-13,4. Quintile Low Vol,-0.13324596890324797
2023-06-14,4. Quintile Low Vol,-0.12638775729264745
2023-06-15,4. Quintile Low Vol,-0.11795597113730415
2023-06-16,4. Quintile Low Vol,-0.11740214271659238
2023-06-20,4. Quintile Low Vol,-0.12305444770752738
2023-06-21,4. Quintile Low Vol,-0.1204282834524469
2023-06-22,4. Quintile Low Vol,-0.11402263368576174
2023-06-23,4. Quintile Low Vol,-0.11912627775351942
2023-06-26,4. Quintile Low Vol,-0.12185340398371267
2023-06-27,4. Quintile Low Vol,-0.12146718781868353
2023-06-28,4. Quintile Low Vol,-0.12267964928677508
2023-06-29,4. Quintile Low Vol,-0.12540022615561483
2023-06-30,4. Quintile Low Vol,-0.11502119574906133
2023-07-03,4. Quintile Low Vol,-0.11395098394299708
2023-07-05,4. Quintile Low Vol,-0.11361358915800882
2023-07-06,4. Quintile Low Vol,-0.11868240774976169
2023-07-07,4. Quintile Low Vol,-0.13467111277988925
2023-07-10,4. Quintile Low Vol,-0.1337465170126401
2023-07-11,4. Quintile Low Vol,-0.13567340627765556
2023-07-12,4. Quintile Low Vol,-0.1335474066161664
2023-07-13,4. Quintile Low Vol,-0.13202047478339368
2023-07-14,4. Quintile Low Vol,-0.12629304404518923
2023-07-17,4. Quintile Low Vol,-0.12895505370892069
2023-07-18,4. Quintile Low Vol,-0.12979850017662695
2023-07-19,4. Quintile Low Vol,-0.1248941382946701
2023-07-20,4. Quintile Low Vol,-0.10506756756776524
2023-07-21,4. Quintile Low Vol,-0.09766446399687989
2023-07-24,4. Quintile Low Vol,-0.09432191764290958
2023-07-25,4. Quintile Low Vol,-0.09299643719925584
2023-07-26,4. Quintile Low Vol,-0.0887001561781958
2023-07-27,4. Quintile Low Vol,-0.09315561532531466
2023-07-28,4. Quintile Low Vol,-0.08443560836047564
2023-07-31,4. Quintile Low Vol,-0.08495720936496823
2023-08-01,4. Quintile Low Vol,-0.08472187129907878
2023-08-02,4. Quintile Low Vol,-0.08550197577490787
2023-08-03,4. Quintile Low Vol,-0.08487132368422394
2023-08-04,4. Quintile Low Vol,-0.09192336838235644
2023-08-07,4. Quintile Low Vol,-0.08224276853378304
2023-08-08,4. Quintile Low Vol,-0.08490023640324017
2023-08-09,4. Quintile Low Vol,-0.08385074629378832
2023-08-10,4. Quintile Low Vol,-0.08605613940235891
2023-08-11,4. Quintile Low Vol,-0.08256928239937857
2023-08-14,4. Quintile Low Vol,-0.08440688808683765
2023-08-15,4. Quintile Low Vol,-0.09151647444053533
2023-08-16,4. Quintile Low Vol,-0.09419855484120865
2023-08-17,4. Quintile Low Vol,-0.10228917293607415
2023-08-18,4. Quintile Low Vol,-0.09642558908777005
2023-08-21,4. Quintile Low Vol,-0.09883443295641403
2023-08-22,4. Quintile Low Vol,-0.09976096841631155
2023-08-23,4. Quintile Low Vol,-0.09367909904301745
2023-08-24,4. Quintile Low Vol,-0.09976734184002617
2023-08-25,4. Quintile Low Vol,-0.09295170279220548
2023-08-28,4. Quintile Low Vol,-0.08947013267833634
2023-08-29,4. Quintile Low Vol,-0.08620205474602845
2023-08-30,4. Quintile Low Vol,-0.08356061909148009
2023-08-31,4. Quintile Low Vol,-0.08399738893790305
2023-09-01,4. Quintile Low Vol,-0.08481949299460485
2023-09-05,4. Quintile Low Vol,-0.09419055924825728
2023-09-06,4. Quintile Low Vol,-0.09227003053562481
2023-09-07,4. Quintile Low Vol,-0.08800243580048948
2023-09-08,4. Quintile Low Vol,-0.08839499317983752
2023-09-11,4. Quintile Low Vol,-0.08294820116036829
2023-09-12,4. Quintile Low Vol,-0.08874036891085955
2023-09-13,4. Quintile Low Vol,-0.08610320932584359
2023-09-14,4. Quintile Low Vol,-0.08867573144030957
2023-09-15,4. Quintile Low Vol,-0.09378867808338649
2023-09-18,4. Quintile Low Vol,-0.08989920171321047
2023-09-19,4. Quintile Low Vol,-0.09211794417285588
2023-09-20,4. Quintile Low Vol,-0.09222515461005758
2023-09-21,4. Quintile Low Vol,-0.10540363420979543
2023-09-22,4. Quintile Low Vol,-0.10685910401625567
2023-09-25,4. Quintile Low Vol,-0.11104910085818603
2023-09-26,4. Quintile Low Vol,-0.11913674517977141
2023-09-27,4. Quintile Low Vol,-0.12544122842948063
2023-09-28,4. Quintile Low Vol,-0.124169457326449
2023-09-29,4. Quintile Low Vol,-0.12956977775407644
2023-10-02,4. Quintile Low Vol,-0.13094222571850697
2023-10-03,4. Quintile Low Vol,-0.1365352931193578
2023-10-04,4. Quintile Low Vol,-0.13018569317646117
2023-10-05,4. Quintile Low Vol,-0.14376790679021176
2023-10-06,4. Quintile Low Vol,-0.14285525195073093
2023-10-09,4. Quintile Low Vol,-0.14627906980021207
2023-10-10,4. Quintile Low Vol,-0.135349804033705
2023-10-11,4. Quintile Low Vol,-0.13912295258872284
2023-10-12,4. Quintile Low Vol,-0.13989068898918433
2023-10-13,4. Quintile Low Vol,-0.13547153812882137
2023-10-16,4. Quintile Low Vol,-0.12716811728085492
2023-10-17,4. Quintile Low Vol,-0.12313578869703314
2023-10-18,4. Quintile Low Vol,-0.1211082887385189
2023-10-19,4. Quintile Low Vol,-0.12723275779568444
2023-10-20,4. Quintile Low Vol,-0.13000450568123129
2023-10-23,4. Quintile Low Vol,-0.13022870324279748
2023-10-24,4. Quintile Low Vol,-0.11568881799911875
2023-10-25,4. Quintile Low Vol,-0.11147332656479449
2023-10-26,4. Quintile Low Vol,-0.12068191024948324
2023-10-27,4. Quintile Low Vol,-0.1293381981938835
2023-10-30,4. Quintile Low Vol,-0.11658220280835044
2023-10-31,4. Quintile Low Vol,-0.11169465443871122
2023-11-01,4. Quintile Low Vol,-0.10705330070637101
2023-11-02,4. Quintile Low Vol,-0.09654424373332914
2023-11-03,4. Quintile Low Vol,-0.10073819965076214
2023-11-06,4. Quintile Low Vol,-0.09840512246732691
2023-11-07,4. Quintile Low Vol,-0.09580646726007111
2023-11-08,4. Quintile Low Vol,-0.09974945965054319
2023-11-09,4. Quintile Low Vol,-0.10357065251973899
2023-11-10,4. Quintile Low Vol,-0.09507043793335625
2023-11-13,4. Quintile Low Vol,-0.09118193717033533
2023-11-14,4. Quintile Low Vol,-0.08890888505961206
2023-11-15,4. Quintile Low Vol,-0.08535115472453768
2023-11-16,4. Quintile Low Vol,-0.1027383878995022
2023-11-17,4. Quintile Low Vol,-0.1049440016564193
2023-11-20,4. Quintile Low Vol,-0.10527466279030666
2023-11-21,4. Quintile Low Vol,-0.10093522588473625
2023-11-22,4. Quintile Low Vol,-0.0976979269381197
2023-11-24,4. Quintile Low Vol,-0.0940678120425192
2023-11-27,4. Quintile Low Vol,-0.09381670380326633
2023-11-28,4. Quintile Low Vol,-0.09031355272632001
2023-11-29,4. Quintile Low Vol,-0.09572916642660276
2023-11-30,4. Quintile Low Vol,-0.09625868464393925
2023-12-01,4. Quintile Low Vol,-0.09585319197901729
2023-12-04,4. Quintile Low Vol,-0.09711212708449328
2023-12-05,4. Quintile Low Vol,-0.1044477945940281
2023-12-06,4. Quintile Low Vol,-0.10752807406244454
2023-12-07,4. Quintile Low Vol,-0.10516462132262919
2023-12-08,4. Quintile Low Vol,-0.10522017948548343
2023-12-11,4. Quintile Low Vol,-0.10104311006137806
2023-12-12,4. Quintile Low Vol,-0.09466223780251871
2023-12-13,4. Quintile Low Vol,-0.08553598335141395
2023-12-14,4. Quintile Low Vol,-0.09372213097029646
2023-12-15,4. Quintile Low Vol,-0.09527549722933167
2023-12-18,4. Quintile Low Vol,-0.08864855879892238
2023-12-19,4. Quintile Low Vol,-0.08474128641328742
2023-12-20,4. Quintile Low Vol,-0.09807719280819034
2023-12-21,4. Quintile Low Vol,-0.09257563352084232
2023-12-22,4. Quintile Low Vol,-0.09091951688629177
2023-12-26,4. Quintile Low Vol,-0.08694235302306332
2023-12-27,4. Quintile Low Vol,-0.08492506600194298
2023-12-28,4. Quintile Low Vol,-0.08265802408031939
2023-12-29,4. Quintile Low Vol,-0.0811026605191598
2024-01-02,4. Quintile Low Vol,-0.07285581375634081
2024-01-03,4. Quintile Low Vol,-0.07550971060301614
2024-01-04,4. Quintile Low Vol,-0.07353913509667202
2024-01-05,4. Quintile Low Vol,-0.07438244891613296
2024-01-08,4. Quintile Low Vol,-0.06866221156001594
2024-01-09,4. Quintile Low Vol,-0.06946352366060174
2024-01-10,4. Quintile Low Vol,-0.0661426749838508
2024-01-11,4. Quintile Low Vol,-0.06832162560084273
2024-01-12,4. Quintile Low Vol,-0.06763264703305234
2024-01-16,4. Quintile Low Vol,-0.07096569593589463
2024-01-17,4. Quintile Low Vol,-0.07082415476582325
2024-01-18,4. Quintile Low Vol,-0.07100925416614787
2024-01-19,4. Quintile Low Vol,-0.0665084393340736
2024-01-22,4. Quintile Low Vol,-0.0671126338919292
2024-01-23,4. Quintile Low Vol,-0.05858678450673433
2024-01-24,4. Quintile Low Vol,-0.06243143463908496
2024-01-25,4. Quintile Low Vol,-0.051930748174250654
2024-01-26,4. Quintile Low Vol,-0.05542165199690568
2024-01-29,4. Quintile Low Vol,-0.048309983743172386
2024-01-30,4. Quintile Low Vol,-0.03749271043967209
2024-01-31,4. Quintile Low Vol,-0.038036642672410644
2024-02-01,4. Quintile Low Vol,-0.03035963081580721
2024-02-02,4. Quintile Low Vol,-0.03329489764862586
2024-02-05,4. Quintile Low Vol,-0.038270256371879356
2024-02-06,4. Quintile Low Vol,-0.033385239566172176
2024-02-07,4. Quintile Low Vol,-0.030532804593690652
2024-02-08,4. Quintile Low Vol,-0.03762094017724918
2024-02-09,4. Quintile Low Vol,-0.03730569748784683
2024-02-12,4. Quintile Low Vol,-0.0352099449625641
2024-02-13,4. Quintile Low Vol,-0.04017526834064567
2024-02-14,4. Quintile Low Vol,-0.03753970419779094
2024-02-15,4. Quintile Low Vol,-0.025482538188762494
2024-02-16,4. Quintile Low Vol,-0.030887864455028807
2024-02-20,4. Quintile Low Vol,-0.02564210085949451
2024-02-21,4. Quintile Low Vol,-0.019183745911592828
2024-02-22,4. Quintile Low Vol,-0.007717451777350264
2024-02-23,4. Quintile Low Vol,-0.004272727411096717
2024-02-26,4. Quintile Low Vol,-0.008229856407261371
2024-02-27,4. Quintile Low Vol,-0.010177481899757415
2024-02-28,4. Quintile Low Vol,-0.005621948844362888
2024-02-29,4. Quintile Low Vol,-0.007730851891161196
2024-03-01,4. Quintile Low Vol,-0.00919695800081272
2024-03-04,4. Quintile Low Vol,-0.01191471645262977
2024-03-05,4. Quintile Low Vol,-0.011322811410193895
2024-03-06,4. Quintile Low Vol,-0.009878430085428476
2024-03-07,4. Quintile Low Vol,-0.015236845938055
2024-03-08,4. Quintile Low Vol,-0.011878496602502505
2024-03-11,4. Quintile Low Vol,-0.005822213663191972
2024-03-12,4. Quintile Low Vol,0.0
2024-03-13,4. Quintile Low Vol,0.0
2024-03-14,4. Quintile Low Vol,-0.008905547352425915
2024-03-15,4. Quintile Low Vol,-0.012702945716089627
2024-03-18,4. Quintile Low Vol,-0.008837751593269367
2024-03-19,4. Quintile Low Vol,-0.005699673996245433
2024-03-20,4. Quintile Low Vol,0.0
2024-03-21,4. Quintile Low Vol,0.0
2024-03-22,4. Quintile Low Vol,-0.010229328852428587
2024-03-25,4. Quintile Low Vol,-0.014850149102511829
2024-03-26,4. Quintile Low Vol,-0.012753907766881817
2024-03-27,4. Quintile Low Vol,-0.003709715196889813
2024-03-28,4. Quintile Low Vol,-0.0016466882864650042
2024-04-01,4. Quintile Low Vol,-0.006817995144676276
2024-04-02,4. Quintile Low Vol,-0.008984641658951874
2024-04-03,4. Quintile Low Vol,-0.017521766528712044
2024-04-04,4. Quintile Low Vol,-0.02848140016608104
2024-04-05,4. Quintile Low Vol,-0.02260998487339223
2024-04-08,4. Quintile Low Vol,-0.022822596493718053
2024-04-09,4. Quintile Low Vol,-0.022694987481546323
2024-04-10,4. Quintile Low Vol,-0.03327766789765088
2024-04-11,4. Quintile Low Vol,-0.03387934791550502
2024-04-12,4. Quintile Low Vol,-0.05588749565447104
2024-04-15,4. Quintile Low Vol,-0.06028552000258933
2024-04-16,4. Quintile Low Vol,-0.06810613738274418
2024-04-17,4. Quintile Low Vol,-0.06564047021748073
2024-04-18,4. Quintile Low Vol,-0.062137456790417114
2024-04-19,4. Quintile Low Vol,-0.04901108768591393
2024-04-22,4. Quintile Low Vol,-0.038522385037347014
2024-04-23,4. Quintile Low Vol,-0.0322220243392792
2024-04-24,4. Quintile Low Vol,-0.028045474548041974
2024-04-25,4. Quintile Low Vol,-0.02932971938162666
2024-04-26,4. Quintile Low Vol,-0.03074285485011436
2024-04-29,4. Quintile Low Vol,-0.031145275356419665
2024-04-30,4. Quintile Low Vol,-0.0317423529670638
2024-05-01,4. Quintile Low Vol,-0.020941950030387277
2024-05-02,4. Quintile Low Vol,-0.02190286975474165
2024-05-03,4. Quintile Low Vol,-0.020572217830056184
2024-05-06,4. Quintile Low Vol,-0.01728272168764195
2024-05-07,4. Quintile Low Vol,-0.01061283026059338
2024-05-08,4. Quintile Low Vol,-0.009691461832957996
2024-05-09,4. Quintile Low Vol,-0.005409203661486076
2024-05-10,4. Quintile Low Vol,-0.0006326606144705522
2024-05-13,4. Quintile Low Vol,0.0
2024-05-14,4. Quintile Low Vol,-0.0032647952754959403
2024-05-15,4. Quintile Low Vol,0.0
2024-05-16,4. Quintile Low Vol,0.0
2024-05-17,4. Quintile Low Vol,-0.000621424475351347
2024-05-20,4. Quintile Low Vol,-0.009896408951520315
2024-05-21,4. Quintile Low Vol,-0.009409120408627613
2024-05-22,4. Quintile Low Vol,-0.006428083019443148
2024-05-23,4. Quintile Low Vol,-0.020912395711261734
2024-05-24,4. Quintile Low Vol,-0.02580431984728065
2024-05-28,4. Quintile Low Vol,-0.037221841505979146
2024-05-29,4. Quintile Low Vol,-0.04163680688322275
2024-05-30,4. Quintile Low Vol,-0.03563611589228398
2024-05-31,4. Quintile Low Vol,-0.036178136963023626
2024-06-03,4. Quintile Low Vol,-0.03994984803355151
2024-06-04,4. Quintile Low Vol,-0.02996529316518136
2024-06-05,4. Quintile Low Vol,-0.028588805234175365
2024-06-06,4. Quintile Low Vol,-0.020824879904952593
2024-06-07,4. Quintile Low Vol,-0.021769412598241576
2024-06-10,4. Quintile Low Vol,-0.026073717439715108
2024-06-11,4. Quintile Low Vol,-0.026477127258931723
2024-06-12,4. Quintile Low Vol,-0.03952037762917705
2024-06-13,4. Quintile Low Vol,-0.035448336301053804
2024-06-14,4. Quintile Low Vol,-0.03724573639085176
2024-06-17,4. Quintile Low Vol,-0.03360929918340456
2024-06-18,4. Quintile Low Vol,-0.028771368320376047
2024-06-20,4. Quintile Low Vol,-0.027673606737595714
2024-06-21,4. Quintile Low Vol,-0.024702664679036975
2024-06-24,4. Quintile Low Vol,-0.017733437255798134
2024-06-25,4. Quintile Low Vol,-0.02373339267002271
2024-06-26,4. Quintile Low Vol,-0.02375118554631838
2024-06-27,4. Quintile Low Vol,-0.03689977080818542
2024-06-28,4. Quintile Low Vol,-0.044889859433400785
2024-07-01,4. Quintile Low Vol,-0.050763955528785445
2024-07-02,4. Quintile Low Vol,-0.04132107053525211
2024-07-03,4. Quintile Low Vol,-0.03815792130463938
2024-07-05,4. Quintile Low Vol,-0.032569804280899305
2024-07-08,4. Quintile Low Vol,-0.03897191390364804
2024-07-09,4. Quintile Low Vol,-0.04294636553481431
2024-07-10,4. Quintile Low Vol,-0.04886302670462386
2024-07-11,4. Quintile Low Vol,-0.04857385831559485
2024-07-12,4. Quintile Low Vol,-0.039894761048957665
2024-07-15,4. Quintile Low Vol,-0.03948447437918592
2024-07-16,4. Quintile Low Vol,-0.03226266865246406
2024-07-17,4. Quintile Low Vol,-0.017845568915228593
2024-07-18,4. Quintile Low Vol,-0.02384452869140761
2024-07-19,4. Quintile Low Vol,-0.030142418777030618
2024-07-22,4. Quintile Low Vol,-0.02742682455317182
2024-07-23,4. Quintile Low Vol,-0.03502532668082578
2024-07-24,4. Quintile Low Vol,-0.04414317429086157
2024-07-25,4. Quintile Low Vol,-0.046676264966862294
2024-07-26,4. Quintile Low Vol,-0.02999523467798423
2024-07-29,4. Quintile Low Vol,-0.02606044208110183
2024-07-30,4. Quintile Low Vol,-0.030219148252563815
2024-07-31,4. Quintile Low Vol,-0.024155085367499964
2024-08-01,4. Quintile Low Vol,-0.012728485801558612
2024-08-02,4. Quintile Low Vol,-0.0006826194171129003
2024-08-05,4. Quintile Low Vol,-0.028123378784873213
2024-08-06,4. Quintile Low Vol,-0.023263123324923918
2024-08-07,4. Quintile Low Vol,-0.01957365072373982
2024-08-08,4. Quintile Low Vol,-0.011269483527891458
2024-08-09,4. Quintile Low Vol,-0.011359386345769176
2024-08-12,4. Quintile Low Vol,-0.0192513703584594
2024-08-13,4. Quintile Low Vol,-0.015245550511545525
2024-08-14,4. Quintile Low Vol,-0.011248171667052975
2024-08-15,4. Quintile Low Vol,-0.0026503090560553626
2024-08-16,4. Quintile Low Vol,-5.888579309004708e-05
2024-08-19,4. Quintile Low Vol,-0.0018783672244782911
2024-08-20,4. Quintile Low Vol,0.0
2024-08-21,4. Quintile Low Vol,-0.00010029167319938852
2024-08-22,4. Quintile Low Vol,-0.0008185996591756967
2024-08-23,4. Quintile Low Vol,-0.002211006421307908
2024-08-26,4. Quintile Low Vol,0.0
2024-08-27,4. Quintile Low Vol,0.0
2024-08-28,4. Quintile Low Vol,-0.0023545391352037585
2024-08-29,4. Quintile Low Vol,0.0
2024-08-30,4. Quintile Low Vol,0.0
2024-09-03,4. Quintile Low Vol,0.0
2024-09-04,4. Quintile Low Vol,0.0
2024-09-05,4. Quintile Low Vol,-0.010275675455312994
2024-09-06,4. Quintile Low Vol,-0.010222171992216634
2024-09-09,4. Quintile Low Vol,0.0
2024-09-10,4. Quintile Low Vol,0.0
2024-09-11,4. Quintile Low Vol,-0.008198156857231865
2024-09-12,4. Quintile Low Vol,-0.005071388399139657
2024-09-13,4. Quintile Low Vol,-0.001251855036105654
2024-09-16,4. Quintile Low Vol,0.0
2024-09-17,4. Quintile Low Vol,-0.00039365928722784045
2024-09-18,4. Quintile Low Vol,-0.009017653774295187
2024-09-19,4. Quintile Low Vol,-0.01997819127725982
2024-09-20,4. Quintile Low Vol,-0.01312207097621482
2024-09-23,4. Quintile Low Vol,-0.007962067836859092
2024-09-24,4. Quintile Low Vol,-0.028306088746738924
2024-09-25,4. Quintile Low Vol,-0.030816826390070714
2024-09-26,4. Quintile Low Vol,-0.027041691436908637
2024-09-27,4. Quintile Low Vol,-0.021055997945182127
2024-09-30,4. Quintile Low Vol,-0.02160672406648769
2024-10-01,4. Quintile Low Vol,-0.021170685546903257
2024-10-02,4. Quintile Low Vol,-0.026777066194704567
2024-10-03,4. Quintile Low Vol,-0.032298496891166345
2024-10-04,4. Quintile Low Vol,-0.03420675178072547
2024-10-07,4. Quintile Low Vol,-0.04496399935812741
2024-10-08,4. Quintile Low Vol,-0.039819095461223475
2024-10-09,4. Quintile Low Vol,-0.03404031573878847
2024-10-10,4. Quintile Low Vol,-0.03675028257665371
2024-10-11,4. Quintile Low Vol,-0.02910050574765002
2024-10-14,4. Quintile Low Vol,-0.022079455321805056
2024-10-15,4. Quintile Low Vol,-0.016523754485937053
2024-10-16,4. Quintile Low Vol,-0.013760083036744359
2024-10-17,4. Quintile Low Vol,-0.016049938635349918
2024-10-18,4. Quintile Low Vol,-0.013363572577835173
2024-10-21,4. Quintile Low Vol,-0.023311343241569582
2024-10-22,4. Quintile Low Vol,-0.023135241144001305
2024-10-23,4. Quintile Low Vol,-0.024217693986040012
2024-10-24,4. Quintile Low Vol,-0.03142785784066608
2024-10-25,4. Quintile Low Vol,-0.040529322957092564
2024-10-28,4. Quintile Low Vol,-0.03834610100141164
2024-10-29,4. Quintile Low Vol,-0.048373087921751066
2024-10-30,4. Quintile Low Vol,-0.044116371204
2024-10-31,4. Quintile Low Vol,-0.05569946002090733
2024-11-01,4. Quintile Low Vol,-0.05221868581474041
2024-11-04,4. Quintile Low Vol,-0.05599961336476462
2024-11-05,4. Quintile Low Vol,-0.053997060522070525
2024-11-06,4. Quintile Low Vol,-0.059332991629382166
2024-11-07,4. Quintile Low Vol,-0.05948191864424414
2024-11-08,4. Quintile Low Vol,-0.05101336670096988
2024-11-11,4. Quintile Low Vol,-0.05328731681488073
2024-11-12,4. Quintile Low Vol,-0.05819592192424627
2024-11-13,4. Quintile Low Vol,-0.06053838849883099
2024-11-14,4. Quintile Low Vol,-0.06416688467928741
2024-11-15,4. Quintile Low Vol,-0.059494382054126056
2024-11-18,4. Quintile Low Vol,-0.05634197321166118
2024-11-19,4. Quintile Low Vol,-0.057590125335555964
2024-11-20,4. Quintile Low Vol,-0.05930769564799651
2024-11-21,4. Quintile Low Vol,-0.04917899788313891
2024-11-22,4. Quintile Low Vol,-0.04128969485654402
2024-11-25,4. Quintile Low Vol,-0.03438855832398018
2024-11-26,4. Quintile Low Vol,-0.03206761115369988
2024-11-27,4. Quintile Low Vol,-0.02914380108759444
2024-11-29,4. Quintile Low Vol,-0.0307885255476025
2024-12-02,4. Quintile Low Vol,-0.03273146853805218
2024-12-03,4. Quintile Low Vol,-0.04547404453248184
2024-12-04,4. Quintile Low Vol,-0.05572570236940437
2024-12-05,4. Quintile Low Vol,-0.05164320508940173
2024-12-06,4. Quintile Low Vol,-0.054528013062761574
2024-12-09,4. Quintile Low Vol,-0.0609829348017584
2024-12-10,4. Quintile Low Vol,-0.05531263427466091
2024-12-11,4. Quintile Low Vol,-0.05977882008218351
2024-12-12,4. Quintile Low Vol,-0.056996197160028225
2024-12-13,4. Quintile Low Vol,-0.060267786517644736
2024-12-16,4. Quintile Low Vol,-0.06562988753231351
2024-12-17,4. Quintile Low Vol,-0.059666631136896964
2024-12-18,4. Quintile Low Vol,-0.07128950157710927
2024-12-19,4. Quintile Low Vol,-0.07261779488235985
2024-12-20,4. Quintile Low Vol,-0.0701757168752273
2024-12-23,4. Quintile Low Vol,-0.06901499046705525
2024-12-24,4. Quintile Low Vol,-0.062054231913931564
2024-12-26,4. Quintile Low Vol,-0.0614395594773022
2024-12-27,4. Quintile Low Vol,-0.06549652631582568
2024-12-30,4. Quintile Low Vol,-0.076252941784139
2024-12-31,4. Quintile Low Vol,-0.07223979824497936
2025-01-02,4. Quintile Low Vol,-0.07900277837685798
2025-01-03,4. Quintile Low Vol,-0.08076908169831604
2025-01-06,4. Quintile Low Vol,-0.09584553377110756
2025-01-07,4. Quintile Low Vol,-0.0911358185350218
2025-01-08,4. Quintile Low Vol,-0.09054454254232903
2025-01-10,4. Quintile Low Vol,-0.10385704991153971
2025-01-13,4. Quintile Low Vol,-0.09772765146820048
2025-01-14,4. Quintile Low Vol,-0.09266786011601345
2025-01-15,4. Quintile Low Vol,-0.08677576252489635
2025-01-16,4. Quintile Low Vol,-0.07931996209750454
2025-01-17,4. Quintile Low Vol,-0.07720747117178794
2025-01-21,4. Quintile Low Vol,-0.07400479797997432
2025-01-22,4. Quintile Low Vol,-0.0767025255504352
2025-01-23,4. Quintile Low Vol,-0.07000353001702349
2025-01-24,4. Quintile Low Vol,-0.07163370825568709
2025-01-27,4. Quintile Low Vol,-0.04098472614182584
2025-01-28,4. Quintile Low Vol,-0.054959848054971935
2025-01-29,4. Quintile Low Vol,-0.051426122234664466
2025-01-30,4. Quintile Low Vol,-0.03447670802017884
2025-01-31,4. Quintile Low Vol,-0.04475541981581869
2025-02-03,4. Quintile Low Vol,-0.03748426619974488
2025-02-04,4. Quintile Low Vol,-0.04064270646635438
2025-02-05,4. Quintile Low Vol,-0.032495941206994026
2025-02-06,4. Quintile Low Vol,-0.03321305608267628
2025-02-07,4. Quintile Low Vol,-0.03563879218931061
2025-02-10,4. Quintile Low Vol,-0.03079308473844979
2025-02-11,4. Quintile Low Vol,-0.015258191385059999
2025-02-12,4. Quintile Low Vol,-0.012629271650529137
2025-02-13,4. Quintile Low Vol,-0.004051267594218808
2025-02-14,4. Quintile Low Vol,-0.020114155963798078
2025-02-18,4. Quintile Low Vol,-0.015755693243578183
2025-02-19,4. Quintile Low Vol,-0.006459101677277533
2025-02-20,4. Quintile Low Vol,-0.005427839014649583
2025-02-21,4. Quintile Low Vol,0.0
2025-02-24,4. Quintile Low Vol,0.0
2025-02-25,4. Quintile Low Vol,0.0
2025-02-26,4. Quintile Low Vol,-0.009998550345032832
2025-02-27,4. Quintile Low Vol,-0.006138952204140777
2025-02-28,4. Quintile Low Vol,0.0
2025-03-03,4. Quintile Low Vol,0.0
2025-03-04,4. Quintile Low Vol,-0.022596422613527158
2025-03-05,4. Quintile Low Vol,-0.01988774786213686
2025-03-06,4. Quintile Low Vol,-0.0215997455961062
2025-03-07,4. Quintile Low Vol,-0.016835979791867878
2025-03-10,4. Quintile Low Vol,-0.019503455108486077
2025-03-11,4. Quintile Low Vol,-0.033292471994322205
2025-03-12,4. Quintile Low Vol,-0.04839650011243913
2025-03-13,4. Quintile Low Vol,-0.051258045385001554
2025-03-14,4. Quintile Low Vol,-0.0501370398907431
2025-03-17,4. Quintile Low Vol,-0.042380717904379875
2025-03-18,4. Quintile Low Vol,-0.04643310884996593
2025-03-19,4. Quintile Low Vol,-0.04459489859092182
2025-03-20,4. Quintile Low Vol,-0.04438915086355426
2025-03-21,4. Quintile Low Vol,-0.04843980592299403
2025-03-24,4. Quintile Low Vol,-0.045603307110046246
2025-03-25,4. Quintile Low Vol,-0.05250915317773323
2025-03-26,4. Quintile Low Vol,-0.040500037513734745
2025-03-27,4. Quintile Low Vol,-0.02905572676491913
2025-03-28,4. Quintile Low Vol,-0.03850941203503702
2025-03-31,4. Quintile Low Vol,-0.039062909284935596
2025-04-01,4. Quintile Low Vol,-0.05912004088576415
2025-04-02,4. Quintile Low Vol,-0.05838338212020622
2025-04-03,4. Quintile Low Vol,-0.05785055663045196
2025-04-04,4. Quintile Low Vol,-0.11419030939695873
2025-04-07,4. Quintile Low Vol,-0.12564286650132586
2025-04-08,4. Quintile Low Vol,-0.13160732803190825
2025-04-09,4. Quintile Low Vol,-0.09292300182354107
2025-04-10,4. Quintile Low Vol,-0.10592882482189728
2025-04-11,4. Quintile Low Vol,-0.08867983670867643
2025-04-14,4. Quintile Low Vol,-0.07903519610158304
2025-04-15,4. Quintile Low Vol,-0.07949822125391867
2025-04-16,4. Quintile Low Vol,-0.08448697319482748
2025-04-17,4. Quintile Low Vol,-0.07436620920648486
2025-04-21,4. Quintile Low Vol,-0.08597072653695785
2025-04-22,4. Quintile Low Vol,-0.06532664737127863
2025-04-23,4. Quintile Low Vol,-0.06756317409165176
2025-04-24,4. Quintile Low Vol,-0.06752414887684845
2025-04-25,4. Quintile Low Vol,-0.07131742673774881
2025-04-28,4. Quintile Low Vol,-0.06855623708963429
2025-04-29,4. Quintile Low Vol,-0.0608386819864359
2025-04-30,4. Quintile Low Vol,-0.061382358456326086
2025-05-01,4. Quintile Low Vol,-0.07259209171390257
2025-05-02,4. Quintile Low Vol,-0.06268727723310766
2025-05-05,4. Quintile Low Vol,-0.06590742704904264
2025-05-06,4. Quintile Low Vol,-0.06694472117400353
2025-05-07,4. Quintile Low Vol,-0.057290932645063845
2025-05-08,4. Quintile Low Vol,-0.06432081660007266
2025-05-09,4. Quintile Low Vol,-0.06936600676155809
2025-05-12,4. Quintile Low Vol,-0.06388520683014264
2025-05-13,4. Quintile Low Vol,-0.07814545615051481
2025-05-14,4. Quintile Low Vol,-0.08306595821944
2025-05-15,4. Quintile Low Vol,-0.06009379714058846
2025-05-16,4. Quintile Low Vol,-0.05452891282642333
2025-05-19,4. Quintile Low Vol,-0.04952021651159555
2025-05-20,4. Quintile Low Vol,-0.049553526416108724
2025-05-21,4. Quintile Low Vol,-0.0550166333743524
2025-05-22,4. Quintile Low Vol,-0.05849121606906999
2025-05-23,4. Quintile Low Vol,-0.05756828900736217
2025-05-27,4. Quintile Low Vol,-0.04962664599472968
2025-05-28,4. Quintile Low Vol,-0.05288797858182062
2025-05-29,4. Quintile Low Vol,-0.047530339683145545
2025-05-30,4. Quintile Low Vol,-0.048086936950140324
2025-06-02,4. Quintile Low Vol,-0.05099831205048105
2025-06-03,4. Quintile Low Vol,-0.056227360862075325
2025-06-04,4. Quintile Low Vol,-0.057240888924847896
2025-06-05,4. Quintile Low Vol,-0.0633020909923808
2025-06-06,4. Quintile Low Vol,-0.05578766723844816
2025-06-09,4. Quintile Low Vol,-0.058461327361752684
2025-06-10,4. Quintile Low Vol,-0.051647463991910725
2025-06-11,4. Quintile Low Vol,-0.053719195110473565
2025-06-12,4. Quintile Low Vol,-0.050755606600243246
2025-06-13,4. Quintile Low Vol,-0.070269666729177
2025-06-16,4. Quintile Low Vol,-0.07224937653332066
2025-06-17,4. Quintile Low Vol,-0.08134770130127236
2025-06-18,4. Quintile Low Vol,-0.09731850165759998
2025-06-20,4. Quintile Low Vol,-0.09967707013644396
2025-06-23,4. Quintile Low Vol,-0.08824679425190401
2025-06-24,4. Quintile Low Vol,-0.08116086920007887
2025-06-25,4. Quintile Low Vol,-0.08903999892907612
2025-06-26,4. Quintile Low Vol,-0.0899571134404082
2025-06-27,4. Quintile Low Vol,-0.0830969921761976
2025-06-30,4. Quintile Low Vol,-0.08362081823845229
2025-07-01,4. Quintile Low Vol,-0.06907296156227018
2025-07-02,4. Quintile Low Vol,-0.07292334955668545
2025-07-03,4. Quintile Low Vol,-0.07146111131151953
2025-07-07,4. Quintile Low Vol,-0.0766738096973965
2025-07-08,4. Quintile Low Vol,-0.08223095410321389
2025-07-09,4. Quintile Low Vol,-0.0822771008951155
2025-07-10,4. Quintile Low Vol,-0.07641300887381981
2025-07-11,4. Quintile Low Vol,-0.08136579038164239
2025-07-14,4. Quintile Low Vol,-0.08749038307343508
2025-07-15,4. Quintile Low Vol,-0.09904786242534702
2025-07-16,4. Quintile Low Vol,-0.08418266005177534
2025-07-17,4. Quintile Low Vol,-0.07886250156201308
2025-07-18,4. Quintile Low Vol,-0.08070267123553752
2025-07-21,4. Quintile Low Vol,-0.0761992047433766
2025-07-22,4. Quintile Low Vol,-0.06307896311214956
2025-07-23,4. Quintile Low Vol,-0.0596621090992125
2025-07-24,4. Quintile Low Vol,-0.06044182449350166
2025-07-25,4. Quintile Low Vol,-0.061432920531910684
2025-07-28,4. Quintile Low Vol,-0.06858393027018238
2025-07-29,4. Quintile Low Vol,-0.062218776251823565
2025-07-30,4. Quintile Low Vol,-0.07419071938417543
2025-07-31,4. Quintile Low Vol,-0.08708337367002583
2025-08-01,4. Quintile Low Vol,-0.07594992328701763
2025-08-04,4. Quintile Low Vol,-0.06542373755371465
2025-08-05,4. Quintile Low Vol,-0.06307233642470252
2025-08-06,4. Quintile Low Vol,-0.05755690278829748
2025-08-07,4. Quintile Low Vol,-0.052652989460555966
2025-08-08,4. Quintile Low Vol,-0.04916427417772613
2025-08-11,4. Quintile Low Vol,-0.045185641365636686
2025-08-12,4. Quintile Low Vol,-0.04142215960509323
2025-08-13,4. Quintile Low Vol,-0.032320844718285835
2025-08-14,4. Quintile Low Vol,-0.041510665053163455
2025-08-15,4. Quintile Low Vol,-0.03712627411319048
2025-08-18,4. Quintile Low Vol,-0.04124031584353838
2025-08-19,4. Quintile Low Vol,-0.024003351884401877
2025-08-20,4. Quintile Low Vol,-0.022412487156916336
2025-08-21,4. Quintile Low Vol,-0.02605510518425596
2025-08-22,4. Quintile Low Vol,-0.01788399469077219
2025-08-25,4. Quintile Low Vol,-0.029150271675334186
2025-08-26,4. Quintile Low Vol,-0.03378878670001659
2025-08-27,4. Quintile Low Vol,-0.031152562211066916
2025-08-28,4. Quintile Low Vol,-0.037064927288802826
2025-08-29,4. Quintile Low Vol,-0.030867872833622148
2025-09-02,4. Quintile Low Vol,-0.028226248085829332
2025-09-03,4. Quintile Low Vol,-0.027408814567879674
2025-09-04,4. Quintile Low Vol,-0.024709995275278878
2025-09-05,4. Quintile Low Vol,-0.020411611659065045
2025-09-08,4. Quintile Low Vol,-0.023413186671400917
2025-09-09,4. Quintile Low Vol,-0.026004285532860636
2025-09-10,4. Quintile Low Vol,-0.032244657623455554
2025-09-11,4. Quintile Low Vol,-0.020613369808792165
2025-09-12,4. Quintile Low Vol,-0.02475673052222674
2025-09-15,4. Quintile Low Vol,-0.029866103732094525
2025-09-16,4. Quintile Low Vol,-0.0302119794647113
2025-09-17,4. Quintile Low Vol,-0.02601130012234267
2025-09-18,4. Quintile Low Vol,-0.03648308626669863
2025-09-19,4. Quintile Low Vol,-0.03649469829312594
2025-09-22,4. Quintile Low Vol,-0.04675896742959099
2025-09-23,4. Quintile Low Vol,-0.04308401161113985
2025-09-24,4. Quintile Low Vol,-0.04458916104193285
2025-09-25,4. Quintile Low Vol,-0.046390195640687554
2025-09-26,4. Quintile Low Vol,-0.04226915407947021
2025-09-29,4. Quintile Low Vol,-0.038779107215728366
2025-09-30,4. Quintile Low Vol,-0.03300334715068465
2025-10-01,4. Quintile Low Vol,-0.03635172184549298
2025-10-02,4. Quintile Low Vol,-0.041542409069709206
2025-10-03,4. Quintile Low Vol,-0.03542089659640109
2025-10-06,4. Quintile Low Vol,-0.04418173694596909
2025-10-07,4. Quintile Low Vol,-0.03936162519698713
2025-10-08,4. Quintile Low Vol,-0.04488171639567508
2025-10-09,4. Quintile Low Vol,-0.0459578402409987
2025-10-10,4. Quintile Low Vol,-0.04682072916162414
2025-10-13,4. Quintile Low Vol,-0.04823025473541783
2025-10-14,4. Quintile Low Vol,-0.03838169964432484
2025-10-15,4. Quintile Low Vol,-0.04143551272252754
2025-10-16,4. Quintile Low Vol,-0.03578992362512394
2025-10-17,4. Quintile Low Vol,-0.0259757709549025
2025-10-20,4. Quintile Low Vol,-0.026301598643065045
2025-10-21,4. Quintile Low Vol,-0.01928829766846619
2025-10-22,4. Quintile Low Vol,-0.019398132715011115
2025-10-23,4. Quintile Low Vol,-0.025371116774534
2025-10-24,4. Quintile Low Vol,-0.027788220192636534
2025-10-27,4. Quintile Low Vol,-0.028764930298299008
2025-10-28,4. Quintile Low Vol,-0.03373040696456195
2025-10-29,4. Quintile Low Vol,-0.04865107586466067
2025-10-30,4. Quintile Low Vol,-0.04082382736514548
2025-10-31,4. Quintile Low Vol,-0.04144066256003192
2025-11-03,4. Quintile Low Vol,-0.05209982268315366
2025-11-04,4. Quintile Low Vol,-0.05154246675307017
2025-11-05,4. Quintile Low Vol,-0.05867744379157847
2025-11-06,4. Quintile Low Vol,-0.05964824878749329
2025-11-07,4. Quintile Low Vol,-0.053744598619197684
2025-11-10,4. Quintile Low Vol,-0.04962185351187125
2025-11-11,4. Quintile Low Vol,-0.03285798180006442
2025-11-12,4. Quintile Low Vol,-0.03220100327393489
2025-11-13,4. Quintile Low Vol,-0.03635547923070526
2025-11-14,4. Quintile Low Vol,-0.032450657761655614
2025-11-17,4. Quintile Low Vol,-0.03368298284352918
2025-11-18,4. Quintile Low Vol,-0.03574894670998319
2025-11-19,4. Quintile Low Vol,-0.036033852024584576
2025-11-20,4. Quintile Low Vol,-0.03708547383671043
2025-11-21,4. Quintile Low Vol,-0.028544530708445672
2025-11-24,4. Quintile Low Vol,-0.03248023006812606
2025-11-25,4. Quintile Low Vol,-0.02783082202680481
2025-11-26,4. Quintile Low Vol,-0.022202976873467044
2015-11-30,5. Mean Reversion,0.0
2015-12-01,5. Mean Reversion,0.0
2015-12-02,5. Mean Reversion,0.0
2015-12-03,5. Mean Reversion,0.0
2015-12-04,5. Mean Reversion,0.0
2015-12-07,5. Mean Reversion,0.0
2015-12-08,5. Mean Reversion,0.0
2015-12-09,5. Mean Reversion,0.0
2015-12-10,5. Mean Reversion,0.0
2015-12-11,5. Mean Reversion,0.0
2015-12-14,5. Mean Reversion,0.0
2015-12-15,5. Mean Reversion,0.0
2015-12-16,5. Mean Reversion,0.0
2015-12-17,5. Mean Reversion,0.0
2015-12-18,5. Mean Reversion,0.0
2015-12-21,5. Mean Reversion,0.0
2015-12-22,5. Mean Reversion,0.0
2015-12-23,5. Mean Reversion,0.0
2015-12-24,5. Mean Reversion,0.0
2015-12-28,5. Mean Reversion,0.0
2015-12-29,5. Mean Reversion,0.0
2015-12-30,5. Mean Reversion,0.0
2015-12-31,5. Mean Reversion,-0.0010999999999999899
2016-01-04,5. Mean Reversion,-0.022641915012267533
2016-01-05,5. Mean Reversion,-0.025810712063516816
2016-01-06,5. Mean Reversion,-0.03061910224075448
2016-01-07,5. Mean Reversion,-0.055533901841983146
2016-01-08,5. Mean Reversion,-0.06658250873252614
2016-01-11,5. Mean Reversion,-0.06018912367219875
2016-01-12,5. Mean Reversion,-0.05016838847874938
2016-01-13,5. Mean Reversion,-0.08006291836535573
2016-01-14,5. Mean Reversion,-0.06631227564718079
2016-01-15,5. Mean Reversion,-0.09122149640643296
2016-01-19,5. Mean Reversion,-0.09096673001600475
2016-01-20,5. Mean Reversion,-0.10294102912248049
2016-01-21,5. Mean Reversion,-0.10301021399742183
2016-01-22,5. Mean Reversion,-0.0821236344905446
2016-01-25,5. Mean Reversion,-0.09641771776965558
2016-01-26,5. Mean Reversion,-0.08814526268329648
2016-01-27,5. Mean Reversion,-0.10868700098443662
2016-01-28,5. Mean Reversion,-0.09331624402591887
2016-01-29,5. Mean Reversion,-0.09369422510018344
2016-02-01,5. Mean Reversion,-0.0940637023184967
2016-02-02,5. Mean Reversion,-0.11878794472889287
2016-02-03,5. Mean Reversion,-0.12403834312126083
2016-02-04,5. Mean Reversion,-0.12529530464791527
2016-02-05,5. Mean Reversion,-0.1554348736835235
2016-02-08,5. Mean Reversion,-0.17597652234578676
2016-02-09,5. Mean Reversion,-0.17164494011265852
2016-02-10,5. Mean Reversion,-0.17316328159418337
2016-02-11,5. Mean Reversion,-0.18012639841039346
2016-02-12,5. Mean Reversion,-0.1625155432365255
2016-02-16,5. Mean Reversion,-0.1464605011057708
2016-02-17,5. Mean Reversion,-0.12604926458806598
2016-02-18,5. Mean Reversion,-0.1318242065099119
2016-02-19,5. Mean Reversion,-0.13040839999264664
2016-02-22,5. Mean Reversion,-0.11080964550145767
2016-02-23,5. Mean Reversion,-0.12325027536676281
2016-02-24,5. Mean Reversion,-0.11821007155401797
2016-02-25,5. Mean Reversion,-0.10514538602434476
2016-02-26,5. Mean Reversion,-0.10528158916709363
2016-02-29,5. Mean Reversion,-0.10581276084195623
2016-03-01,5. Mean Reversion,-0.07886636006738323
2016-03-02,5. Mean Reversion,-0.07591934861879024
2016-03-03,5. Mean Reversion,-0.07463758198842863
2016-03-04,5. Mean Reversion,-0.07244761915240394
2016-03-07,5. Mean Reversion,-0.08274798702714226
2016-03-08,5. Mean Reversion,-0.08930523573319227
2016-03-09,5. Mean Reversion,-0.08135598412290701
2016-03-10,5. Mean Reversion,-0.08364368118609511
2016-03-11,5. Mean Reversion,-0.06856873470690927
2016-03-14,5. Mean Reversion,-0.06643283742834916
2016-03-15,5. Mean Reversion,-0.06446734192257009
2016-03-16,5. Mean Reversion,-0.06290433175688914
2016-03-17,5. Mean Reversion,-0.06117972198479005
2016-03-18,5. Mean Reversion,-0.05674153767164625
2016-03-21,5. Mean Reversion,-0.05191705115551948
2016-03-22,5. Mean Reversion,-0.053114138463182914
2016-03-23,5. Mean Reversion,-0.05625292941988258
2016-03-24,5. Mean Reversion,-0.05277512081049118
2016-03-28,5. Mean Reversion,-0.05271157264171955
2016-03-29,5. Mean Reversion,-0.042181840968565254
2016-03-30,5. Mean Reversion,-0.04007430414025159
2016-03-31,5. Mean Reversion,-0.04068524784648919
2016-04-01,5. Mean Reversion,-0.030691116434976684
2016-04-04,5. Mean Reversion,-0.03425823400628414
2016-04-05,5. Mean Reversion,-0.03998034310280951
2016-04-06,5. Mean Reversion,-0.02747034556673078
2016-04-07,5. Mean Reversion,-0.038856961153886926
2016-04-08,5. Mean Reversion,-0.03923128307749246
2016-04-11,5. Mean Reversion,-0.042550302953120456
2016-04-12,5. Mean Reversion,-0.030724055402147732
2016-04-13,5. Mean Reversion,-0.014825709250902763
2016-04-14,5. Mean Reversion,-0.010190120857268892
2016-04-15,5. Mean Reversion,-0.010700042551939015
2016-04-18,5. Mean Reversion,-0.0032695435290115427
2016-04-19,5. Mean Reversion,-0.008336011890860973
2016-04-20,5. Mean Reversion,-0.002290737973998924
2016-04-21,5. Mean Reversion,-0.0055888272549230456
2016-04-22,5. Mean Reversion,-0.012772620798975454
2016-04-25,5. Mean Reversion,-0.01414327659186021
2016-04-26,5. Mean Reversion,-0.018828005143895155
2016-04-27,5. Mean Reversion,-0.02018129956149073
2016-04-28,5. Mean Reversion,-0.026309501146635772
2016-04-29,5. Mean Reversion,-0.02725155392637635
2016-05-02,5. Mean Reversion,-0.015681442420367064
2016-05-03,5. Mean Reversion,-0.02440609210434941
2016-05-04,5. Mean Reversion,-0.028236860153592613
2016-05-05,5. Mean Reversion,-0.032060859045238366
2016-05-06,5. Mean Reversion,-0.02346634752118848
2016-05-09,5. Mean Reversion,-0.023907173525963277
2016-05-10,5. Mean Reversion,-0.012081843895692446
2016-05-11,5. Mean Reversion,-0.0242802105430886
2016-05-12,5. Mean Reversion,-0.027746890097282484
2016-05-13,5. Mean Reversion,-0.02661984331700107
2016-05-16,5. Mean Reversion,-0.013922125576633304
2016-05-17,5. Mean Reversion,-0.025514133190765453
2016-05-18,5. Mean Reversion,-0.02001621580268287
2016-05-19,5. Mean Reversion,-0.017223597408945523
2016-05-20,5. Mean Reversion,-0.008455926574645556
2016-05-23,5. Mean Reversion,-0.008935954671233315
2016-05-24,5. Mean Reversion,0.0
2016-05-25,5. Mean Reversion,0.0
2016-05-26,5. Mean Reversion,0.0
2016-05-27,5. Mean Reversion,0.0
2016-05-31,5. Mean Reversion,-0.0008838837451617164
2016-06-01,5. Mean Reversion,-0.0021242785069567637
2016-06-02,5. Mean Reversion,0.0
2016-06-03,5. Mean Reversion,-0.004487889579213378
2016-06-06,5. Mean Reversion,-0.0006244386766124037
2016-06-07,5. Mean Reversion,0.0
2016-06-08,5. Mean Reversion,0.0
2016-06-09,5. Mean Reversion,-0.004161325497909806
2016-06-10,5. Mean Reversion,-0.015954141546544575
2016-06-13,5. Mean Reversion,-0.024985388118606466
2016-06-14,5. Mean Reversion,-0.027648037251741826
2016-06-15,5. Mean Reversion,-0.027932254486406745
2016-06-16,5. Mean Reversion,-0.02426002215146487
2016-06-17,5. Mean Reversion,-0.031078696150223354
2016-06-20,5. Mean Reversion,-0.02527879996415542
2016-06-21,5. Mean Reversion,-0.022522562637973895
2016-06-22,5. Mean Reversion,-0.03462462934811433
2016-06-23,5. Mean Reversion,-0.024856672166456775
2016-06-24,5. Mean Reversion,-0.055175486282962816
2016-06-27,5. Mean Reversion,-0.06796905815590552
2016-06-28,5. Mean Reversion,-0.049408731427933186
2016-06-29,5. Mean Reversion,-0.03307897551994824
2016-06-30,5. Mean Reversion,-0.03372268974849386
2016-07-01,5. Mean Reversion,-0.027031123163752096
2016-07-05,5. Mean Reversion,-0.030426796960319857
2016-07-06,5. Mean Reversion,-0.0284221958132047
2016-07-07,5. Mean Reversion,-0.02550659347912623
2016-07-08,5. Mean Reversion,-0.010582654393600002
2016-07-11,5. Mean Reversion,-0.005360040130505742
2016-07-12,5. Mean Reversion,0.0
2016-07-13,5. Mean Reversion,-0.0022098741148031983
2016-07-14,5. Mean Reversion,0.0
2016-07-15,5. Mean Reversion,-0.0015259611251942184
2016-07-18,5. Mean Reversion,0.0
2016-07-19,5. Mean Reversion,-0.008078745704958212
2016-07-20,5. Mean Reversion,0.0
2016-07-21,5. Mean Reversion,-0.008552851768719968
2016-07-22,5. Mean Reversion,-0.0024311084911380334
2016-07-25,5. Mean Reversion,-0.0013986891095508476
2016-07-26,5. Mean Reversion,0.0
2016-07-27,5. Mean Reversion,0.0
2016-07-28,5. Mean Reversion,0.0
2016-07-29,5. Mean Reversion,-0.0006671363274311577
2016-08-01,5. Mean Reversion,-0.0003679968238174037
2016-08-02,5. Mean Reversion,-0.004036717660106126
2016-08-03,5. Mean Reversion,-0.0023535686391442166
2016-08-04,5. Mean Reversion,0.0
2016-08-05,5. Mean Reversion,0.0
2016-08-08,5. Mean Reversion,-0.002066647028883866
2016-08-09,5. Mean Reversion,-0.0007690032539579574
2016-08-10,5. Mean Reversion,-0.004768919093010362
2016-08-11,5. Mean Reversion,-0.00099972338922174
2016-08-12,5. Mean Reversion,0.0
2016-08-15,5. Mean Reversion,0.0
2016-08-16,5. Mean Reversion,-0.004107855561371988
2016-08-17,5. Mean Reversion,-0.0012243099736628333
2016-08-18,5. Mean Reversion,-0.00019455269485610426
2016-08-19,5. Mean Reversion,-0.0038367043497187637
2016-08-22,5. Mean Reversion,-0.005397162751485218
2016-08-23,5. Mean Reversion,-0.003314402431135313
2016-08-24,5. Mean Reversion,-0.006118259470681188
2016-08-25,5. Mean Reversion,-0.005719569837545555
2016-08-26,5. Mean Reversion,-0.00504332408770874
2016-08-29,5. Mean Reversion,-0.002191280911181414
2016-08-30,5. Mean Reversion,-0.003774934472393413
2016-08-31,5. Mean Reversion,-0.004455155113398679
2016-09-01,5. Mean Reversion,-0.0060973425600428476
2016-09-02,5. Mean Reversion,-0.004657436039993519
2016-09-06,5. Mean Reversion,0.0
2016-09-07,5. Mean Reversion,-0.002730076966465957
2016-09-08,5. Mean Reversion,-0.0067708027543194
2016-09-09,5. Mean Reversion,-0.02806173882906816
2016-09-12,5. Mean Reversion,-0.012686422747616393
2016-09-13,5. Mean Reversion,-0.02545098933862034
2016-09-14,5. Mean Reversion,-0.024032187400429256
2016-09-15,5. Mean Reversion,-0.013356838193145646
2016-09-16,5. Mean Reversion,-0.012114919340191986
2016-09-19,5. Mean Reversion,-0.014620570373874911
2016-09-20,5. Mean Reversion,-0.013882092281534423
2016-09-21,5. Mean Reversion,-0.008957567000988154
2016-09-22,5. Mean Reversion,-0.0025651841580501236
2016-09-23,5. Mean Reversion,-0.006100215192366351
2016-09-26,5. Mean Reversion,-0.015088499430551065
2016-09-27,5. Mean Reversion,-0.007241896728476531
2016-09-28,5. Mean Reversion,-0.001859447306513423
2016-09-29,5. Mean Reversion,-0.01289906557564128
2016-09-30,5. Mean Reversion,-0.013386317668259519
2016-10-03,5. Mean Reversion,-0.009937635210679823
2016-10-04,5. Mean Reversion,-0.011394413250516012
2016-10-05,5. Mean Reversion,-0.006425637890986177
2016-10-06,5. Mean Reversion,-0.00891171524238921
2016-10-07,5. Mean Reversion,-0.012736406909342692
2016-10-10,5. Mean Reversion,-0.008806498231648962
2016-10-11,5. Mean Reversion,-0.018920187630059482
2016-10-12,5. Mean Reversion,-0.018757499723954487
2016-10-13,5. Mean Reversion,-0.022600184941199777
2016-10-14,5. Mean Reversion,-0.021981408388584592
2016-10-17,5. Mean Reversion,-0.02578671419631352
2016-10-18,5. Mean Reversion,-0.010877641328695717
2016-10-19,5. Mean Reversion,-0.0052128609481368994
2016-10-20,5. Mean Reversion,-0.006422937870016348
2016-10-21,5. Mean Reversion,-0.0014293939913151007
2016-10-24,5. Mean Reversion,0.0
2016-10-25,5. Mean Reversion,-0.0035581460944152316
2016-10-26,5. Mean Reversion,-0.002878496872795076
2016-10-27,5. Mean Reversion,-0.0036357965915781026
2016-10-28,5. Mean Reversion,-0.007178471331538214
2016-10-31,5. Mean Reversion,-0.007807236080541085
2016-11-01,5. Mean Reversion,-0.018648263202790567
2016-11-02,5. Mean Reversion,-0.026220293962712735
2016-11-03,5. Mean Reversion,-0.031202262181375704
2016-11-04,5. Mean Reversion,-0.03405443087069736
2016-11-07,5. Mean Reversion,-0.013744585567579733
2016-11-08,5. Mean Reversion,-0.01131220356879011
2016-11-09,5. Mean Reversion,-0.00342923219355406
2016-11-10,5. Mean Reversion,-0.009435446709929818
2016-11-11,5. Mean Reversion,-0.0028680657924314915
2016-11-14,5. Mean Reversion,-0.018975349241664986
2016-11-15,5. Mean Reversion,-0.011560332271108545
2016-11-16,5. Mean Reversion,-0.007464044760302448
2016-11-17,5. Mean Reversion,-0.003940508005208968
2016-11-18,5. Mean Reversion,-0.009623126140392048
2016-11-21,5. Mean Reversion,-0.0015824349361642806
2016-11-22,5. Mean Reversion,0.0
2016-11-23,5. Mean Reversion,0.0
2016-11-25,5. Mean Reversion,0.0
2016-11-28,5. Mean Reversion,-0.004942150500363629
2016-11-29,5. Mean Reversion,-0.007556391872987204
2016-11-30,5. Mean Reversion,-0.008156406223949522
2016-12-01,5. Mean Reversion,-0.02108984335256455
2016-12-02,5. Mean Reversion,-0.016458977302432884
2016-12-05,5. Mean Reversion,-0.006427154084665264
2016-12-06,5. Mean Reversion,-0.0035770013477129975
2016-12-07,5. Mean Reversion,0.0
2016-12-08,5. Mean Reversion,-0.0025162423005153536
2016-12-09,5. Mean Reversion,0.0
2016-12-12,5. Mean Reversion,0.0
2016-12-13,5. Mean Reversion,0.0
2016-12-14,5. Mean Reversion,-0.001979090719112926
2016-12-15,5. Mean Reversion,0.0
2016-12-16,5. Mean Reversion,-0.001151386993952055
2016-12-19,5. Mean Reversion,0.0
2016-12-20,5. Mean Reversion,0.0
2016-12-21,5. Mean Reversion,-0.0016632729337756112
2016-12-22,5. Mean Reversion,-0.004607524695861004
2016-12-23,5. Mean Reversion,-0.0017808849864002474
2016-12-27,5. Mean Reversion,0.0
2016-12-28,5. Mean Reversion,-0.008533061891016163
2016-12-29,5. Mean Reversion,-0.00967372716025562
2016-12-30,5. Mean Reversion,-0.010129492480614581
2017-01-03,5. Mean Reversion,-0.0011252057803820853
2017-01-04,5. Mean Reversion,0.0
2017-01-05,5. Mean Reversion,0.0
2017-01-06,5. Mean Reversion,0.0
2017-01-09,5. Mean Reversion,0.0
2017-01-10,5. Mean Reversion,-0.0027049986972093533
2017-01-11,5. Mean Reversion,0.0
2017-01-12,5. Mean Reversion,-0.001771160773265026
2017-01-13,5. Mean Reversion,0.0
2017-01-17,5. Mean Reversion,-0.0020712439893469784
2017-01-18,5. Mean Reversion,-0.0005349444833058809
2017-01-19,5. Mean Reversion,-0.0012875416772602224
2017-01-20,5. Mean Reversion,0.0
2017-01-23,5. Mean Reversion,0.0
2017-01-24,5. Mean Reversion,0.0
2017-01-25,5. Mean Reversion,0.0
2017-01-26,5. Mean Reversion,0.0
2017-01-27,5. Mean Reversion,0.0
2017-01-30,5. Mean Reversion,-0.005383584553598547
2017-01-31,5. Mean Reversion,-0.006029010977569154
2017-02-01,5. Mean Reversion,-0.0045551193179538315
2017-02-02,5. Mean Reversion,-0.0027456942962906096
2017-02-03,5. Mean Reversion,0.0
2017-02-06,5. Mean Reversion,0.0
2017-02-07,5. Mean Reversion,0.0
2017-02-08,5. Mean Reversion,-0.0007848973235570113
2017-02-09,5. Mean Reversion,0.0
2017-02-10,5. Mean Reversion,-0.002224510903339034
2017-02-13,5. Mean Reversion,-0.0003844855363214333
2017-02-14,5. Mean Reversion,0.0
2017-02-15,5. Mean Reversion,0.0
2017-02-16,5. Mean Reversion,-0.00012008795835181768
2017-02-17,5. Mean Reversion,0.0
2017-02-21,5. Mean Reversion,0.0
2017-02-22,5. Mean Reversion,-0.0010010162926018932
2017-02-23,5. Mean Reversion,-0.004522954084544099
2017-02-24,5. Mean Reversion,-0.003100863699175247
2017-02-27,5. Mean Reversion,-0.0016054756408390544
2017-02-28,5. Mean Reversion,-0.002267705970877082
2017-03-01,5. Mean Reversion,0.0
2017-03-02,5. Mean Reversion,-0.0078017280351406725
2017-03-03,5. Mean Reversion,-0.007547775369223019
2017-03-06,5. Mean Reversion,-0.008811071327737273
2017-03-07,5. Mean Reversion,-0.009909618551636286
2017-03-08,5. Mean Reversion,-0.011293786541257933
2017-03-09,5. Mean Reversion,-0.010165830371611857
2017-03-10,5. Mean Reversion,-0.008092543223656903
2017-03-13,5. Mean Reversion,-0.0035339481310517353
2017-03-14,5. Mean Reversion,-0.0019343856574373089
2017-03-15,5. Mean Reversion,0.0
2017-03-16,5. Mean Reversion,0.0
2017-03-17,5. Mean Reversion,0.0
2017-03-20,5. Mean Reversion,0.0
2017-03-21,5. Mean Reversion,-0.016895941987002946
2017-03-22,5. Mean Reversion,-0.011313359026522914
2017-03-23,5. Mean Reversion,-0.01340585982731787
2017-03-24,5. Mean Reversion,-0.011715138063915564
2017-03-27,5. Mean Reversion,-0.007987340611233108
2017-03-28,5. Mean Reversion,-0.0005340563507601955
2017-03-29,5. Mean Reversion,0.0
2017-03-30,5. Mean Reversion,0.0
2017-03-31,5. Mean Reversion,-0.000805104708363866
2017-04-03,5. Mean Reversion,0.0
2017-04-04,5. Mean Reversion,-0.0007226882472003528
2017-04-05,5. Mean Reversion,-0.0047384814644403
2017-04-06,5. Mean Reversion,-0.003827723911737937
2017-04-07,5. Mean Reversion,-0.005008225374023087
2017-04-10,5. Mean Reversion,-0.0041463552702429044
2017-04-11,5. Mean Reversion,-0.005541314949821653
2017-04-12,5. Mean Reversion,-0.007872759941468684
2017-04-13,5. Mean Reversion,-0.013066699085702677
2017-04-17,5. Mean Reversion,-0.0031520983977015005
2017-04-18,5. Mean Reversion,-0.006316588119224538
2017-04-19,5. Mean Reversion,-0.01033570987834561
2017-04-20,5. Mean Reversion,-0.002869589652418545
2017-04-21,5. Mean Reversion,-0.005647366651721808
2017-04-24,5. Mean Reversion,0.0
2017-04-25,5. Mean Reversion,0.0
2017-04-26,5. Mean Reversion,-0.002333419304036131
2017-04-27,5. Mean Reversion,-0.002299535471393071
2017-04-28,5. Mean Reversion,-0.002900736522102543
2017-05-01,5. Mean Reversion,0.0
2017-05-02,5. Mean Reversion,-0.002846213543476811
2017-05-03,5. Mean Reversion,-0.0034684976464011124
2017-05-04,5. Mean Reversion,-0.005002722560413022
2017-05-05,5. Mean Reversion,-0.0031469366604683683
2017-05-08,5. Mean Reversion,-0.0002820230074640158
2017-05-09,5. Mean Reversion,0.0
2017-05-10,5. Mean Reversion,0.0
2017-05-11,5. Mean Reversion,0.0
2017-05-12,5. Mean Reversion,0.0
2017-05-15,5. Mean Reversion,0.0
2017-05-16,5. Mean Reversion,0.0
2017-05-17,5. Mean Reversion,-0.02591301073420064
2017-05-18,5. Mean Reversion,-0.018670705072202167
2017-05-19,5. Mean Reversion,-0.011779850015158043
2017-05-22,5. Mean Reversion,-0.008002532795944723
2017-05-23,5. Mean Reversion,-0.006930489813367587
2017-05-24,5. Mean Reversion,-0.0034571444241884757
2017-05-25,5. Mean Reversion,0.0
2017-05-26,5. Mean Reversion,0.0
2017-05-30,5. Mean Reversion,0.0
2017-05-31,5. Mean Reversion,-0.0007249433697457686
2017-06-01,5. Mean Reversion,0.0
2017-06-02,5. Mean Reversion,0.0
2017-06-05,5. Mean Reversion,0.0
2017-06-06,5. Mean Reversion,-0.0017952533389073832
2017-06-07,5. Mean Reversion,0.0
2017-06-08,5. Mean Reversion,0.0
2017-06-09,5. Mean Reversion,-0.002321197370735842
2017-06-12,5. Mean Reversion,-0.004924581944223556
2017-06-13,5. Mean Reversion,0.0
2017-06-14,5. Mean Reversion,0.0
2017-06-15,5. Mean Reversion,-0.0034657033384186743
2017-06-16,5. Mean Reversion,-0.004142341790920708
2017-06-19,5. Mean Reversion,0.0
2017-06-20,5. Mean Reversion,-0.005243505815753203
2017-06-21,5. Mean Reversion,-0.002763624494183788
2017-06-22,5. Mean Reversion,-0.004443897649836573
2017-06-23,5. Mean Reversion,-0.003021854409101487
2017-06-26,5. Mean Reversion,-0.005017645048710271
2017-06-27,5. Mean Reversion,-0.012703488993099683
2017-06-28,5. Mean Reversion,-0.000544696517286312
2017-06-29,5. Mean Reversion,-0.009012921263012529
2017-06-30,5. Mean Reversion,-0.009757808891702698
2017-07-03,5. Mean Reversion,-0.015235936632197036
2017-07-05,5. Mean Reversion,-0.013251442801568425
2017-07-06,5. Mean Reversion,-0.022148829141411263
2017-07-07,5. Mean Reversion,-0.013401995734746586
2017-07-10,5. Mean Reversion,-0.008029269597198376
2017-07-11,5. Mean Reversion,-0.004231854190651786
2017-07-12,5. Mean Reversion,0.0
2017-07-13,5. Mean Reversion,0.0
2017-07-14,5. Mean Reversion,0.0
2017-07-17,5. Mean Reversion,0.0
2017-07-18,5. Mean Reversion,0.0
2017-07-19,5. Mean Reversion,0.0
2017-07-20,5. Mean Reversion,-0.00012730732422572375
2017-07-21,5. Mean Reversion,0.0
2017-07-24,5. Mean Reversion,0.0
2017-07-25,5. Mean Reversion,0.0
2017-07-26,5. Mean Reversion,0.0
2017-07-27,5. Mean Reversion,-0.004446382193151577
2017-07-28,5. Mean Reversion,-0.005399342417487708
2017-07-31,5. Mean Reversion,-0.006217001723573202
2017-08-01,5. Mean Reversion,-0.0031500328460985112
2017-08-02,5. Mean Reversion,0.0
2017-08-03,5. Mean Reversion,0.0
2017-08-04,5. Mean Reversion,0.0
2017-08-07,5. Mean Reversion,0.0
2017-08-08,5. Mean Reversion,0.0
2017-08-09,5. Mean Reversion,-0.0010697631434663762
2017-08-10,5. Mean Reversion,-0.017102487207099008
2017-08-11,5. Mean Reversion,-0.017793836186005517
2017-08-14,5. Mean Reversion,-0.007398434460565258
2017-08-15,5. Mean Reversion,-0.009458248061401659
2017-08-16,5. Mean Reversion,-0.009153026023871838
2017-08-17,5. Mean Reversion,-0.025956895824206242
2017-08-18,5. Mean Reversion,-0.029727445145275165
2017-08-21,5. Mean Reversion,-0.032776080420359725
2017-08-22,5. Mean Reversion,-0.021776838889577106
2017-08-23,5. Mean Reversion,-0.020554778551556588
2017-08-24,5. Mean Reversion,-0.023081989441442022
2017-08-25,5. Mean Reversion,-0.024280764954261368
2017-08-28,5. Mean Reversion,-0.023763644170199237
2017-08-29,5. Mean Reversion,-0.022629165386288234
2017-08-30,5. Mean Reversion,-0.018122268947083665
2017-08-31,5. Mean Reversion,-0.01886987786453013
2017-09-01,5. Mean Reversion,-0.016208305252464455
2017-09-05,5. Mean Reversion,-0.020064857925357987
2017-09-06,5. Mean Reversion,-0.01167843752667335
2017-09-07,5. Mean Reversion,-0.01547557734003796
2017-09-08,5. Mean Reversion,-0.021035293046286815
2017-09-11,5. Mean Reversion,-0.010458497662704873
2017-09-12,5. Mean Reversion,-0.0030373593496574526
2017-09-13,5. Mean Reversion,0.0
2017-09-14,5. Mean Reversion,-0.003291598756477966
2017-09-15,5. Mean Reversion,0.0
2017-09-18,5. Mean Reversion,0.0
2017-09-19,5. Mean Reversion,0.0
2017-09-20,5. Mean Reversion,0.0
2017-09-21,5. Mean Reversion,-0.003196832101433536
2017-09-22,5. Mean Reversion,-0.00641058605738362
2017-09-25,5. Mean Reversion,-0.013685355473965903
2017-09-26,5. Mean Reversion,-0.014100967662388187
2017-09-27,5. Mean Reversion,-0.006320310937655017
2017-09-28,5. Mean Reversion,-0.005184582265427657
2017-09-29,5. Mean Reversion,-0.006071533162276033
2017-10-02,5. Mean Reversion,-0.004426541853543123
2017-10-03,5. Mean Reversion,0.0
2017-10-04,5. Mean Reversion,0.0
2017-10-05,5. Mean Reversion,0.0
2017-10-06,5. Mean Reversion,0.0
2017-10-09,5. Mean Reversion,-0.000944720695258417
2017-10-10,5. Mean Reversion,0.0
2017-10-11,5. Mean Reversion,0.0
2017-10-12,5. Mean Reversion,-0.0005222890236694383
2017-10-13,5. Mean Reversion,0.0
2017-10-16,5. Mean Reversion,0.0
2017-10-17,5. Mean Reversion,0.0
2017-10-18,5. Mean Reversion,-0.0010703332554268974
2017-10-19,5. Mean Reversion,-0.00537447055560545
2017-10-20,5. Mean Reversion,-0.005712287346320594
2017-10-23,5. Mean Reversion,-0.01061272460062753
2017-10-24,5. Mean Reversion,-0.008127560405194686
2017-10-25,5. Mean Reversion,-0.012450575465259238
2017-10-26,5. Mean Reversion,-0.009440829660393455
2017-10-27,5. Mean Reversion,0.0
2017-10-30,5. Mean Reversion,-8.850290499377332e-05
2017-10-31,5. Mean Reversion,-0.0007418989288949241
2017-11-01,5. Mean Reversion,0.0
2017-11-02,5. Mean Reversion,-0.0071385688745983795
2017-11-03,5. Mean Reversion,-0.0016801307720197358
2017-11-06,5. Mean Reversion,-0.0019252091753457646
2017-11-07,5. Mean Reversion,-0.0005910246066755622
2017-11-08,5. Mean Reversion,0.0
2017-11-09,5. Mean Reversion,-0.0014563768918758324
2017-11-10,5. Mean Reversion,-6.856926368366599e-06
2017-11-13,5. Mean Reversion,0.0
2017-11-14,5. Mean Reversion,-0.0022356586395173815
2017-11-15,5. Mean Reversion,-0.006136218857418728
2017-11-16,5. Mean Reversion,0.0
2017-11-17,5. Mean Reversion,-0.005666983916695469
2017-11-20,5. Mean Reversion,-0.0066887848437846694
2017-11-21,5. Mean Reversion,0.0
2017-11-22,5. Mean Reversion,-0.0029725495988642357
2017-11-24,5. Mean Reversion,0.0
2017-11-27,5. Mean Reversion,0.0
2017-11-28,5. Mean Reversion,0.0
2017-11-29,5. Mean Reversion,-0.007042133278923285
2017-11-30,5. Mean Reversion,-0.007918146979497196
2017-12-01,5. Mean Reversion,-0.012380552173384697
2017-12-04,5. Mean Reversion,-0.024553211986887317
2017-12-05,5. Mean Reversion,-0.022825203897625525
2017-12-06,5. Mean Reversion,-0.015369007620411783
2017-12-07,5. Mean Reversion,-0.01244395004296515
2017-12-08,5. Mean Reversion,-0.007750537773300793
2017-12-11,5. Mean Reversion,-0.0005967937164003024
2017-12-12,5. Mean Reversion,0.0
2017-12-13,5. Mean Reversion,-0.00045553283335751454
2017-12-14,5. Mean Reversion,-0.0008627552800007365
2017-12-15,5. Mean Reversion,0.0
2017-12-18,5. Mean Reversion,0.0
2017-12-19,5. Mean Reversion,-0.007491187509280391
2017-12-20,5. Mean Reversion,-0.009083463665602065
2017-12-21,5. Mean Reversion,-0.00821939245607052
2017-12-22,5. Mean Reversion,-0.01015396447924098
2017-12-26,5. Mean Reversion,-0.013954629402846773
2017-12-27,5. Mean Reversion,-0.01486782155301533
2017-12-28,5. Mean Reversion,-0.010232960956330148
2017-12-29,5. Mean Reversion,-0.010625418103618056
2018-01-02,5. Mean Reversion,0.0
2018-01-03,5. Mean Reversion,0.0
2018-01-04,5. Mean Reversion,0.0
2018-01-05,5. Mean Reversion,0.0
2018-01-08,5. Mean Reversion,0.0
2018-01-09,5. Mean Reversion,-0.0005786866571724007
2018-01-10,5. Mean Reversion,0.0
2018-01-11,5. Mean Reversion,0.0
2018-01-12,5. Mean Reversion,0.0
2018-01-16,5. Mean Reversion,-0.0015826665406374833
2018-01-17,5. Mean Reversion,0.0
2018-01-18,5. Mean Reversion,0.0
2018-01-19,5. Mean Reversion,0.0
2018-01-22,5. Mean Reversion,0.0
2018-01-23,5. Mean Reversion,0.0
2018-01-24,5. Mean Reversion,-0.0007629351653222642
2018-01-25,5. Mean Reversion,0.0
2018-01-26,5. Mean Reversion,0.0
2018-01-29,5. Mean Reversion,-0.00011866037912171984
2018-01-30,5. Mean Reversion,-0.010110670849903641
2018-01-31,5. Mean Reversion,-0.010597718773282689
2018-02-01,5. Mean Reversion,-0.0070867012530476566
2018-02-02,5. Mean Reversion,-0.029262896240134915
2018-02-05,5. Mean Reversion,-0.07282353512817831
2018-02-06,5. Mean Reversion,-0.053865707486376285
2018-02-07,5. Mean Reversion,-0.0589655523729327
2018-02-08,5. Mean Reversion,-0.09656270894513841
2018-02-09,5. Mean Reversion,-0.08433397454484494
2018-02-12,5. Mean Reversion,-0.0723511675707379
2018-02-13,5. Mean Reversion,-0.06828153828565213
2018-02-14,5. Mean Reversion,-0.058798299065692734
2018-02-15,5. Mean Reversion,-0.04409762726590987
2018-02-16,5. Mean Reversion,-0.04147433628715125
2018-02-20,5. Mean Reversion,-0.05127268936611261
2018-02-21,5. Mean Reversion,-0.059439154172612745
2018-02-22,5. Mean Reversion,-0.05412605844785153
2018-02-23,5. Mean Reversion,-0.038991029243659374
2018-02-26,5. Mean Reversion,-0.027452665173674205
2018-02-27,5. Mean Reversion,-0.040902675570223125
2018-02-28,5. Mean Reversion,-0.04132504153551267
2018-03-01,5. Mean Reversion,-0.053468647436709045
2018-03-02,5. Mean Reversion,-0.04773008541933336
2018-03-05,5. Mean Reversion,-0.038213323860143006
2018-03-06,5. Mean Reversion,-0.0390058233112352
2018-03-07,5. Mean Reversion,-0.04329081367306865
2018-03-08,5. Mean Reversion,-0.03831162498707017
2018-03-09,5. Mean Reversion,-0.025707385701617316
2018-03-12,5. Mean Reversion,-0.026436192620487166
2018-03-13,5. Mean Reversion,-0.03231805719900326
2018-03-14,5. Mean Reversion,-0.03959708603218594
2018-03-15,5. Mean Reversion,-0.03832626695211155
2018-03-16,5. Mean Reversion,-0.0353761118039454
2018-03-19,5. Mean Reversion,-0.052136155242647385
2018-03-20,5. Mean Reversion,-0.051015860981889746
2018-03-21,5. Mean Reversion,-0.05139910479666215
2018-03-22,5. Mean Reversion,-0.07075116407112698
2018-03-23,5. Mean Reversion,-0.0895785986711952
2018-03-26,5. Mean Reversion,-0.06925101603715118
2018-03-27,5. Mean Reversion,-0.08535112842465374
2018-03-28,5. Mean Reversion,-0.08647199166612465
2018-03-29,5. Mean Reversion,-0.08732457098517325
2018-04-02,5. Mean Reversion,-0.1130970654819547
2018-04-03,5. Mean Reversion,-0.09688269531989009
2018-04-04,5. Mean Reversion,-0.07922908105367976
2018-04-05,5. Mean Reversion,-0.06307628288446568
2018-04-06,5. Mean Reversion,-0.08374216836272161
2018-04-09,5. Mean Reversion,-0.08469181127197535
2018-04-10,5. Mean Reversion,-0.06052256766703409
2018-04-11,5. Mean Reversion,-0.06727753409102422
2018-04-12,5. Mean Reversion,-0.06283672259252716
2018-04-13,5. Mean Reversion,-0.06393334991993355
2018-04-16,5. Mean Reversion,-0.0643010403859765
2018-04-17,5. Mean Reversion,-0.053853671245479816
2018-04-18,5. Mean Reversion,-0.05286601436573508
2018-04-19,5. Mean Reversion,-0.04860247446253785
2018-04-20,5. Mean Reversion,-0.060740780112097624
2018-04-23,5. Mean Reversion,-0.06585904485690634
2018-04-24,5. Mean Reversion,-0.079667282965229
2018-04-25,5. Mean Reversion,-0.08075834195342575
2018-04-26,5. Mean Reversion,-0.05979448918282002
2018-04-27,5. Mean Reversion,-0.057266152675102606
2018-04-30,5. Mean Reversion,-0.058107881765786046
2018-05-01,5. Mean Reversion,-0.055966774863985394
2018-05-02,5. Mean Reversion,-0.05995214601734403
2018-05-03,5. Mean Reversion,-0.060068811676796285
2018-05-04,5. Mean Reversion,-0.04395490921724196
2018-05-07,5. Mean Reversion,-0.039092930069832665
2018-05-08,5. Mean Reversion,-0.03861101800902193
2018-05-09,5. Mean Reversion,-0.029611178914903783
2018-05-10,5. Mean Reversion,-0.019510839808134686
2018-05-11,5. Mean Reversion,-0.020013925854776654
2018-05-14,5. Mean Reversion,-0.01948790614552835
2018-05-15,5. Mean Reversion,-0.02821855512867932
2018-05-16,5. Mean Reversion,-0.02386661782402836
2018-05-17,5. Mean Reversion,-0.026194413646892
2018-05-18,5. Mean Reversion,-0.032545431201652035
2018-05-21,5. Mean Reversion,-0.02580579069634035
2018-05-22,5. Mean Reversion,-0.02847399698575335
2018-05-23,5. Mean Reversion,-0.024372603976635914
2018-05-24,5. Mean Reversion,-0.028400379838849146
2018-05-25,5. Mean Reversion,-0.027959405531929646
2018-05-29,5. Mean Reversion,-0.03826299668504372
2018-05-30,5. Mean Reversion,-0.026256018065825712
2018-05-31,5. Mean Reversion,-0.027012709081497967
2018-06-01,5. Mean Reversion,-0.016167098763983187
2018-06-04,5. Mean Reversion,-0.005357124706438631
2018-06-05,5. Mean Reversion,-0.008910198240425583
2018-06-06,5. Mean Reversion,0.0
2018-06-07,5. Mean Reversion,0.0
2018-06-08,5. Mean Reversion,0.0
2018-06-11,5. Mean Reversion,0.0
2018-06-12,5. Mean Reversion,0.0
2018-06-13,5. Mean Reversion,-0.0004175193909605839
2018-06-14,5. Mean Reversion,0.0
2018-06-15,5. Mean Reversion,0.0
2018-06-18,5. Mean Reversion,0.0
2018-06-19,5. Mean Reversion,-0.00581376294830576
2018-06-20,5. Mean Reversion,-0.0019631170347547814
2018-06-21,5. Mean Reversion,-0.008715645597025451
2018-06-22,5. Mean Reversion,-0.012222173012674538
2018-06-25,5. Mean Reversion,-0.02123270088961108
2018-06-26,5. Mean Reversion,-0.017271189428989277
2018-06-27,5. Mean Reversion,-0.022283306271140196
2018-06-28,5. Mean Reversion,-0.014310865449974413
2018-06-29,5. Mean Reversion,-0.01513949059278703
2018-07-02,5. Mean Reversion,-0.008567280600815179
2018-07-03,5. Mean Reversion,-0.019924736172301043
2018-07-05,5. Mean Reversion,-0.008117756213074671
2018-07-06,5. Mean Reversion,0.0
2018-07-09,5. Mean Reversion,0.0
2018-07-10,5. Mean Reversion,0.0
2018-07-11,5. Mean Reversion,-0.004453270108634415
2018-07-12,5. Mean Reversion,0.0
2018-07-13,5. Mean Reversion,-0.001474598536161028
2018-07-16,5. Mean Reversion,0.0
2018-07-17,5. Mean Reversion,0.0
2018-07-18,5. Mean Reversion,-0.0006687914142579926
2018-07-19,5. Mean Reversion,-0.007493111610370506
2018-07-20,5. Mean Reversion,-0.0036751995878098655
2018-07-23,5. Mean Reversion,0.0
2018-07-24,5. Mean Reversion,0.0
2018-07-25,5. Mean Reversion,0.0
2018-07-26,5. Mean Reversion,-0.012851395362538634
2018-07-27,5. Mean Reversion,-0.02010601102533989
2018-07-30,5. Mean Reversion,-0.030274005463260055
2018-07-31,5. Mean Reversion,-0.031136543292284203
2018-08-01,5. Mean Reversion,-0.026085892427726687
2018-08-02,5. Mean Reversion,-0.0002304619398059661
2018-08-03,5. Mean Reversion,0.0
2018-08-06,5. Mean Reversion,0.0
2018-08-07,5. Mean Reversion,0.0
2018-08-08,5. Mean Reversion,-0.002495717843745392
2018-08-09,5. Mean Reversion,-0.010115521434589285
2018-08-10,5. Mean Reversion,-0.015430452442624733
2018-08-13,5. Mean Reversion,-0.018889937328867012
2018-08-14,5. Mean Reversion,-0.01870282199691034
2018-08-15,5. Mean Reversion,-0.03131641032801866
2018-08-16,5. Mean Reversion,-0.027687112189204954
2018-08-17,5. Mean Reversion,-0.04139470290311891
2018-08-20,5. Mean Reversion,-0.03646015852948245
2018-08-21,5. Mean Reversion,-0.02795697470252266
2018-08-22,5. Mean Reversion,-0.02160336683686354
2018-08-23,5. Mean Reversion,-0.023275393210907724
2018-08-24,5. Mean Reversion,-0.010084330930068363
2018-08-27,5. Mean Reversion,-0.002580497629303906
2018-08-28,5. Mean Reversion,-0.003743303412248591
2018-08-29,5. Mean Reversion,-0.00015655132965646876
2018-08-30,5. Mean Reversion,-0.00043815769381103987
2018-08-31,5. Mean Reversion,-0.0012015495100680172
2018-09-04,5. Mean Reversion,-0.006862639360690767
2018-09-05,5. Mean Reversion,-0.014142845333229927
2018-09-06,5. Mean Reversion,-0.01697280252862453
2018-09-07,5. Mean Reversion,-0.020989754276394185
2018-09-10,5. Mean Reversion,-0.012162452089715002
2018-09-11,5. Mean Reversion,-0.008456441774588711
2018-09-12,5. Mean Reversion,-0.007017113130409424
2018-09-13,5. Mean Reversion,-0.007335240375506989
2018-09-14,5. Mean Reversion,-0.0052718018491441625
2018-09-17,5. Mean Reversion,-0.008691013402744698
2018-09-18,5. Mean Reversion,-0.006978316544138281
2018-09-19,5. Mean Reversion,0.0
2018-09-20,5. Mean Reversion,0.0
2018-09-21,5. Mean Reversion,-0.002931323426199478
2018-09-24,5. Mean Reversion,-0.0033083546824596343
2018-09-25,5. Mean Reversion,-0.004003176528932712
2018-09-26,5. Mean Reversion,-0.0018293380898887336
2018-09-27,5. Mean Reversion,-0.00031809845598396375
2018-09-28,5. Mean Reversion,-0.0007799910559715285
2018-10-01,5. Mean Reversion,0.0
2018-10-02,5. Mean Reversion,-0.004601720635330708
2018-10-03,5. Mean Reversion,-0.005715772028735017
2018-10-04,5. Mean Reversion,-0.021205521248161358
2018-10-05,5. Mean Reversion,-0.03570872363011643
2018-10-08,5. Mean Reversion,-0.04019874237828687
2018-10-09,5. Mean Reversion,-0.03485876295463343
2018-10-10,5. Mean Reversion,-0.07004326355719676
2018-10-11,5. Mean Reversion,-0.08675546130474555
2018-10-12,5. Mean Reversion,-0.06911688529293604
2018-10-15,5. Mean Reversion,-0.07869861072663134
2018-10-16,5. Mean Reversion,-0.0525428483002204
2018-10-17,5. Mean Reversion,-0.04911267326827173
2018-10-18,5. Mean Reversion,-0.06851358105612454
2018-10-19,5. Mean Reversion,-0.06580131420031561
2018-10-22,5. Mean Reversion,-0.06821540219554294
2018-10-23,5. Mean Reversion,-0.06333748651675329
2018-10-24,5. Mean Reversion,-0.09396717492126762
2018-10-25,5. Mean Reversion,-0.06541192887532353
2018-10-26,5. Mean Reversion,-0.08029518830266154
2018-10-29,5. Mean Reversion,-0.0918007414130242
2018-10-30,5. Mean Reversion,-0.08052417253858715
2018-10-31,5. Mean Reversion,-0.08116744228452981
2018-11-01,5. Mean Reversion,-0.06543899266257974
2018-11-02,5. Mean Reversion,-0.07338723910494015
2018-11-05,5. Mean Reversion,-0.07372051319509472
2018-11-06,5. Mean Reversion,-0.07104571957047487
2018-11-07,5. Mean Reversion,-0.04476462051303741
2018-11-08,5. Mean Reversion,-0.05155311399282288
2018-11-09,5. Mean Reversion,-0.06321919091171933
2018-11-12,5. Mean Reversion,-0.09111076915362715
2018-11-13,5. Mean Reversion,-0.09046927539283148
2018-11-14,5. Mean Reversion,-0.09819644016548532
2018-11-15,5. Mean Reversion,-0.08774208490254688
2018-11-16,5. Mean Reversion,-0.10328054801754344
2018-11-19,5. Mean Reversion,-0.12952577207296598
2018-11-20,5. Mean Reversion,-0.1424135238970842
2018-11-21,5. Mean Reversion,-0.14297351893160973
2018-11-23,5. Mean Reversion,-0.15244678504306763
2018-11-26,5. Mean Reversion,-0.13228103878955938
2018-11-27,5. Mean Reversion,-0.12684386231925837
2018-11-28,5. Mean Reversion,-0.09888412834471816
2018-11-29,5. Mean Reversion,-0.1025667740593673
2018-11-30,5. Mean Reversion,-0.10304678745664075
2018-12-03,5. Mean Reversion,-0.08704257579870452
2018-12-04,5. Mean Reversion,-0.12145669507355662
2018-12-06,5. Mean Reversion,-0.11864579268728621
2018-12-07,5. Mean Reversion,-0.14477481542302448
2018-12-10,5. Mean Reversion,-0.13809773262353872
2018-12-11,5. Mean Reversion,-0.14068144345362793
2018-12-12,5. Mean Reversion,-0.13505158834605052
2018-12-13,5. Mean Reversion,-0.13158881704762934
2018-12-14,5. Mean Reversion,-0.14993455263912084
2018-12-17,5. Mean Reversion,-0.1681683031620876
2018-12-18,5. Mean Reversion,-0.16248453743695962
2018-12-19,5. Mean Reversion,-0.1820519036555362
2018-12-20,5. Mean Reversion,-0.19835726371871232
2018-12-21,5. Mean Reversion,-0.22232136757429674
2018-12-24,5. Mean Reversion,-0.2432367467348783
2018-12-26,5. Mean Reversion,-0.19479940073905413
2018-12-27,5. Mean Reversion,-0.19236453775934895
2018-12-28,5. Mean Reversion,-0.19075726945674334
2018-12-31,5. Mean Reversion,-0.1913133931312909
2019-01-02,5. Mean Reversion,-0.1849989286077274
2019-01-03,5. Mean Reversion,-0.20994813550585292
2019-01-04,5. Mean Reversion,-0.1790524413793483
2019-01-07,5. Mean Reversion,-0.17168479737937045
2019-01-08,5. Mean Reversion,-0.1672547537389656
2019-01-09,5. Mean Reversion,-0.16278196225854352
2019-01-10,5. Mean Reversion,-0.1611970234538291
2019-01-11,5. Mean Reversion,-0.16023514009725853
2019-01-14,5. Mean Reversion,-0.16128524259429683
2019-01-15,5. Mean Reversion,-0.15274112314946475
2019-01-16,5. Mean Reversion,-0.1465626881400247
2019-01-17,5. Mean Reversion,-0.1398828723827589
2019-01-18,5. Mean Reversion,-0.13068952999953573
2019-01-22,5. Mean Reversion,-0.1459706085958049
2019-01-23,5. Mean Reversion,-0.14645814878298086
2019-01-24,5. Mean Reversion,-0.1430928051834389
2019-01-25,5. Mean Reversion,-0.13408332988197966
2019-01-28,5. Mean Reversion,-0.14964342968326033
2019-01-29,5. Mean Reversion,-0.15553756686706313
2019-01-30,5. Mean Reversion,-0.14059770857411824
2019-01-31,5. Mean Reversion,-0.14132978501110496
2019-02-01,5. Mean Reversion,-0.13690191694070597
2019-02-04,5. Mean Reversion,-0.12901227051944666
2019-02-05,5. Mean Reversion,-0.12301119235338621
2019-02-06,5. Mean Reversion,-0.12584770295518713
2019-02-07,5. Mean Reversion,-0.1368131755939857
2019-02-08,5. Mean Reversion,-0.13611254900890174
2019-02-11,5. Mean Reversion,-0.13719439165583397
2019-02-12,5. Mean Reversion,-0.12807034125841876
2019-02-13,5. Mean Reversion,-0.12620944718758634
2019-02-14,5. Mean Reversion,-0.1317987546131956
2019-02-15,5. Mean Reversion,-0.12305234836018465
2019-02-19,5. Mean Reversion,-0.1216682156212595
2019-02-20,5. Mean Reversion,-0.12342085891472906
2019-02-21,5. Mean Reversion,-0.1275593633689692
2019-02-22,5. Mean Reversion,-0.11932773404073552
2019-02-25,5. Mean Reversion,-0.11912186018629439
2019-02-26,5. Mean Reversion,-0.11988437783059025
2019-02-27,5. Mean Reversion,-0.11700682618263668
2019-02-28,5. Mean Reversion,-0.11766030035977681
2019-03-01,5. Mean Reversion,-0.11704980664298532
2019-03-04,5. Mean Reversion,-0.11748948623162715
2019-03-05,5. Mean Reversion,-0.117023237105801
2019-03-06,5. Mean Reversion,-0.11970453127057418
2019-03-07,5. Mean Reversion,-0.1285909061564945
2019-03-08,5. Mean Reversion,-0.12915204991822665
2019-03-11,5. Mean Reversion,-0.11261666669779208
2019-03-12,5. Mean Reversion,-0.1118531074048818
2019-03-13,5. Mean Reversion,-0.10629447083407145
2019-03-14,5. Mean Reversion,-0.10862506294798621
2019-03-15,5. Mean Reversion,-0.1083583686607173
2019-03-18,5. Mean Reversion,-0.1069810956233049
2019-03-19,5. Mean Reversion,-0.10645411210196425
2019-03-20,5. Mean Reversion,-0.10485722389941764
2019-03-21,5. Mean Reversion,-0.10021292096602345
2019-03-22,5. Mean Reversion,-0.11724256160486202
2019-03-25,5. Mean Reversion,-0.11850137738874507
2019-03-26,5. Mean Reversion,-0.11161668590034245
2019-03-27,5. Mean Reversion,-0.11509273937205021
2019-03-28,5. Mean Reversion,-0.11162326649202722
2019-03-29,5. Mean Reversion,-0.11206740472761367
2019-04-01,5. Mean Reversion,-0.09649732435689731
2019-04-02,5. Mean Reversion,-0.0955931943971393
2019-04-03,5. Mean Reversion,-0.09185525878579028
2019-04-04,5. Mean Reversion,-0.09567440574178077
2019-04-05,5. Mean Reversion,-0.09195407657770147
2019-04-08,5. Mean Reversion,-0.09142449342083825
2019-04-09,5. Mean Reversion,-0.09351349506229759
2019-04-10,5. Mean Reversion,-0.09009713781052185
2019-04-11,5. Mean Reversion,-0.09132577231791396
2019-04-12,5. Mean Reversion,-0.07781249799437971
2019-04-15,5. Mean Reversion,-0.07776169474516072
2019-04-16,5. Mean Reversion,-0.0745185253830633
2019-04-17,5. Mean Reversion,-0.07185715330434807
2019-04-18,5. Mean Reversion,-0.07156808104501258
2019-04-22,5. Mean Reversion,-0.07042387481938155
2019-04-23,5. Mean Reversion,-0.06242573629952297
2019-04-24,5. Mean Reversion,-0.06623747697786833
2019-04-25,5. Mean Reversion,-0.0649339007280116
2019-04-26,5. Mean Reversion,-0.06641902778990413
2019-04-29,5. Mean Reversion,-0.062299772786858304
2019-04-30,5. Mean Reversion,-0.06305109404955574
2019-05-01,5. Mean Reversion,-0.0683850378671813
2019-05-02,5. Mean Reversion,-0.06432994439357358
2019-05-03,5. Mean Reversion,-0.052487870772415256
2019-05-06,5. Mean Reversion,-0.05583932641239952
2019-05-07,5. Mean Reversion,-0.07406865814228084
2019-05-08,5. Mean Reversion,-0.0760566477917315
2019-05-09,5. Mean Reversion,-0.08318128317887198
2019-05-10,5. Mean Reversion,-0.08337503050890244
2019-05-13,5. Mean Reversion,-0.10866081138443956
2019-05-14,5. Mean Reversion,-0.10263441051281263
2019-05-15,5. Mean Reversion,-0.09484098833320664
2019-05-16,5. Mean Reversion,-0.08960819759605763
2019-05-17,5. Mean Reversion,-0.10386170096815478
2019-05-20,5. Mean Reversion,-0.11305487416023566
2019-05-21,5. Mean Reversion,-0.10907029197746662
2019-05-22,5. Mean Reversion,-0.11468533611178584
2019-05-23,5. Mean Reversion,-0.1217707022458096
2019-05-24,5. Mean Reversion,-0.12396737334729431
2019-05-28,5. Mean Reversion,-0.13014177595303156
2019-05-29,5. Mean Reversion,-0.13879101284565512
2019-05-30,5. Mean Reversion,-0.13774495783173946
2019-05-31,5. Mean Reversion,-0.138357953302359
2019-06-03,5. Mean Reversion,-0.15007047952594157
2019-06-04,5. Mean Reversion,-0.11999083519046831
2019-06-05,5. Mean Reversion,-0.11601035309794809
2019-06-06,5. Mean Reversion,-0.10524171530308897
2019-06-07,5. Mean Reversion,-0.09681969286154922
2019-06-10,5. Mean Reversion,-0.08703786671328756
2019-06-11,5. Mean Reversion,-0.0821964633016787
2019-06-12,5. Mean Reversion,-0.09092533444463144
2019-06-13,5. Mean Reversion,-0.08399585493833941
2019-06-14,5. Mean Reversion,-0.08572866917290595
2019-06-17,5. Mean Reversion,-0.07760484534237108
2019-06-18,5. Mean Reversion,-0.0653927291045773
2019-06-19,5. Mean Reversion,-0.06458699404070634
2019-06-20,5. Mean Reversion,-0.059154289725919
2019-06-21,5. Mean Reversion,-0.05969065705188574
2019-06-24,5. Mean Reversion,-0.06002166903560576
2019-06-25,5. Mean Reversion,-0.07090145370708269
2019-06-26,5. Mean Reversion,-0.06374421847591237
2019-06-27,5. Mean Reversion,-0.05898775551827032
2019-06-28,5. Mean Reversion,-0.059645971618388534
2019-07-01,5. Mean Reversion,-0.04909826173824493
2019-07-02,5. Mean Reversion,-0.04554833501247513
2019-07-03,5. Mean Reversion,-0.037024670107280194
2019-07-05,5. Mean Reversion,-0.039120034318142
2019-07-08,5. Mean Reversion,-0.043966457337505746
2019-07-09,5. Mean Reversion,-0.039869060720219555
2019-07-10,5. Mean Reversion,-0.030778649071298105
2019-07-11,5. Mean Reversion,-0.029011914652316832
2019-07-12,5. Mean Reversion,-0.026778097454511325
2019-07-15,5. Mean Reversion,-0.02625127768808732
2019-07-16,5. Mean Reversion,-0.02971903038664411
2019-07-17,5. Mean Reversion,-0.03341022779833886
2019-07-18,5. Mean Reversion,-0.03936608396016592
2019-07-19,5. Mean Reversion,-0.0471595015130112
2019-07-22,5. Mean Reversion,-0.04241590780424381
2019-07-23,5. Mean Reversion,-0.034060170005907206
2019-07-24,5. Mean Reversion,-0.02909503932899401
2019-07-25,5. Mean Reversion,-0.03948661862596454
2019-07-26,5. Mean Reversion,-0.02477026504172027
2019-07-29,5. Mean Reversion,-0.02684865980781
2019-07-30,5. Mean Reversion,-0.031067523268614883
2019-07-31,5. Mean Reversion,-0.031810864328868545
2019-08-01,5. Mean Reversion,-0.04185949442728746
2019-08-02,5. Mean Reversion,-0.04763950810803962
2019-08-05,5. Mean Reversion,-0.07575333944940349
2019-08-06,5. Mean Reversion,-0.06539611457003146
2019-08-07,5. Mean Reversion,-0.06887087830898994
2019-08-08,5. Mean Reversion,-0.04981967102100453
2019-08-09,5. Mean Reversion,-0.060607119701993055
2019-08-12,5. Mean Reversion,-0.07287979786621625
2019-08-13,5. Mean Reversion,-0.06155375304303314
2019-08-14,5. Mean Reversion,-0.0922718505923888
2019-08-15,5. Mean Reversion,-0.08735536606361749
2019-08-16,5. Mean Reversion,-0.07408297297960689
2019-08-19,5. Mean Reversion,-0.05907570964662795
2019-08-20,5. Mean Reversion,-0.0695585682144932
2019-08-21,5. Mean Reversion,-0.06399679840882581
2019-08-22,5. Mean Reversion,-0.06477946989245255
2019-08-23,5. Mean Reversion,-0.08952719996614825
2019-08-26,5. Mean Reversion,-0.07911767163953735
2019-08-27,5. Mean Reversion,-0.08233868871582924
2019-08-28,5. Mean Reversion,-0.07744959869299055
2019-08-29,5. Mean Reversion,-0.06553642774406199
2019-08-30,5. Mean Reversion,-0.06609778523218832
2019-09-03,5. Mean Reversion,-0.07185282752709819
2019-09-04,5. Mean Reversion,-0.06319563089309975
2019-09-05,5. Mean Reversion,-0.046097076165874676
2019-09-06,5. Mean Reversion,-0.04896492221985132
2019-09-09,5. Mean Reversion,-0.0440610518717505
2019-09-10,5. Mean Reversion,-0.044075299608043426
2019-09-11,5. Mean Reversion,-0.03731106915809025
2019-09-12,5. Mean Reversion,-0.0332160035793535
2019-09-13,5. Mean Reversion,-0.03122725770205944
2019-09-16,5. Mean Reversion,-0.03677491842725478
2019-09-17,5. Mean Reversion,-0.03451768416240765
2019-09-18,5. Mean Reversion,-0.03557828993528279
2019-09-19,5. Mean Reversion,-0.03752550086645337
2019-09-20,5. Mean Reversion,-0.04797811110775113
2019-09-23,5. Mean Reversion,-0.04956885358698466
2019-09-24,5. Mean Reversion,-0.06587624761903894
2019-09-25,5. Mean Reversion,-0.055156369554095246
2019-09-26,5. Mean Reversion,-0.05705607706047487
2019-09-27,5. Mean Reversion,-0.06058767260727861
2019-09-30,5. Mean Reversion,-0.06122919902154283
2019-10-01,5. Mean Reversion,-0.06325779484914602
2019-10-02,5. Mean Reversion,-0.07680417638840291
2019-10-03,5. Mean Reversion,-0.06863404787031703
2019-10-04,5. Mean Reversion,-0.05581697108756482
2019-10-07,5. Mean Reversion,-0.05760113647278083
2019-10-08,5. Mean Reversion,-0.07043305470106064
2019-10-09,5. Mean Reversion,-0.06299852420725915
2019-10-10,5. Mean Reversion,-0.05603969650246117
2019-10-11,5. Mean Reversion,-0.047367113780089815
2019-10-14,5. Mean Reversion,-0.045569394442768
2019-10-15,5. Mean Reversion,-0.035953015958051296
2019-10-16,5. Mean Reversion,-0.03439978092047685
2019-10-17,5. Mean Reversion,-0.029380753520728966
2019-10-18,5. Mean Reversion,-0.04645870463989115
2019-10-21,5. Mean Reversion,-0.03985717765592076
2019-10-22,5. Mean Reversion,-0.051980520299471256
2019-10-23,5. Mean Reversion,-0.04722258138903477
2019-10-24,5. Mean Reversion,-0.03629608941704023
2019-10-25,5. Mean Reversion,-0.027294438501740483
2019-10-28,5. Mean Reversion,-0.01844967226810761
2019-10-29,5. Mean Reversion,-0.025387368793044488
2019-10-30,5. Mean Reversion,-0.01704211624379653
2019-10-31,5. Mean Reversion,-0.0175489396796885
2019-11-01,5. Mean Reversion,-0.010774359374216851
2019-11-04,5. Mean Reversion,-0.009186185019631385
2019-11-05,5. Mean Reversion,-0.012708780349638817
2019-11-06,5. Mean Reversion,-0.012041790609651526
2019-11-07,5. Mean Reversion,-0.006587109096423786
2019-11-08,5. Mean Reversion,-0.003797679656970559
2019-11-11,5. Mean Reversion,-0.005648247114719346
2019-11-12,5. Mean Reversion,-0.004144260582528268
2019-11-13,5. Mean Reversion,0.0
2019-11-14,5. Mean Reversion,0.0
2019-11-15,5. Mean Reversion,0.0
2019-11-18,5. Mean Reversion,0.0
2019-11-19,5. Mean Reversion,-0.000523772103798098
2019-11-20,5. Mean Reversion,-0.0028445667448136047
2019-11-21,5. Mean Reversion,-0.0013752826713021523
2019-11-22,5. Mean Reversion,-0.0028932938197601685
2019-11-25,5. Mean Reversion,0.0
2019-11-26,5. Mean Reversion,0.0
2019-11-27,5. Mean Reversion,0.0
2019-11-29,5. Mean Reversion,-0.000621634710895659
2019-12-02,5. Mean Reversion,-0.0053886594240174146
2019-12-03,5. Mean Reversion,-0.010221905722387247
2019-12-04,5. Mean Reversion,-0.0058817248659012306
2019-12-05,5. Mean Reversion,-0.007552407782193968
2019-12-06,5. Mean Reversion,0.0
2019-12-09,5. Mean Reversion,0.0
2019-12-10,5. Mean Reversion,-0.0015167060425148747
2019-12-11,5. Mean Reversion,-0.0004311659352621969
2019-12-12,5. Mean Reversion,0.0
2019-12-13,5. Mean Reversion,0.0
2019-12-16,5. Mean Reversion,0.0
2019-12-17,5. Mean Reversion,0.0
2019-12-18,5. Mean Reversion,0.0
2019-12-19,5. Mean Reversion,0.0
2019-12-20,5. Mean Reversion,0.0
2019-12-23,5. Mean Reversion,0.0
2019-12-24,5. Mean Reversion,0.0
2019-12-26,5. Mean Reversion,0.0
2019-12-27,5. Mean Reversion,-0.0006576995428747287
2019-12-30,5. Mean Reversion,-0.011998957621320087
2019-12-31,5. Mean Reversion,-0.012644290227125331
2020-01-02,5. Mean Reversion,0.0
2020-01-03,5. Mean Reversion,-0.009564462957104102
2020-01-06,5. Mean Reversion,-0.0037712857866235056
2020-01-07,5. Mean Reversion,-0.008065665601668486
2020-01-08,5. Mean Reversion,-0.0017500595135686353
2020-01-09,5. Mean Reversion,0.0
2020-01-10,5. Mean Reversion,-0.002206541627604377
2020-01-13,5. Mean Reversion,0.0
2020-01-14,5. Mean Reversion,-0.0018567320277116312
2020-01-15,5. Mean Reversion,0.0
2020-01-16,5. Mean Reversion,0.0
2020-01-17,5. Mean Reversion,0.0
2020-01-21,5. Mean Reversion,-0.0012475210716574705
2020-01-22,5. Mean Reversion,-0.0023852557962357364
2020-01-23,5. Mean Reversion,0.0
2020-01-24,5. Mean Reversion,-0.008967194457992227
2020-01-27,5. Mean Reversion,-0.02348713460285075
2020-01-28,5. Mean Reversion,-0.015240721736566409
2020-01-29,5. Mean Reversion,-0.016840432997546662
2020-01-30,5. Mean Reversion,-0.013563797104329957
2020-01-31,5. Mean Reversion,-0.027155857128515273
2020-02-03,5. Mean Reversion,-0.01538769742517096
2020-02-04,5. Mean Reversion,-0.001284315708783411
2020-02-05,5. Mean Reversion,0.0
2020-02-06,5. Mean Reversion,0.0
2020-02-07,5. Mean Reversion,-0.0026410194235645394
2020-02-10,5. Mean Reversion,0.0
2020-02-11,5. Mean Reversion,-0.0019339976897450712
2020-02-12,5. Mean Reversion,0.0
2020-02-13,5. Mean Reversion,-0.00019850293491028298
2020-02-14,5. Mean Reversion,0.0
2020-02-18,5. Mean Reversion,0.0
2020-02-19,5. Mean Reversion,0.0
2020-02-20,5. Mean Reversion,-0.003923602442243445
2020-02-21,5. Mean Reversion,-0.017164844643053807
2020-02-24,5. Mean Reversion,-0.05443664547508399
2020-02-25,5. Mean Reversion,-0.08179320724007223
2020-02-26,5. Mean Reversion,-0.08255521561087162
2020-02-27,5. Mean Reversion,-0.12207937039200337
2020-02-28,5. Mean Reversion,-0.12258875718730122
2020-03-02,5. Mean Reversion,-0.07952257672248554
2020-03-03,5. Mean Reversion,-0.10838628088920226
2020-03-04,5. Mean Reversion,-0.07277518450747185
2020-03-05,5. Mean Reversion,-0.10358111248754501
2020-03-06,5. Mean Reversion,-0.11924230533285042
2020-03-09,5. Mean Reversion,-0.18427520977472625
2020-03-10,5. Mean Reversion,-0.1416066434600679
2020-03-11,5. Mean Reversion,-0.18429667734700028
2020-03-12,5. Mean Reversion,-0.2581075416484433
2020-03-13,5. Mean Reversion,-0.18415066767156618
2020-03-16,5. Mean Reversion,-0.27173012064745095
2020-03-17,5. Mean Reversion,-0.23101449409441913
2020-03-18,5. Mean Reversion,-0.2594361417466776
2020-03-19,5. Mean Reversion,-0.26211994297581204
2020-03-20,5. Mean Reversion,-0.3012708924875531
2020-03-23,5. Mean Reversion,-0.3200836862233155
2020-03-24,5. Mean Reversion,-0.25723839049926456
2020-03-25,5. Mean Reversion,-0.2521953747107257
2020-03-26,5. Mean Reversion,-0.2136084623740537
2020-03-27,5. Mean Reversion,-0.24255300653803505
2020-03-30,5. Mean Reversion,-0.21192762288679207
2020-03-31,5. Mean Reversion,-0.21237513560383317
2020-04-01,5. Mean Reversion,-0.24744134355258549
2020-04-02,5. Mean Reversion,-0.2267822251997062
2020-04-03,5. Mean Reversion,-0.23725629903379533
2020-04-06,5. Mean Reversion,-0.18447519236768925
2020-04-07,5. Mean Reversion,-0.18027317300153706
2020-04-08,5. Mean Reversion,-0.15445789826607043
2020-04-09,5. Mean Reversion,-0.13873202322179093
2020-04-13,5. Mean Reversion,-0.14181227274527392
2020-04-14,5. Mean Reversion,-0.11696004369757139
2020-04-15,5. Mean Reversion,-0.13875955167635726
2020-04-16,5. Mean Reversion,-0.14671006101852294
2020-04-17,5. Mean Reversion,-0.11232969259795016
2020-04-20,5. Mean Reversion,-0.1354826318468344
2020-04-21,5. Mean Reversion,-0.1620427640741356
2020-04-22,5. Mean Reversion,-0.13861525378376335
2020-04-23,5. Mean Reversion,-0.13883100046380023
2020-04-24,5. Mean Reversion,-0.1263803411964698
2020-04-27,5. Mean Reversion,-0.10315039783574627
2020-04-28,5. Mean Reversion,-0.10882583668024168
2020-04-29,5. Mean Reversion,-0.07243964140182362
2020-04-30,5. Mean Reversion,-0.07295068708251251
2020-05-01,5. Mean Reversion,-0.09278406739462279
2020-05-04,5. Mean Reversion,-0.0865977678340526
2020-05-05,5. Mean Reversion,-0.08176294295510107
2020-05-06,5. Mean Reversion,-0.08524476384605721
2020-05-07,5. Mean Reversion,-0.0754763491368467
2020-05-08,5. Mean Reversion,-0.057041234282857886
2020-05-11,5. Mean Reversion,-0.058854293124097415
2020-05-12,5. Mean Reversion,-0.07869590099010028
2020-05-13,5. Mean Reversion,-0.0928160918017976
2020-05-14,5. Mean Reversion,-0.0784608489387173
2020-05-15,5. Mean Reversion,-0.06851448422045063
2020-05-18,5. Mean Reversion,-0.03903166782241741
2020-05-19,5. Mean Reversion,-0.051007902863665716
2020-05-20,5. Mean Reversion,-0.03150728557438137
2020-05-21,5. Mean Reversion,-0.04214580910700255
2020-05-22,5. Mean Reversion,-0.04100205296501316
2020-05-26,5. Mean Reversion,-0.030845593602255403
2020-05-27,5. Mean Reversion,-0.021695351386578212
2020-05-28,5. Mean Reversion,-0.027587299142013275
2020-05-29,5. Mean Reversion,-0.028182703013165576
2020-06-01,5. Mean Reversion,-0.022187551663475174
2020-06-02,5. Mean Reversion,-0.016835454757171162
2020-06-03,5. Mean Reversion,-0.002981669852438915
2020-06-04,5. Mean Reversion,-0.007425760630881788
2020-06-05,5. Mean Reversion,0.0
2020-06-08,5. Mean Reversion,0.0
2020-06-09,5. Mean Reversion,-0.005004974283449949
2020-06-10,5. Mean Reversion,-0.008457075882886215
2020-06-11,5. Mean Reversion,-0.06564744031359955
2020-06-12,5. Mean Reversion,-0.0599260408038393
2020-06-15,5. Mean Reversion,-0.05040234407153749
2020-06-16,5. Mean Reversion,-0.036822059114851174
2020-06-17,5. Mean Reversion,-0.041178446111681026
2020-06-18,5. Mean Reversion,-0.03880122302377657
2020-06-19,5. Mean Reversion,-0.04357690323916712
2020-06-22,5. Mean Reversion,-0.03945139110761652
2020-06-23,5. Mean Reversion,-0.035881990423181236
2020-06-24,5. Mean Reversion,-0.061410665024329715
2020-06-25,5. Mean Reversion,-0.04920400061276354
2020-06-26,5. Mean Reversion,-0.0784491440104785
2020-06-29,5. Mean Reversion,-0.06473971994773564
2020-06-30,5. Mean Reversion,-0.06528267424505975
2020-07-01,5. Mean Reversion,-0.05775900311995714
2020-07-02,5. Mean Reversion,-0.05384303620371424
2020-07-06,5. Mean Reversion,-0.03929596607240697
2020-07-07,5. Mean Reversion,-0.04296863327329797
2020-07-08,5. Mean Reversion,-0.038941480827713155
2020-07-09,5. Mean Reversion,-0.04361175316720339
2020-07-10,5. Mean Reversion,-0.022910381354842593
2020-07-13,5. Mean Reversion,-0.027742141411665994
2020-07-14,5. Mean Reversion,-0.013614350916156827
2020-07-15,5. Mean Reversion,-0.005465660925578521
2020-07-16,5. Mean Reversion,-0.01110515745660014
2020-07-17,5. Mean Reversion,-0.012699358660310077
2020-07-20,5. Mean Reversion,-0.005504147313117907
2020-07-21,5. Mean Reversion,-0.0010893393503602757
2020-07-22,5. Mean Reversion,0.0
2020-07-23,5. Mean Reversion,-0.009815647403482465
2020-07-24,5. Mean Reversion,-0.016754430196455235
2020-07-27,5. Mean Reversion,-0.012324877503129179
2020-07-28,5. Mean Reversion,-0.013417965466157294
2020-07-29,5. Mean Reversion,-0.006258214519109136
2020-07-30,5. Mean Reversion,-0.012272453555192414
2020-07-31,5. Mean Reversion,-0.012822303499732303
2020-08-03,5. Mean Reversion,-0.0047197312775728775
2020-08-04,5. Mean Reversion,0.0
2020-08-05,5. Mean Reversion,0.0
2020-08-06,5. Mean Reversion,0.0
2020-08-07,5. Mean Reversion,-0.004500925387313644
2020-08-10,5. Mean Reversion,-0.006513471059609324
2020-08-11,5. Mean Reversion,-0.012488249852003641
2020-08-12,5. Mean Reversion,0.0
2020-08-13,5. Mean Reversion,-0.0008210690936204036
2020-08-14,5. Mean Reversion,0.0
2020-08-17,5. Mean Reversion,0.0
2020-08-18,5. Mean Reversion,0.0
2020-08-19,5. Mean Reversion,-0.00560649929985273
2020-08-20,5. Mean Reversion,0.0
2020-08-21,5. Mean Reversion,0.0
2020-08-24,5. Mean Reversion,0.0
2020-08-25,5. Mean Reversion,0.0
2020-08-26,5. Mean Reversion,0.0
2020-08-27,5. Mean Reversion,0.0
2020-08-28,5. Mean Reversion,0.0
2020-08-31,5. Mean Reversion,-0.0007306574390369367
2020-09-01,5. Mean Reversion,0.0
2020-09-02,5. Mean Reversion,0.0
2020-09-03,5. Mean Reversion,-0.03779992591579228
2020-09-04,5. Mean Reversion,-0.03765489370707499
2020-09-08,5. Mean Reversion,-0.08278512975337221
2020-09-09,5. Mean Reversion,-0.0645882869753421
2020-09-10,5. Mean Reversion,-0.080699498636039
2020-09-11,5. Mean Reversion,-0.07890415998494947
2020-09-14,5. Mean Reversion,-0.0624841758069398
2020-09-15,5. Mean Reversion,-0.054255028466080685
2020-09-16,5. Mean Reversion,-0.06036006729267333
2020-09-17,5. Mean Reversion,-0.07277822466313615
2020-09-18,5. Mean Reversion,-0.07777080900251464
2020-09-21,5. Mean Reversion,-0.08201208768494475
2020-09-22,5. Mean Reversion,-0.08303325372425382
2020-09-23,5. Mean Reversion,-0.11455786668164741
2020-09-24,5. Mean Reversion,-0.11071510353757354
2020-09-25,5. Mean Reversion,-0.09498297615887351
2020-09-28,5. Mean Reversion,-0.0789604623055181
2020-09-29,5. Mean Reversion,-0.08509492415073869
2020-09-30,5. Mean Reversion,-0.08580104971660905
2020-10-01,5. Mean Reversion,-0.08108899951845237
2020-10-02,5. Mean Reversion,-0.09583556483788026
2020-10-05,5. Mean Reversion,-0.0795769469467563
2020-10-06,5. Mean Reversion,-0.09669413115538399
2020-10-07,5. Mean Reversion,-0.08324521345476152
2020-10-08,5. Mean Reversion,-0.07056431065372867
2020-10-09,5. Mean Reversion,-0.06203197723652295
2020-10-12,5. Mean Reversion,-0.046565510966231405
2020-10-13,5. Mean Reversion,-0.04990107069675457
2020-10-14,5. Mean Reversion,-0.05964381862680079
2020-10-15,5. Mean Reversion,-0.061990305097686035
2020-10-16,5. Mean Reversion,-0.06446488603336098
2020-10-19,5. Mean Reversion,-0.08210324776134456
2020-10-20,5. Mean Reversion,-0.0762680352816016
2020-10-21,5. Mean Reversion,-0.07676017472893568
2020-10-22,5. Mean Reversion,-0.06582987937470966
2020-10-23,5. Mean Reversion,-0.06335247932354905
2020-10-26,5. Mean Reversion,-0.08175076011169274
2020-10-27,5. Mean Reversion,-0.0824908605503423
2020-10-28,5. Mean Reversion,-0.12128700785606063
2020-10-29,5. Mean Reversion,-0.10158859410143163
2020-10-30,5. Mean Reversion,-0.10229604980854226
2020-11-02,5. Mean Reversion,-0.09234796895830422
2020-11-03,5. Mean Reversion,-0.0752029509825578
2020-11-04,5. Mean Reversion,-0.05621633402725225
2020-11-05,5. Mean Reversion,-0.036922246268024525
2020-11-06,5. Mean Reversion,-0.03630161264847767
2020-11-09,5. Mean Reversion,-0.018644861869533236
2020-11-10,5. Mean Reversion,-0.025689644250702436
2020-11-11,5. Mean Reversion,-0.01855841656462368
2020-11-12,5. Mean Reversion,-0.028246003579404235
2020-11-13,5. Mean Reversion,-0.020055258080634585
2020-11-16,5. Mean Reversion,-0.012282173445435111
2020-11-17,5. Mean Reversion,-0.013760427205753963
2020-11-18,5. Mean Reversion,-0.01524503116104783
2020-11-19,5. Mean Reversion,-0.011621894244097302
2020-11-20,5. Mean Reversion,-0.02280774486314091
2020-11-23,5. Mean Reversion,-0.011594718850609637
2020-11-24,5. Mean Reversion,0.0
2020-11-25,5. Mean Reversion,0.0
2020-11-27,5. Mean Reversion,0.0
2020-11-30,5. Mean Reversion,-0.0006942185768770626
2020-12-01,5. Mean Reversion,0.0
2020-12-02,5. Mean Reversion,0.0
2020-12-03,5. Mean Reversion,-0.007077969482565039
2020-12-04,5. Mean Reversion,-0.002790405751407774
2020-12-07,5. Mean Reversion,0.0
2020-12-08,5. Mean Reversion,0.0
2020-12-09,5. Mean Reversion,-0.01364324654065657
2020-12-10,5. Mean Reversion,-0.012298387605023033
2020-12-11,5. Mean Reversion,-0.010604191253268305
2020-12-14,5. Mean Reversion,-0.011487492581912164
2020-12-15,5. Mean Reversion,-0.0030126507740868905
2020-12-16,5. Mean Reversion,0.0
2020-12-17,5. Mean Reversion,0.0
2020-12-18,5. Mean Reversion,-0.003358731593905631
2020-12-21,5. Mean Reversion,-0.004912164005444625
2020-12-22,5. Mean Reversion,-0.009487115566657192
2020-12-23,5. Mean Reversion,-0.011432849289307693
2020-12-24,5. Mean Reversion,-0.009158967069711683
2020-12-28,5. Mean Reversion,0.0
2020-12-29,5. Mean Reversion,0.0
2020-12-30,5. Mean Reversion,-0.0020800117212329016
2020-12-31,5. Mean Reversion,-0.0028610470363820617
2021-01-04,5. Mean Reversion,-0.008307459764595817
2021-01-05,5. Mean Reversion,-0.0019319210167946486
2021-01-06,5. Mean Reversion,-0.010177205466494855
2021-01-07,5. Mean Reversion,0.0
2021-01-08,5. Mean Reversion,0.0
2021-01-11,5. Mean Reversion,-0.0037243030206671767
2021-01-12,5. Mean Reversion,-0.005279261634473368
2021-01-13,5. Mean Reversion,-0.0049153602537499235
2021-01-14,5. Mean Reversion,-0.016639518867011215
2021-01-15,5. Mean Reversion,-0.02156100047866891
2021-01-19,5. Mean Reversion,-0.014742087982333488
2021-01-20,5. Mean Reversion,0.0
2021-01-21,5. Mean Reversion,0.0
2021-01-22,5. Mean Reversion,0.0
2021-01-25,5. Mean Reversion,0.0
2021-01-26,5. Mean Reversion,0.0
2021-01-27,5. Mean Reversion,-0.03114239995202959
2021-01-28,5. Mean Reversion,-0.026476313093935562
2021-01-29,5. Mean Reversion,-0.027306363792388468
2021-02-01,5. Mean Reversion,-0.01420255642004123
2021-02-02,5. Mean Reversion,0.0
2021-02-03,5. Mean Reversion,0.0
2021-02-04,5. Mean Reversion,0.0
2021-02-05,5. Mean Reversion,0.0
2021-02-08,5. Mean Reversion,0.0
2021-02-09,5. Mean Reversion,-0.002513635176796912
2021-02-10,5. Mean Reversion,-0.0011444274156153485
2021-02-11,5. Mean Reversion,0.0
2021-02-12,5. Mean Reversion,-2.5541730328926055e-06
2021-02-16,5. Mean Reversion,0.0
2021-02-17,5. Mean Reversion,-0.0006119106293565892
2021-02-18,5. Mean Reversion,-0.005223845400256132
2021-02-19,5. Mean Reversion,-0.014748890524559011
2021-02-22,5. Mean Reversion,-0.013239016893177157
2021-02-23,5. Mean Reversion,-0.00656802651597413
2021-02-24,5. Mean Reversion,0.0
2021-02-25,5. Mean Reversion,-0.023319914346031968
2021-02-26,5. Mean Reversion,-0.024046834749984654
2021-03-01,5. Mean Reversion,-0.0020021934872473677
2021-03-02,5. Mean Reversion,-0.014597945343422536
2021-03-03,5. Mean Reversion,-0.030923629190997764
2021-03-04,5. Mean Reversion,-0.043368498528247396
2021-03-05,5. Mean Reversion,-0.03184894315906817
2021-03-08,5. Mean Reversion,-0.04395409761214508
2021-03-09,5. Mean Reversion,-0.016866061394477546
2021-03-10,5. Mean Reversion,-0.012371317464175042
2021-03-11,5. Mean Reversion,0.0
2021-03-12,5. Mean Reversion,-0.0016443975187804998
2021-03-15,5. Mean Reversion,0.0
2021-03-16,5. Mean Reversion,0.0
2021-03-17,5. Mean Reversion,0.0
2021-03-18,5. Mean Reversion,-0.020410793332682847
2021-03-19,5. Mean Reversion,-0.01719188790932356
2021-03-22,5. Mean Reversion,-0.004855385183241443
2021-03-23,5. Mean Reversion,-0.005523207929024885
2021-03-24,5. Mean Reversion,-0.015089585281623893
2021-03-25,5. Mean Reversion,-0.01449822728635059
2021-03-26,5. Mean Reversion,-0.004090220925871972
2021-03-29,5. Mean Reversion,0.0
2021-03-30,5. Mean Reversion,-0.004714888050495542
2021-03-31,5. Mean Reversion,-0.005502044164800336
2021-04-01,5. Mean Reversion,0.0
2021-04-05,5. Mean Reversion,0.0
2021-04-06,5. Mean Reversion,-0.0005419030736847681
2021-04-07,5. Mean Reversion,0.0
2021-04-08,5. Mean Reversion,0.0
2021-04-09,5. Mean Reversion,0.0
2021-04-12,5. Mean Reversion,0.0
2021-04-13,5. Mean Reversion,0.0
2021-04-14,5. Mean Reversion,-0.007909641265529902
2021-04-15,5. Mean Reversion,0.0
2021-04-16,5. Mean Reversion,0.0
2021-04-19,5. Mean Reversion,-0.0054031497812213405
2021-04-20,5. Mean Reversion,-0.013359061961108728
2021-04-21,5. Mean Reversion,-0.009482524117977079
2021-04-22,5. Mean Reversion,-0.02172638479469631
2021-04-23,5. Mean Reversion,-0.011506273428064198
2021-04-26,5. Mean Reversion,-0.008126386256764423
2021-04-27,5. Mean Reversion,-0.011061421402516392
2021-04-28,5. Mean Reversion,-0.007666834639297144
2021-04-29,5. Mean Reversion,-0.0006270481121875641
2021-04-30,5. Mean Reversion,-0.0012479197168577527
2021-05-03,5. Mean Reversion,0.0
2021-05-04,5. Mean Reversion,-0.004358798339392812
2021-05-05,5. Mean Reversion,-0.005479792608456866
2021-05-06,5. Mean Reversion,0.0
2021-05-07,5. Mean Reversion,0.0
2021-05-10,5. Mean Reversion,-0.009640961906485956
2021-05-11,5. Mean Reversion,-0.018715192811308762
2021-05-12,5. Mean Reversion,-0.03597245931996856
2021-05-13,5. Mean Reversion,-0.028398929747043215
2021-05-14,5. Mean Reversion,-0.017749803479295452
2021-05-17,5. Mean Reversion,-0.020430762204266907
2021-05-18,5. Mean Reversion,-0.02752280332325747
2021-05-19,5. Mean Reversion,-0.03155228565830764
2021-05-20,5. Mean Reversion,-0.019785976660681916
2021-05-21,5. Mean Reversion,-0.019359586452422917
2021-05-24,5. Mean Reversion,-0.009058133566477368
2021-05-25,5. Mean Reversion,-0.011748805609774472
2021-05-26,5. Mean Reversion,-0.010345171539514614
2021-05-27,5. Mean Reversion,-0.009542768199369158
2021-05-28,5. Mean Reversion,-0.01043405715451409
2021-06-01,5. Mean Reversion,-0.010861163867390068
2021-06-02,5. Mean Reversion,-0.008868355268963294
2021-06-03,5. Mean Reversion,-0.01837300652346335
2021-06-04,5. Mean Reversion,-0.006101395134745037
2021-06-07,5. Mean Reversion,-0.005013774543087943
2021-06-08,5. Mean Reversion,-0.0035440380192401683
2021-06-09,5. Mean Reversion,-0.004302125917260953
2021-06-10,5. Mean Reversion,0.0
2021-06-11,5. Mean Reversion,0.0
2021-06-14,5. Mean Reversion,0.0
2021-06-15,5. Mean Reversion,-0.00437524667509824
2021-06-16,5. Mean Reversion,-0.008901899728015618
2021-06-17,5. Mean Reversion,-0.0004909505383070103
2021-06-18,5. Mean Reversion,-0.008107933965032161
2021-06-21,5. Mean Reversion,0.0
2021-06-22,5. Mean Reversion,0.0
2021-06-23,5. Mean Reversion,0.0
2021-06-24,5. Mean Reversion,0.0
2021-06-25,5. Mean Reversion,0.0
2021-06-28,5. Mean Reversion,0.0
2021-06-29,5. Mean Reversion,-0.0004197922720764124
2021-06-30,5. Mean Reversion,-0.0012071373471305006
2021-07-01,5. Mean Reversion,0.0
2021-07-02,5. Mean Reversion,0.0
2021-07-06,5. Mean Reversion,-0.007125883717334256
2021-07-07,5. Mean Reversion,-0.00781566318329445
2021-07-08,5. Mean Reversion,-0.014944418771795037
2021-07-09,5. Mean Reversion,-0.002639846185837644
2021-07-12,5. Mean Reversion,0.0
2021-07-13,5. Mean Reversion,-0.002463414568721719
2021-07-14,5. Mean Reversion,-0.0005031050295234217
2021-07-15,5. Mean Reversion,-0.0012919376777401326
2021-07-16,5. Mean Reversion,-0.010868250775820033
2021-07-19,5. Mean Reversion,-0.02873061781014363
2021-07-20,5. Mean Reversion,-0.016044840179419803
2021-07-21,5. Mean Reversion,-0.009593641017647146
2021-07-22,5. Mean Reversion,-0.011099598917989915
2021-07-23,5. Mean Reversion,-0.00016052502420785383
2021-07-26,5. Mean Reversion,0.0
2021-07-27,5. Mean Reversion,-0.0032668830039466893
2021-07-28,5. Mean Reversion,-0.00259585139938717
2021-07-29,5. Mean Reversion,0.0
2021-07-30,5. Mean Reversion,-0.0007333480731539968
2021-08-02,5. Mean Reversion,-0.0023451851546312593
2021-08-03,5. Mean Reversion,0.0
2021-08-04,5. Mean Reversion,-0.0009575752877505141
2021-08-05,5. Mean Reversion,0.0
2021-08-06,5. Mean Reversion,0.0
2021-08-09,5. Mean Reversion,-0.00011769199014807644
2021-08-10,5. Mean Reversion,0.0
2021-08-11,5. Mean Reversion,0.0
2021-08-12,5. Mean Reversion,0.0
2021-08-13,5. Mean Reversion,-0.00028024465723488394
2021-08-16,5. Mean Reversion,-0.004421123370771461
2021-08-17,5. Mean Reversion,-0.01681205448602166
2021-08-18,5. Mean Reversion,-0.024448925981787113
2021-08-19,5. Mean Reversion,-0.023532094639668766
2021-08-20,5. Mean Reversion,-0.012914542082282088
2021-08-23,5. Mean Reversion,0.0
2021-08-24,5. Mean Reversion,0.0
2021-08-25,5. Mean Reversion,0.0
2021-08-26,5. Mean Reversion,-0.00577375842971828
2021-08-27,5. Mean Reversion,0.0
2021-08-30,5. Mean Reversion,0.0
2021-08-31,5. Mean Reversion,-0.0009431473956001194
2021-09-01,5. Mean Reversion,0.0
2021-09-02,5. Mean Reversion,-0.0017391528284122456
2021-09-03,5. Mean Reversion,-0.0007000968535700351
2021-09-07,5. Mean Reversion,0.0
2021-09-08,5. Mean Reversion,0.0
2021-09-09,5. Mean Reversion,-0.004527371683591828
2021-09-10,5. Mean Reversion,-0.012457812096491985
2021-09-13,5. Mean Reversion,-0.00868949269194602
2021-09-14,5. Mean Reversion,-0.01473928670283215
2021-09-15,5. Mean Reversion,-0.008473576933506831
2021-09-16,5. Mean Reversion,-0.00970065576452289
2021-09-17,5. Mean Reversion,-0.017572246247238025
2021-09-20,5. Mean Reversion,-0.03339516313169125
2021-09-21,5. Mean Reversion,-0.034484340537807044
2021-09-22,5. Mean Reversion,-0.023853341096573135
2021-09-23,5. Mean Reversion,-0.009488648044702027
2021-09-24,5. Mean Reversion,-0.0041093001558675365
2021-09-27,5. Mean Reversion,-0.002651941194013667
2021-09-28,5. Mean Reversion,-0.016949557487866963
2021-09-29,5. Mean Reversion,-0.01325058794983098
2021-09-30,5. Mean Reversion,-0.014126081055687613
2021-10-01,5. Mean Reversion,-0.005288323094013178
2021-10-04,5. Mean Reversion,-0.0240377096574095
2021-10-05,5. Mean Reversion,-0.014524851291485175
2021-10-06,5. Mean Reversion,-0.007515099380968556
2021-10-07,5. Mean Reversion,0.0
2021-10-08,5. Mean Reversion,-0.0013149959804643042
2021-10-11,5. Mean Reversion,-0.008140349919988452
2021-10-12,5. Mean Reversion,-0.013232212452840075
2021-10-13,5. Mean Reversion,-0.012323087959985045
2021-10-14,5. Mean Reversion,0.0
2021-10-15,5. Mean Reversion,0.0
2021-10-18,5. Mean Reversion,0.0
2021-10-19,5. Mean Reversion,0.0
2021-10-20,5. Mean Reversion,0.0
2021-10-21,5. Mean Reversion,0.0
2021-10-22,5. Mean Reversion,-0.005268555179312769
2021-10-25,5. Mean Reversion,0.0
2021-10-26,5. Mean Reversion,0.0
2021-10-27,5. Mean Reversion,-0.002655959876659052
2021-10-28,5. Mean Reversion,0.0
2021-10-29,5. Mean Reversion,-0.0007065964200473276
2021-11-01,5. Mean Reversion,-0.0011179312593190768
2021-11-02,5. Mean Reversion,0.0
2021-11-03,5. Mean Reversion,0.0
2021-11-04,5. Mean Reversion,0.0
2021-11-05,5. Mean Reversion,0.0
2021-11-08,5. Mean Reversion,0.0
2021-11-09,5. Mean Reversion,-0.0056344521583019
2021-11-10,5. Mean Reversion,-0.007004958874995961
2021-11-11,5. Mean Reversion,-0.012850919584369788
2021-11-12,5. Mean Reversion,-0.004185027019885986
2021-11-15,5. Mean Reversion,-0.00387670312802246
2021-11-16,5. Mean Reversion,-0.002296289151761701
2021-11-17,5. Mean Reversion,-0.00938201697373388
2021-11-18,5. Mean Reversion,-0.007766537372882596
2021-11-19,5. Mean Reversion,-0.012990692405642056
2021-11-22,5. Mean Reversion,-0.023069799587642544
2021-11-23,5. Mean Reversion,-0.018078235257594857
2021-11-24,5. Mean Reversion,-0.011656434054588393
2021-11-26,5. Mean Reversion,-0.028843382168963094
2021-11-29,5. Mean Reversion,-0.02512817957696611
2021-11-30,5. Mean Reversion,-0.02584966807290957
2021-12-01,5. Mean Reversion,-0.039479404360567884
2021-12-02,5. Mean Reversion,-0.025878391443374876
2021-12-03,5. Mean Reversion,-0.03274230793110856
2021-12-06,5. Mean Reversion,-0.015219280518566042
2021-12-07,5. Mean Reversion,-0.0019984120279187873
2021-12-08,5. Mean Reversion,0.0
2021-12-09,5. Mean Reversion,-0.0018837270477187126
2021-12-10,5. Mean Reversion,0.0
2021-12-13,5. Mean Reversion,-0.0054807711727362755
2021-12-14,5. Mean Reversion,-0.007838550985276098
2021-12-15,5. Mean Reversion,0.0
2021-12-16,5. Mean Reversion,-0.002476328906385559
2021-12-17,5. Mean Reversion,-0.017670472245516006
2021-12-20,5. Mean Reversion,-0.028305001726968565
2021-12-21,5. Mean Reversion,-0.010523235844146295
2021-12-22,5. Mean Reversion,-0.0004694533840179102
2021-12-23,5. Mean Reversion,0.0
2021-12-27,5. Mean Reversion,0.0
2021-12-28,5. Mean Reversion,0.0
2021-12-29,5. Mean Reversion,-0.00039188750148356306
2021-12-30,5. Mean Reversion,-0.0013451172951893127
2021-12-31,5. Mean Reversion,-0.0021436067887734634
2022-01-03,5. Mean Reversion,0.0
2022-01-04,5. Mean Reversion,-0.004763532750297199
2022-01-05,5. Mean Reversion,-0.027705762232960222
2022-01-06,5. Mean Reversion,-0.027747178749122105
2022-01-07,5. Mean Reversion,-0.03246965066482722
2022-01-10,5. Mean Reversion,-0.032707386261195875
2022-01-11,5. Mean Reversion,-0.023117053386043508
2022-01-12,5. Mean Reversion,-0.01923214512390737
2022-01-13,5. Mean Reversion,-0.04016424061011751
2022-01-14,5. Mean Reversion,-0.042259869197571874
2022-01-18,5. Mean Reversion,-0.062036841114822515
2022-01-19,5. Mean Reversion,-0.07106394581146652
2022-01-20,5. Mean Reversion,-0.08241988805751847
2022-01-21,5. Mean Reversion,-0.12044794611808653
2022-01-24,5. Mean Reversion,-0.12127827834010506
2022-01-25,5. Mean Reversion,-0.13125712049197918
2022-01-26,5. Mean Reversion,-0.1279861367330457
2022-01-27,5. Mean Reversion,-0.13295960439465962
2022-01-28,5. Mean Reversion,-0.11125234454079631
2022-01-31,5. Mean Reversion,-0.11162048300502489
2022-02-01,5. Mean Reversion,-0.10187842252898925
2022-02-02,5. Mean Reversion,-0.09693550104094506
2022-02-03,5. Mean Reversion,-0.13074850486749068
2022-02-04,5. Mean Reversion,-0.12106699655554194
2022-02-07,5. Mean Reversion,-0.12748343460144915
2022-02-08,5. Mean Reversion,-0.12291183764868152
2022-02-09,5. Mean Reversion,-0.1109131932488858
2022-02-10,5. Mean Reversion,-0.12418386348211437
2022-02-11,5. Mean Reversion,-0.1447931379410381
2022-02-14,5. Mean Reversion,-0.14306447279771445
2022-02-15,5. Mean Reversion,-0.12659684784987374
2022-02-16,5. Mean Reversion,-0.12735538113094313
2022-02-17,5. Mean Reversion,-0.1464814811779234
2022-02-18,5. Mean Reversion,-0.15386607351662554
2022-02-22,5. Mean Reversion,-0.16993543548450799
2022-02-23,5. Mean Reversion,-0.1891891895910441
2022-02-24,5. Mean Reversion,-0.17531220913196802
2022-02-25,5. Mean Reversion,-0.1605566098529067
2022-02-28,5. Mean Reversion,-0.16102269016417187
2022-03-01,5. Mean Reversion,-0.17564496772187416
2022-03-02,5. Mean Reversion,-0.16234126100778712
2022-03-03,5. Mean Reversion,-0.16854575510042039
2022-03-04,5. Mean Reversion,-0.17367907455714104
2022-03-07,5. Mean Reversion,-0.19599832062699105
2022-03-08,5. Mean Reversion,-0.20296868010594307
2022-03-09,5. Mean Reversion,-0.18132893029239824
2022-03-10,5. Mean Reversion,-0.18419535819587649
2022-03-11,5. Mean Reversion,-0.1934697844888184
2022-03-14,5. Mean Reversion,-0.1905746842627988
2022-03-15,5. Mean Reversion,-0.17287833458906327
2022-03-16,5. Mean Reversion,-0.15455064783524058
2022-03-17,5. Mean Reversion,-0.14202094853681546
2022-03-18,5. Mean Reversion,-0.1309662651664938
2022-03-21,5. Mean Reversion,-0.13564951309065
2022-03-22,5. Mean Reversion,-0.12711844263034186
2022-03-23,5. Mean Reversion,-0.14024409161761528
2022-03-24,5. Mean Reversion,-0.13027606520871368
2022-03-25,5. Mean Reversion,-0.12731744999532138
2022-03-28,5. Mean Reversion,-0.11826968309254782
2022-03-29,5. Mean Reversion,-0.10950908804968403
2022-03-30,5. Mean Reversion,-0.11643693066683075
2022-03-31,5. Mean Reversion,-0.11706006998677111
2022-04-01,5. Mean Reversion,-0.11364592036520935
2022-04-04,5. Mean Reversion,-0.10224182681593919
2022-04-05,5. Mean Reversion,-0.11476959460024419
2022-04-06,5. Mean Reversion,-0.1302455045195694
2022-04-07,5. Mean Reversion,-0.1296339975812182
2022-04-08,5. Mean Reversion,-0.12856515868514654
2022-04-11,5. Mean Reversion,-0.14363943139040306
2022-04-12,5. Mean Reversion,-0.14634125228226266
2022-04-13,5. Mean Reversion,-0.13864486161467862
2022-04-14,5. Mean Reversion,-0.15145019299533174
2022-04-18,5. Mean Reversion,-0.15138458694069531
2022-04-19,5. Mean Reversion,-0.13535320941962484
2022-04-20,5. Mean Reversion,-0.15926287355817012
2022-04-21,5. Mean Reversion,-0.17342093565820588
2022-04-22,5. Mean Reversion,-0.19494928743948256
2022-04-25,5. Mean Reversion,-0.18955821408925158
2022-04-26,5. Mean Reversion,-0.21261299229865777
2022-04-27,5. Mean Reversion,-0.21036497903871068
2022-04-28,5. Mean Reversion,-0.1841805905342792
2022-04-29,5. Mean Reversion,-0.18475601388211055
2022-05-02,5. Mean Reversion,-0.16967578442565348
2022-05-03,5. Mean Reversion,-0.16455554062985228
2022-05-04,5. Mean Reversion,-0.13815725892334682
2022-05-05,5. Mean Reversion,-0.18016182336323894
2022-05-06,5. Mean Reversion,-0.18819941943378177
2022-05-09,5. Mean Reversion,-0.21991643895022142
2022-05-10,5. Mean Reversion,-0.21496427500662899
2022-05-11,5. Mean Reversion,-0.23602793840363692
2022-05-12,5. Mean Reversion,-0.23810776501886183
2022-05-13,5. Mean Reversion,-0.21281285989227244
2022-05-16,5. Mean Reversion,-0.22145259884370208
2022-05-17,5. Mean Reversion,-0.20053983406752846
2022-05-18,5. Mean Reversion,-0.2359932012311684
2022-05-19,5. Mean Reversion,-0.23897471650837393
2022-05-20,5. Mean Reversion,-0.24262714557266812
2022-05-23,5. Mean Reversion,-0.22208383320925779
2022-05-24,5. Mean Reversion,-0.24043170353582802
2022-05-25,5. Mean Reversion,-0.22806872054152083
2022-05-26,5. Mean Reversion,-0.20799512990515087
2022-05-27,5. Mean Reversion,-0.1856954264752601
2022-05-31,5. Mean Reversion,-0.1863479706539355
2022-06-01,5. Mean Reversion,-0.19567406329146148
2022-06-02,5. Mean Reversion,-0.17554596889441612
2022-06-03,5. Mean Reversion,-0.19644523380770337
2022-06-06,5. Mean Reversion,-0.2406118153914819
2022-06-07,5. Mean Reversion,-0.23650145835387693
2022-06-08,5. Mean Reversion,-0.23965454864455632
2022-06-09,5. Mean Reversion,-0.2594957916360794
2022-06-10,5. Mean Reversion,-0.2803696950135298
2022-06-13,5. Mean Reversion,-0.30801937096729815
2022-06-14,5. Mean Reversion,-0.31150061278025604
2022-06-15,5. Mean Reversion,-0.2979992830700114
2022-06-16,5. Mean Reversion,-0.31685336866177777
2022-06-17,5. Mean Reversion,-0.3145939255558935
2022-06-21,5. Mean Reversion,-0.2985164174483069
2022-06-22,5. Mean Reversion,-0.2977246929509957
2022-06-23,5. Mean Reversion,-0.28816503896242657
2022-06-24,5. Mean Reversion,-0.2657719453014383
2022-06-27,5. Mean Reversion,-0.26977968088975
2022-06-28,5. Mean Reversion,-0.29108276991981646
2022-06-29,5. Mean Reversion,-0.2896496796169751
2022-06-30,5. Mean Reversion,-0.29031643577424704
2022-07-01,5. Mean Reversion,-0.2827176136355075
2022-07-05,5. Mean Reversion,-0.2756061329709404
2022-07-06,5. Mean Reversion,-0.2762986348861208
2022-07-07,5. Mean Reversion,-0.2608967559519639
2022-07-08,5. Mean Reversion,-0.26313439560866225
2022-07-11,5. Mean Reversion,-0.276615758427819
2022-07-12,5. Mean Reversion,-0.28055339121513545
2022-07-13,5. Mean Reversion,-0.2818975646612675
2022-07-14,5. Mean Reversion,-0.2871614743286735
2022-07-15,5. Mean Reversion,-0.2637125980829399
2022-07-18,5. Mean Reversion,-0.2747317033121978
2022-07-19,5. Mean Reversion,-0.25123683275336384
2022-07-20,5. Mean Reversion,-0.2378491310746065
2022-07-21,5. Mean Reversion,-0.22839207046860047
2022-07-22,5. Mean Reversion,-0.23926414465382045
2022-07-25,5. Mean Reversion,-0.23996988250956436
2022-07-26,5. Mean Reversion,-0.25944261621139036
2022-07-27,5. Mean Reversion,-0.23603083483406012
2022-07-28,5. Mean Reversion,-0.23279838677868997
2022-07-29,5. Mean Reversion,-0.23361023047656554
2022-08-01,5. Mean Reversion,-0.23359823444507846
2022-08-02,5. Mean Reversion,-0.23977029989852783
2022-08-03,5. Mean Reversion,-0.22694197505085947
2022-08-04,5. Mean Reversion,-0.22935137351992343
2022-08-05,5. Mean Reversion,-0.23102876819022167
2022-08-08,5. Mean Reversion,-0.2326023939477534
2022-08-09,5. Mean Reversion,-0.2342042507633403
2022-08-10,5. Mean Reversion,-0.21635038773096235
2022-08-11,5. Mean Reversion,-0.21891768124066763
2022-08-12,5. Mean Reversion,-0.2057697134651033
2022-08-15,5. Mean Reversion,-0.20164071638195444
2022-08-16,5. Mean Reversion,-0.19811808282007937
2022-08-17,5. Mean Reversion,-0.20638812622344535
2022-08-18,5. Mean Reversion,-0.20574021693096037
2022-08-19,5. Mean Reversion,-0.21670070202989972
2022-08-22,5. Mean Reversion,-0.23230235461818963
2022-08-23,5. Mean Reversion,-0.2367948597924166
2022-08-24,5. Mean Reversion,-0.23569868959938947
2022-08-25,5. Mean Reversion,-0.23091781865441635
2022-08-26,5. Mean Reversion,-0.2575017049921818
2022-08-29,5. Mean Reversion,-0.2618680172917922
2022-08-30,5. Mean Reversion,-0.26802013393143376
2022-08-31,5. Mean Reversion,-0.26857461503099306
2022-09-01,5. Mean Reversion,-0.26521095118977706
2022-09-02,5. Mean Reversion,-0.2756511810805888
2022-09-06,5. Mean Reversion,-0.2782791113292685
2022-09-07,5. Mean Reversion,-0.2656600166777816
2022-09-08,5. Mean Reversion,-0.2604080490650899
2022-09-09,5. Mean Reversion,-0.24759691115082966
2022-09-12,5. Mean Reversion,-0.24192074789243362
2022-09-13,5. Mean Reversion,-0.27747359962215934
2022-09-14,5. Mean Reversion,-0.2720937673671498
2022-09-15,5. Mean Reversion,-0.27967306389129426
2022-09-16,5. Mean Reversion,-0.27922353699669517
2022-09-19,5. Mean Reversion,-0.27602979178953146
2022-09-20,5. Mean Reversion,-0.2823377889069596
2022-09-21,5. Mean Reversion,-0.29432109458172345
2022-09-22,5. Mean Reversion,-0.2993022929898406
2022-09-23,5. Mean Reversion,-0.309983344452668
2022-09-26,5. Mean Reversion,-0.31529391458808814
2022-09-27,5. Mean Reversion,-0.31706914973985356
2022-09-28,5. Mean Reversion,-0.3040973380213799
2022-09-29,5. Mean Reversion,-0.3190195767938577
2022-09-30,5. Mean Reversion,-0.31946242210653897
2022-10-03,5. Mean Reversion,-0.30340753151661204
2022-10-04,5. Mean Reversion,-0.28294649568391356
2022-10-05,5. Mean Reversion,-0.28402390930159993
2022-10-06,5. Mean Reversion,-0.2904501705998868
2022-10-07,5. Mean Reversion,-0.3108803351831843
2022-10-10,5. Mean Reversion,-0.31773280006704696
2022-10-11,5. Mean Reversion,-0.3266507997631971
2022-10-12,5. Mean Reversion,-0.32637689752746457
2022-10-13,5. Mean Reversion,-0.30666582395502406
2022-10-14,5. Mean Reversion,-0.3215274998870252
2022-10-17,5. Mean Reversion,-0.29929283889750496
2022-10-18,5. Mean Reversion,-0.2907435539994468
2022-10-19,5. Mean Reversion,-0.294101976756378
2022-10-20,5. Mean Reversion,-0.29780627999217524
2022-10-21,5. Mean Reversion,-0.28128975557581587
2022-10-24,5. Mean Reversion,-0.27477196777408974
2022-10-25,5. Mean Reversion,-0.26064326213121275
2022-10-26,5. Mean Reversion,-0.26723507727544965
2022-10-27,5. Mean Reversion,-0.279573646769424
2022-10-28,5. Mean Reversion,-0.26208885967562584
2022-10-31,5. Mean Reversion,-0.2626672478392283
2022-11-01,5. Mean Reversion,-0.26748917773915787
2022-11-02,5. Mean Reversion,-0.29204908580701
2022-11-03,5. Mean Reversion,-0.3032998307440728
2022-11-04,5. Mean Reversion,-0.29439343669034496
2022-11-07,5. Mean Reversion,-0.28706951748013404
2022-11-08,5. Mean Reversion,-0.28656443790581915
2022-11-09,5. Mean Reversion,-0.3034854988630526
2022-11-10,5. Mean Reversion,-0.25257055223011743
2022-11-11,5. Mean Reversion,-0.23917429963910058
2022-11-14,5. Mean Reversion,-0.24334192277809635
2022-11-15,5. Mean Reversion,-0.2330615637477654
2022-11-16,5. Mean Reversion,-0.24276280125898322
2022-11-17,5. Mean Reversion,-0.24969020721350182
2022-11-18,5. Mean Reversion,-0.2509049515503155
2022-11-21,5. Mean Reversion,-0.25748891134536694
2022-11-22,5. Mean Reversion,-0.24734392404833908
2022-11-23,5. Mean Reversion,-0.23710159400758934
2022-11-25,5. Mean Reversion,-0.23956607114898695
2022-11-28,5. Mean Reversion,-0.2492885746908485
2022-11-29,5. Mean Reversion,-0.25374511611402994
2022-11-30,5. Mean Reversion,-0.2542620811085785
2022-12-01,5. Mean Reversion,-0.2521877153049286
2022-12-02,5. Mean Reversion,-0.25305101821223924
2022-12-05,5. Mean Reversion,-0.2713136791723584
2022-12-06,5. Mean Reversion,-0.2887056244195427
2022-12-07,5. Mean Reversion,-0.2920213754049228
2022-12-08,5. Mean Reversion,-0.28644824455977214
2022-12-09,5. Mean Reversion,-0.286545736780412
2022-12-12,5. Mean Reversion,-0.2810606146683576
2022-12-13,5. Mean Reversion,-0.27714705627778347
2022-12-14,5. Mean Reversion,-0.2817112174922639
2022-12-15,5. Mean Reversion,-0.3026703276438229
2022-12-16,5. Mean Reversion,-0.3111343340914951
2022-12-19,5. Mean Reversion,-0.3204455882629023
2022-12-20,5. Mean Reversion,-0.3224168643660351
2022-12-21,5. Mean Reversion,-0.3139394700008018
2022-12-22,5. Mean Reversion,-0.3285615535419773
2022-12-23,5. Mean Reversion,-0.3250261609349792
2022-12-27,5. Mean Reversion,-0.3367969908470487
2022-12-28,5. Mean Reversion,-0.3442854961428861
2022-12-29,5. Mean Reversion,-0.32728331947304645
2022-12-30,5. Mean Reversion,-0.32758911241368494
2023-01-03,5. Mean Reversion,-0.33408542816439746
2023-01-04,5. Mean Reversion,-0.3259525579049115
2023-01-05,5. Mean Reversion,-0.33445655283426806
2023-01-06,5. Mean Reversion,-0.3189605367834048
2023-01-09,5. Mean Reversion,-0.3140215267857353
2023-01-10,5. Mean Reversion,-0.30848334796337423
2023-01-11,5. Mean Reversion,-0.29543285491980154
2023-01-12,5. Mean Reversion,-0.29116078098088016
2023-01-13,5. Mean Reversion,-0.28560414417920027
2023-01-17,5. Mean Reversion,-0.2830772326725519
2023-01-18,5. Mean Reversion,-0.2938427263914362
2023-01-19,5. Mean Reversion,-0.30010241498238766
2023-01-20,5. Mean Reversion,-0.27782121645473123
2023-01-23,5. Mean Reversion,-0.2610469420930823
2023-01-24,5. Mean Reversion,-0.26047128142571924
2023-01-25,5. Mean Reversion,-0.25947510001507806
2023-01-26,5. Mean Reversion,-0.2433116058941434
2023-01-27,5. Mean Reversion,-0.22749571958028594
2023-01-30,5. Mean Reversion,-0.2460325288003625
2023-01-31,5. Mean Reversion,-0.2467371197487053
2023-02-01,5. Mean Reversion,-0.2393992281029033
2023-02-02,5. Mean Reversion,-0.22805940309176095
2023-02-03,5. Mean Reversion,-0.2337242067218172
2023-02-06,5. Mean Reversion,-0.23707154519607815
2023-02-07,5. Mean Reversion,-0.23037521024347934
2023-02-08,5. Mean Reversion,-0.23639826376809914
2023-02-09,5. Mean Reversion,-0.24318731024303752
2023-02-10,5. Mean Reversion,-0.243561270490529
2023-02-13,5. Mean Reversion,-0.23508963988566614
2023-02-14,5. Mean Reversion,-0.23508941484025428
2023-02-15,5. Mean Reversion,-0.23521121893468894
2023-02-16,5. Mean Reversion,-0.24603929003805491
2023-02-17,5. Mean Reversion,-0.24556762766618237
2023-02-21,5. Mean Reversion,-0.2594766885747942
2023-02-22,5. Mean Reversion,-0.2613077128024632
2023-02-23,5. Mean Reversion,-0.2583657938215995
2023-02-24,5. Mean Reversion,-0.26538970867486
2023-02-27,5. Mean Reversion,-0.2643509267563621
2023-02-28,5. Mean Reversion,-0.2647988154440354
2023-03-01,5. Mean Reversion,-0.2714454130649323
2023-03-02,5. Mean Reversion,-0.26814506929594767
2023-03-03,5. Mean Reversion,-0.2564359484377957
2023-03-06,5. Mean Reversion,-0.25364429904011115
2023-03-07,5. Mean Reversion,-0.26530093576902014
2023-03-08,5. Mean Reversion,-0.26652813629992717
2023-03-09,5. Mean Reversion,-0.2809072544080608
2023-03-10,5. Mean Reversion,-0.28857075398388077
2023-03-13,5. Mean Reversion,-0.28895195941527013
2023-03-14,5. Mean Reversion,-0.27992301646338014
2023-03-15,5. Mean Reversion,-0.27841818366158305
2023-03-16,5. Mean Reversion,-0.27065025135152476
2023-03-17,5. Mean Reversion,-0.2752730916250305
2023-03-20,5. Mean Reversion,-0.27101914292416596
2023-03-21,5. Mean Reversion,-0.261927606271066
2023-03-22,5. Mean Reversion,-0.27378004783882964
2023-03-23,5. Mean Reversion,-0.266189849238074
2023-03-24,5. Mean Reversion,-0.26407443880430986
2023-03-27,5. Mean Reversion,-0.261713718372076
2023-03-28,5. Mean Reversion,-0.26565860864573787
2023-03-29,5. Mean Reversion,-0.25541202819323494
2023-03-30,5. Mean Reversion,-0.2521103970688017
2023-03-31,5. Mean Reversion,-0.2525942624744915
2023-04-03,5. Mean Reversion,-0.24802368789856438
2023-04-04,5. Mean Reversion,-0.2536107122119923
2023-04-05,5. Mean Reversion,-0.2539026568465685
2023-04-06,5. Mean Reversion,-0.25432867594558284
2023-04-10,5. Mean Reversion,-0.253852370830449
2023-04-11,5. Mean Reversion,-0.2497146077545446
2023-04-12,5. Mean Reversion,-0.2564093451018895
2023-04-13,5. Mean Reversion,-0.24606374540321727
2023-04-14,5. Mean Reversion,-0.23803187212594984
2023-04-17,5. Mean Reversion,-0.23511628199912404
2023-04-18,5. Mean Reversion,-0.2341961199299584
2023-04-19,5. Mean Reversion,-0.23940743091753972
2023-04-20,5. Mean Reversion,-0.24371320514734057
2023-04-21,5. Mean Reversion,-0.24046427911033827
2023-04-24,5. Mean Reversion,-0.23983525010058837
2023-04-25,5. Mean Reversion,-0.2522268399298875
2023-04-26,5. Mean Reversion,-0.26158302707822056
2023-04-27,5. Mean Reversion,-0.24868595985980257
2023-04-28,5. Mean Reversion,-0.24929308037935596
2023-05-01,5. Mean Reversion,-0.25120991039722373
2023-05-02,5. Mean Reversion,-0.260347291131138
2023-05-03,5. Mean Reversion,-0.2648566609260512
2023-05-04,5. Mean Reversion,-0.2705475438364092
2023-05-05,5. Mean Reversion,-0.2543639441413463
2023-05-08,5. Mean Reversion,-0.24902969370852157
2023-05-09,5. Mean Reversion,-0.25250912285796745
2023-05-10,5. Mean Reversion,-0.24970034667525465
2023-05-11,5. Mean Reversion,-0.2491920243910359
2023-05-12,5. Mean Reversion,-0.2549754291771327
2023-05-15,5. Mean Reversion,-0.2541707353364163
2023-05-16,5. Mean Reversion,-0.2555683244563422
2023-05-17,5. Mean Reversion,-0.24121202920824605
2023-05-18,5. Mean Reversion,-0.22711159509998075
2023-05-19,5. Mean Reversion,-0.2300479453487152
2023-05-22,5. Mean Reversion,-0.22249591294523485
2023-05-23,5. Mean Reversion,-0.2282068472689284
2023-05-24,5. Mean Reversion,-0.2325190136801602
2023-05-25,5. Mean Reversion,-0.22066107077069722
2023-05-26,5. Mean Reversion,-0.20466816538548174
2023-05-30,5. Mean Reversion,-0.19792122378263102
2023-05-31,5. Mean Reversion,-0.19874571641562933
2023-06-01,5. Mean Reversion,-0.1902500408505094
2023-06-02,5. Mean Reversion,-0.17735849943018167
2023-06-05,5. Mean Reversion,-0.17937789370027798
2023-06-06,5. Mean Reversion,-0.17690955475175796
2023-06-07,5. Mean Reversion,-0.17651351341402488
2023-06-08,5. Mean Reversion,-0.17392944402768734
2023-06-09,5. Mean Reversion,-0.17399265858488408
2023-06-12,5. Mean Reversion,-0.1697840953419026
2023-06-13,5. Mean Reversion,-0.16708645668810146
2023-06-14,5. Mean Reversion,-0.16632825799897943
2023-06-15,5. Mean Reversion,-0.1580772914538732
2023-06-16,5. Mean Reversion,-0.1598924414569254
2023-06-20,5. Mean Reversion,-0.1659320218040017
2023-06-21,5. Mean Reversion,-0.16743796767016417
2023-06-22,5. Mean Reversion,-0.166276167874752
2023-06-23,5. Mean Reversion,-0.1701847301540775
2023-06-26,5. Mean Reversion,-0.17299493211122163
2023-06-27,5. Mean Reversion,-0.16878971933547693
2023-06-28,5. Mean Reversion,-0.17074353892076272
2023-06-29,5. Mean Reversion,-0.16588254199848235
2023-06-30,5. Mean Reversion,-0.16662103767298675
2023-07-03,5. Mean Reversion,-0.16353619290208937
2023-07-05,5. Mean Reversion,-0.16169459557543978
2023-07-06,5. Mean Reversion,-0.17277740569250372
2023-07-07,5. Mean Reversion,-0.17514024858339539
2023-07-10,5. Mean Reversion,-0.17751232899960515
2023-07-11,5. Mean Reversion,-0.17046737363206418
2023-07-12,5. Mean Reversion,-0.16101818456174946
2023-07-13,5. Mean Reversion,-0.14994621022086985
2023-07-14,5. Mean Reversion,-0.15265867578052741
2023-07-17,5. Mean Reversion,-0.1537079757982053
2023-07-18,5. Mean Reversion,-0.1460093552829073
2023-07-19,5. Mean Reversion,-0.14162752341285767
2023-07-20,5. Mean Reversion,-0.1517165279944896
2023-07-21,5. Mean Reversion,-0.1513718172141661
2023-07-24,5. Mean Reversion,-0.14619978365692005
2023-07-25,5. Mean Reversion,-0.14702544302162784
2023-07-26,5. Mean Reversion,-0.1418261207013014
2023-07-27,5. Mean Reversion,-0.14776160396155302
2023-07-28,5. Mean Reversion,-0.13762339586682565
2023-07-31,5. Mean Reversion,-0.13826242487679372
2023-08-01,5. Mean Reversion,-0.14088085274426287
2023-08-02,5. Mean Reversion,-0.15419715329904102
2023-08-03,5. Mean Reversion,-0.15220533954113305
2023-08-04,5. Mean Reversion,-0.152682205495342
2023-08-07,5. Mean Reversion,-0.14368936646788333
2023-08-08,5. Mean Reversion,-0.14679902118458377
2023-08-09,5. Mean Reversion,-0.15247188856467966
2023-08-10,5. Mean Reversion,-0.14807552049562073
2023-08-11,5. Mean Reversion,-0.15058693597318984
2023-08-14,5. Mean Reversion,-0.14675484921669998
2023-08-15,5. Mean Reversion,-0.15880113164029352
2023-08-16,5. Mean Reversion,-0.16652561152874598
2023-08-17,5. Mean Reversion,-0.1703899645333728
2023-08-18,5. Mean Reversion,-0.17031382491764718
2023-08-21,5. Mean Reversion,-0.16447188674641064
2023-08-22,5. Mean Reversion,-0.1648142479451268
2023-08-23,5. Mean Reversion,-0.15774770653154918
2023-08-24,5. Mean Reversion,-0.17239504489897475
2023-08-25,5. Mean Reversion,-0.1636552525580529
2023-08-28,5. Mean Reversion,-0.16018760585244726
2023-08-29,5. Mean Reversion,-0.1478266807837969
2023-08-30,5. Mean Reversion,-0.1454967617540232
2023-08-31,5. Mean Reversion,-0.14613162719538225
2023-09-01,5. Mean Reversion,-0.1474797485772691
2023-09-05,5. Mean Reversion,-0.14838421548948175
2023-09-06,5. Mean Reversion,-0.15592069461361677
2023-09-07,5. Mean Reversion,-0.15837618674898243
2023-09-08,5. Mean Reversion,-0.15674975640130945
2023-09-11,5. Mean Reversion,-0.14610764938607987
2023-09-12,5. Mean Reversion,-0.14920415893914962
2023-09-13,5. Mean Reversion,-0.14880487895706243
2023-09-14,5. Mean Reversion,-0.14261660690471414
2023-09-15,5. Mean Reversion,-0.15259293789319117
2023-09-18,5. Mean Reversion,-0.15316482019497998
2023-09-19,5. Mean Reversion,-0.1554497056932551
2023-09-20,5. Mean Reversion,-0.16225613003359282
2023-09-21,5. Mean Reversion,-0.17328640520289987
2023-09-22,5. Mean Reversion,-0.1782994318595542
2023-09-25,5. Mean Reversion,-0.17640373402749612
2023-09-26,5. Mean Reversion,-0.18660612808195803
2023-09-27,5. Mean Reversion,-0.18903858658716266
2023-09-28,5. Mean Reversion,-0.18464540958859058
2023-09-29,5. Mean Reversion,-0.18510503799744704
2023-10-02,5. Mean Reversion,-0.18112433333691239
2023-10-03,5. Mean Reversion,-0.19308022199268574
2023-10-04,5. Mean Reversion,-0.1875423395834975
2023-10-05,5. Mean Reversion,-0.19008271819616668
2023-10-06,5. Mean Reversion,-0.18130190404503005
2023-10-09,5. Mean Reversion,-0.179348423379343
2023-10-10,5. Mean Reversion,-0.17460451546352893
2023-10-11,5. Mean Reversion,-0.17428580892361875
2023-10-12,5. Mean Reversion,-0.17801827117874605
2023-10-13,5. Mean Reversion,-0.18416223463707337
2023-10-16,5. Mean Reversion,-0.1741382243063407
2023-10-17,5. Mean Reversion,-0.17697563171069602
2023-10-18,5. Mean Reversion,-0.19012405948581357
2023-10-19,5. Mean Reversion,-0.18828580148145138
2023-10-20,5. Mean Reversion,-0.19599500526626207
2023-10-23,5. Mean Reversion,-0.1946806992509229
2023-10-24,5. Mean Reversion,-0.18837414924311072
2023-10-25,5. Mean Reversion,-0.19652359425895027
2023-10-26,5. Mean Reversion,-0.20942635202766113
2023-10-27,5. Mean Reversion,-0.21470787686461384
2023-10-30,5. Mean Reversion,-0.20139355439856033
2023-10-31,5. Mean Reversion,-0.20202481135814881
2023-11-01,5. Mean Reversion,-0.1931914816518546
2023-11-02,5. Mean Reversion,-0.1752439186812991
2023-11-03,5. Mean Reversion,-0.16678829618572802
2023-11-06,5. Mean Reversion,-0.1659668622211971
2023-11-07,5. Mean Reversion,-0.16336889590686104
2023-11-08,5. Mean Reversion,-0.1638253498512011
2023-11-09,5. Mean Reversion,-0.17459773304390336
2023-11-10,5. Mean Reversion,-0.16452261664444073
2023-11-13,5. Mean Reversion,-0.1620201377943287
2023-11-14,5. Mean Reversion,-0.14378820111560678
2023-11-15,5. Mean Reversion,-0.1368521978224304
2023-11-16,5. Mean Reversion,-0.1397195021127239
2023-11-17,5. Mean Reversion,-0.13645417741288388
2023-11-20,5. Mean Reversion,-0.13117438598034567
2023-11-21,5. Mean Reversion,-0.12911348811490642
2023-11-22,5. Mean Reversion,-0.1307927607252197
2023-11-24,5. Mean Reversion,-0.13015798466159462
2023-11-27,5. Mean Reversion,-0.13268346186766952
2023-11-28,5. Mean Reversion,-0.12918556924244254
2023-11-29,5. Mean Reversion,-0.13103361632146796
2023-11-30,5. Mean Reversion,-0.13162922935401056
2023-12-01,5. Mean Reversion,-0.1345488406622299
2023-12-04,5. Mean Reversion,-0.13950900288882445
2023-12-05,5. Mean Reversion,-0.14055790130955456
2023-12-06,5. Mean Reversion,-0.14612463314003946
2023-12-07,5. Mean Reversion,-0.1406073501473609
2023-12-08,5. Mean Reversion,-0.138564178759714
2023-12-11,5. Mean Reversion,-0.14162516918659687
2023-12-12,5. Mean Reversion,-0.1402745590689217
2023-12-13,5. Mean Reversion,-0.13444012343490458
2023-12-14,5. Mean Reversion,-0.13199127712566294
2023-12-15,5. Mean Reversion,-0.1299246190088852
2023-12-18,5. Mean Reversion,-0.12151307471545932
2023-12-19,5. Mean Reversion,-0.1140396550404873
2023-12-20,5. Mean Reversion,-0.127609522121335
2023-12-21,5. Mean Reversion,-0.11845511281330011
2023-12-22,5. Mean Reversion,-0.1171344589322533
2023-12-26,5. Mean Reversion,-0.11419033638259508
2023-12-27,5. Mean Reversion,-0.11243902441791781
2023-12-28,5. Mean Reversion,-0.1147532574239746
2023-12-29,5. Mean Reversion,-0.11721974580597633
2024-01-02,5. Mean Reversion,-0.11482237827383532
2024-01-03,5. Mean Reversion,-0.11827152543199791
2024-01-04,5. Mean Reversion,-0.12322246217892183
2024-01-05,5. Mean Reversion,-0.11990023674616633
2024-01-08,5. Mean Reversion,-0.10987290453558153
2024-01-09,5. Mean Reversion,-0.11144067153246276
2024-01-10,5. Mean Reversion,-0.10544158457215985
2024-01-11,5. Mean Reversion,-0.10804088401511242
2024-01-12,5. Mean Reversion,-0.10590349161348951
2024-01-16,5. Mean Reversion,-0.10901024887128426
2024-01-17,5. Mean Reversion,-0.11457615512436702
2024-01-18,5. Mean Reversion,-0.10863869263057625
2024-01-19,5. Mean Reversion,-0.10109620930899271
2024-01-22,5. Mean Reversion,-0.10117242450675004
2024-01-23,5. Mean Reversion,-0.09715206602769506
2024-01-24,5. Mean Reversion,-0.09463321944758162
2024-01-25,5. Mean Reversion,-0.09198452766124614
2024-01-26,5. Mean Reversion,-0.08927114540838672
2024-01-29,5. Mean Reversion,-0.08106138097543102
2024-01-30,5. Mean Reversion,-0.08044413663532568
2024-01-31,5. Mean Reversion,-0.08097569519298033
2024-02-01,5. Mean Reversion,-0.07232262165232216
2024-02-02,5. Mean Reversion,-0.06538203535603068
2024-02-05,5. Mean Reversion,-0.07384089582614319
2024-02-06,5. Mean Reversion,-0.06587984560477571
2024-02-07,5. Mean Reversion,-0.05979689115350185
2024-02-08,5. Mean Reversion,-0.055207733837382686
2024-02-09,5. Mean Reversion,-0.05169728036575359
2024-02-12,5. Mean Reversion,-0.05402915823010637
2024-02-13,5. Mean Reversion,-0.0675137894833722
2024-02-14,5. Mean Reversion,-0.05995369597973652
2024-02-15,5. Mean Reversion,-0.04630625958149548
2024-02-16,5. Mean Reversion,-0.05026810041724147
2024-02-20,5. Mean Reversion,-0.055007078326777814
2024-02-21,5. Mean Reversion,-0.05152343612430113
2024-02-22,5. Mean Reversion,-0.04058686515140044
2024-02-23,5. Mean Reversion,-0.0430240862859644
2024-02-26,5. Mean Reversion,-0.06531365767632208
2024-02-27,5. Mean Reversion,-0.06236495181877649
2024-02-28,5. Mean Reversion,-0.06067765604657774
2024-02-29,5. Mean Reversion,-0.06124981227001688
2024-03-01,5. Mean Reversion,-0.05963535731515999
2024-03-04,5. Mean Reversion,-0.06923333640265243
2024-03-05,5. Mean Reversion,-0.07487889756017077
2024-03-06,5. Mean Reversion,-0.07213272692984726
2024-03-07,5. Mean Reversion,-0.06762793943447308
2024-03-08,5. Mean Reversion,-0.06660675291337576
2024-03-11,5. Mean Reversion,-0.058457875399724885
2024-03-12,5. Mean Reversion,-0.05207677292014534
2024-03-13,5. Mean Reversion,-0.052397727845476305
2024-03-14,5. Mean Reversion,-0.05088678587426334
2024-03-15,5. Mean Reversion,-0.05814032565746472
2024-03-18,5. Mean Reversion,-0.047338617489698386
2024-03-19,5. Mean Reversion,-0.04478690250474265
2024-03-20,5. Mean Reversion,-0.03594532115688022
2024-03-21,5. Mean Reversion,-0.038672972308508
2024-03-22,5. Mean Reversion,-0.040325314282446914
2024-03-25,5. Mean Reversion,-0.0428603699598083
2024-03-26,5. Mean Reversion,-0.042314168136710205
2024-03-27,5. Mean Reversion,-0.0356774858737355
2024-03-28,5. Mean Reversion,-0.036371454622212626
2024-04-01,5. Mean Reversion,-0.038945825281417344
2024-04-02,5. Mean Reversion,-0.04560659768022763
2024-04-03,5. Mean Reversion,-0.04701914382920125
2024-04-04,5. Mean Reversion,-0.05536484534230351
2024-04-05,5. Mean Reversion,-0.047632923300626205
2024-04-08,5. Mean Reversion,-0.04587977889395399
2024-04-09,5. Mean Reversion,-0.04464146750760187
2024-04-10,5. Mean Reversion,-0.05197763315161941
2024-04-11,5. Mean Reversion,-0.044458137203469424
2024-04-12,5. Mean Reversion,-0.05562929405074596
2024-04-15,5. Mean Reversion,-0.07042842722278624
2024-04-16,5. Mean Reversion,-0.07538948412615869
2024-04-17,5. Mean Reversion,-0.07954755580251276
2024-04-18,5. Mean Reversion,-0.08305185870411859
2024-04-19,5. Mean Reversion,-0.09361532290778721
2024-04-22,5. Mean Reversion,-0.08845149340078585
2024-04-23,5. Mean Reversion,-0.07768994081880815
2024-04-24,5. Mean Reversion,-0.07216142227173993
2024-04-25,5. Mean Reversion,-0.07793907674942929
2024-04-26,5. Mean Reversion,-0.07130822900140486
2024-04-29,5. Mean Reversion,-0.0609796521953869
2024-04-30,5. Mean Reversion,-0.06164084243030911
2024-05-01,5. Mean Reversion,-0.05424290144507047
2024-05-02,5. Mean Reversion,-0.045369473329745474
2024-05-03,5. Mean Reversion,-0.034217889359060664
2024-05-06,5. Mean Reversion,-0.021719188052064624
2024-05-07,5. Mean Reversion,-0.030782606363998787
2024-05-08,5. Mean Reversion,-0.02786937035325415
2024-05-09,5. Mean Reversion,-0.02210430350410779
2024-05-10,5. Mean Reversion,-0.02167252351192342
2024-05-13,5. Mean Reversion,-0.021821953846896995
2024-05-14,5. Mean Reversion,-0.021228618646074154
2024-05-15,5. Mean Reversion,-0.012692738730805179
2024-05-16,5. Mean Reversion,-0.012778250843861591
2024-05-17,5. Mean Reversion,-0.011112776201235044
2024-05-20,5. Mean Reversion,-0.01610252122189988
2024-05-21,5. Mean Reversion,-0.013099417294641811
2024-05-22,5. Mean Reversion,-0.012159996889432553
2024-05-23,5. Mean Reversion,-0.02277473335677351
2024-05-24,5. Mean Reversion,-0.017101916962878206
2024-05-28,5. Mean Reversion,-0.01818063759455397
2024-05-29,5. Mean Reversion,-0.023821226409665112
2024-05-30,5. Mean Reversion,-0.026296699114780414
2024-05-31,5. Mean Reversion,-0.026973909246740667
2024-06-03,5. Mean Reversion,-0.02855971821852779
2024-06-04,5. Mean Reversion,-0.02642987571542199
2024-06-05,5. Mean Reversion,-0.023651281252366593
2024-06-06,5. Mean Reversion,-0.01983472195891162
2024-06-07,5. Mean Reversion,-0.021978214054288705
2024-06-10,5. Mean Reversion,-0.027910569998166376
2024-06-11,5. Mean Reversion,-0.030093772219113538
2024-06-12,5. Mean Reversion,-0.029766744284621664
2024-06-13,5. Mean Reversion,-0.028632294300665915
2024-06-14,5. Mean Reversion,-0.031352492803123196
2024-06-17,5. Mean Reversion,-0.023919596963434212
2024-06-18,5. Mean Reversion,-0.023027166088622437
2024-06-20,5. Mean Reversion,-0.018944851795244803
2024-06-21,5. Mean Reversion,-0.016167784415142248
2024-06-24,5. Mean Reversion,-0.012971799950663967
2024-06-25,5. Mean Reversion,-0.014659304142023854
2024-06-26,5. Mean Reversion,-0.007769857032967197
2024-06-27,5. Mean Reversion,-0.006909269964131071
2024-06-28,5. Mean Reversion,-0.007678898180592737
2024-07-01,5. Mean Reversion,-0.006616951203581709
2024-07-02,5. Mean Reversion,-0.0027783052867743356
2024-07-03,5. Mean Reversion,0.0
2024-07-05,5. Mean Reversion,0.0
2024-07-08,5. Mean Reversion,-0.002103358531031833
2024-07-09,5. Mean Reversion,0.0
2024-07-10,5. Mean Reversion,0.0
2024-07-11,5. Mean Reversion,-0.011783797900699089
2024-07-12,5. Mean Reversion,-0.007609495180388119
2024-07-15,5. Mean Reversion,-0.0038352469781055805
2024-07-16,5. Mean Reversion,0.0
2024-07-17,5. Mean Reversion,-0.004783829271832312
2024-07-18,5. Mean Reversion,-0.009061935357858205
2024-07-19,5. Mean Reversion,-0.018726314296259924
2024-07-22,5. Mean Reversion,-0.012023567595578469
2024-07-23,5. Mean Reversion,-0.020722609285318466
2024-07-24,5. Mean Reversion,-0.039808041679162125
2024-07-25,5. Mean Reversion,-0.04324492377885891
2024-07-26,5. Mean Reversion,-0.03264653907172368
2024-07-29,5. Mean Reversion,-0.0326787220058398
2024-07-30,5. Mean Reversion,-0.03545124046480405
2024-07-31,5. Mean Reversion,-0.0363800443613462
2024-08-01,5. Mean Reversion,-0.042927160025973965
2024-08-02,5. Mean Reversion,-0.0651084285153876
2024-08-05,5. Mean Reversion,-0.09460868052614314
2024-08-06,5. Mean Reversion,-0.08365292467279693
2024-08-07,5. Mean Reversion,-0.09029148044456656
2024-08-08,5. Mean Reversion,-0.07125738001655008
2024-08-09,5. Mean Reversion,-0.06586009200420558
2024-08-12,5. Mean Reversion,-0.06597039528593505
2024-08-13,5. Mean Reversion,-0.05127371198289608
2024-08-14,5. Mean Reversion,-0.04762594926306712
2024-08-15,5. Mean Reversion,-0.02960429767828819
2024-08-16,5. Mean Reversion,-0.026679390790003237
2024-08-19,5. Mean Reversion,-0.014835563660132705
2024-08-20,5. Mean Reversion,-0.015780890614744754
2024-08-21,5. Mean Reversion,-0.012857090962929408
2024-08-22,5. Mean Reversion,-0.02376332993566062
2024-08-23,5. Mean Reversion,-0.01645814593887947
2024-08-26,5. Mean Reversion,-0.0180808946110922
2024-08-27,5. Mean Reversion,-0.019340584667087872
2024-08-28,5. Mean Reversion,-0.02804387989250757
2024-08-29,5. Mean Reversion,-0.02643126989816227
2024-08-30,5. Mean Reversion,-0.027037643569152003
2024-09-03,5. Mean Reversion,-0.0449182296315154
2024-09-04,5. Mean Reversion,-0.044732531807256413
2024-09-05,5. Mean Reversion,-0.04097032582132263
2024-09-06,5. Mean Reversion,-0.061239039415970566
2024-09-09,5. Mean Reversion,-0.04707604276313893
2024-09-10,5. Mean Reversion,-0.040918772381730445
2024-09-11,5. Mean Reversion,-0.033688722794596115
2024-09-12,5. Mean Reversion,-0.026942670662507818
2024-09-13,5. Mean Reversion,-0.02232187735995302
2024-09-16,5. Mean Reversion,-0.016993086180448376
2024-09-17,5. Mean Reversion,-0.013282809098205709
2024-09-18,5. Mean Reversion,-0.015203385616567621
2024-09-19,5. Mean Reversion,0.0
2024-09-20,5. Mean Reversion,-0.002750090714718349
2024-09-23,5. Mean Reversion,0.0
2024-09-24,5. Mean Reversion,0.0
2024-09-25,5. Mean Reversion,-0.0032036889455362375
2024-09-26,5. Mean Reversion,-0.0027725306779867427
2024-09-27,5. Mean Reversion,0.0
2024-09-30,5. Mean Reversion,-0.000773855929849045
2024-10-01,5. Mean Reversion,-0.006674114629379807
2024-10-02,5. Mean Reversion,-0.007913961233771676
2024-10-03,5. Mean Reversion,-0.009683548640121475
2024-10-04,5. Mean Reversion,0.0
2024-10-07,5. Mean Reversion,-0.00924707374165767
2024-10-08,5. Mean Reversion,-0.002495404148097085
2024-10-09,5. Mean Reversion,0.0
2024-10-10,5. Mean Reversion,-0.0018288003275882235
2024-10-11,5. Mean Reversion,0.0
2024-10-14,5. Mean Reversion,0.0
2024-10-15,5. Mean Reversion,-0.0019478657137565493
2024-10-16,5. Mean Reversion,0.0
2024-10-17,5. Mean Reversion,-0.002175431337817804
2024-10-18,5. Mean Reversion,0.0
2024-10-21,5. Mean Reversion,-0.00235042180981563
2024-10-22,5. Mean Reversion,0.0
2024-10-23,5. Mean Reversion,-0.007858590788194803
2024-10-24,5. Mean Reversion,-0.005162394252554864
2024-10-25,5. Mean Reversion,-0.00782881597188675
2024-10-28,5. Mean Reversion,-0.003756094418197521
2024-10-29,5. Mean Reversion,-0.006574628555216803
2024-10-30,5. Mean Reversion,-0.004442247483936443
2024-10-31,5. Mean Reversion,-0.005230829557940124
2024-11-01,5. Mean Reversion,-0.004567061553166251
2024-11-04,5. Mean Reversion,-0.005738358755511688
2024-11-05,5. Mean Reversion,0.0
2024-11-06,5. Mean Reversion,0.0
2024-11-07,5. Mean Reversion,0.0
2024-11-08,5. Mean Reversion,0.0
2024-11-11,5. Mean Reversion,0.0
2024-11-12,5. Mean Reversion,-0.004485356844922886
2024-11-13,5. Mean Reversion,0.0
2024-11-14,5. Mean Reversion,-0.006480291192928713
2024-11-15,5. Mean Reversion,-0.012621938684588191
2024-11-18,5. Mean Reversion,-0.005162769525019696
2024-11-19,5. Mean Reversion,-0.0008887350832548698
2024-11-20,5. Mean Reversion,-0.0014145683631309033
2024-11-21,5. Mean Reversion,0.0
2024-11-22,5. Mean Reversion,0.0
2024-11-25,5. Mean Reversion,0.0
2024-11-26,5. Mean Reversion,0.0
2024-11-27,5. Mean Reversion,-0.001782987475986423
2024-11-29,5. Mean Reversion,-0.002517618632115004
2024-12-02,5. Mean Reversion,0.0
2024-12-03,5. Mean Reversion,-4.6095844443646795e-05
2024-12-04,5. Mean Reversion,-0.0005981789854185234
2024-12-05,5. Mean Reversion,0.0
2024-12-06,5. Mean Reversion,0.0
2024-12-09,5. Mean Reversion,-0.0034851510383025323
2024-12-10,5. Mean Reversion,-0.0010159930230163134
2024-12-11,5. Mean Reversion,0.0
2024-12-12,5. Mean Reversion,-0.0025826423443714706
2024-12-13,5. Mean Reversion,-0.006666426274544137
2024-12-16,5. Mean Reversion,-0.004268096361067723
2024-12-17,5. Mean Reversion,0.0
2024-12-18,5. Mean Reversion,-0.02737420527465685
2024-12-19,5. Mean Reversion,-0.02759916630547167
2024-12-20,5. Mean Reversion,-0.02030707683165726
2024-12-23,5. Mean Reversion,-0.012030744970428015
2024-12-24,5. Mean Reversion,-0.0012091874894071103
2024-12-26,5. Mean Reversion,-0.004055830983727192
2024-12-27,5. Mean Reversion,-0.013835072974187549
2024-12-30,5. Mean Reversion,-0.02391072953800346
2024-12-31,5. Mean Reversion,-0.024772841102568263
2025-01-02,5. Mean Reversion,-0.02594263177299137
2025-01-03,5. Mean Reversion,-0.019736629964464618
2025-01-06,5. Mean Reversion,-0.019573652057082787
2025-01-07,5. Mean Reversion,-0.021209030407870408
2025-01-08,5. Mean Reversion,-0.023842675427823774
2025-01-10,5. Mean Reversion,-0.03424620038027125
2025-01-13,5. Mean Reversion,-0.031199947042793365
2025-01-14,5. Mean Reversion,-0.02909670406281397
2025-01-15,5. Mean Reversion,-0.013338734637588466
2025-01-16,5. Mean Reversion,-0.01350250652254816
2025-01-17,5. Mean Reversion,-0.007155022973362268
2025-01-21,5. Mean Reversion,0.0
2025-01-22,5. Mean Reversion,0.0
2025-01-23,5. Mean Reversion,0.0
2025-01-24,5. Mean Reversion,-0.002552907080244934
2025-01-27,5. Mean Reversion,0.0
2025-01-28,5. Mean Reversion,-0.0034935826267214723
2025-01-29,5. Mean Reversion,-0.004685441152416899
2025-01-30,5. Mean Reversion,0.0
2025-01-31,5. Mean Reversion,-0.0007535510531698818
2025-02-03,5. Mean Reversion,-0.00929647299499833
2025-02-04,5. Mean Reversion,-0.0007627705684569844
2025-02-05,5. Mean Reversion,0.0
2025-02-06,5. Mean Reversion,0.0
2025-02-07,5. Mean Reversion,-0.010002382133616842
2025-02-10,5. Mean Reversion,-0.004964723744524374
2025-02-11,5. Mean Reversion,-0.005300608506515231
2025-02-12,5. Mean Reversion,-0.00681936075073849
2025-02-13,5. Mean Reversion,0.0
2025-02-14,5. Mean Reversion,-0.0007000382431440507
2025-02-18,5. Mean Reversion,-0.0017219441387601295
2025-02-19,5. Mean Reversion,0.0
2025-02-20,5. Mean Reversion,-0.0031977411351576572
2025-02-21,5. Mean Reversion,-0.014906365079988758
2025-02-24,5. Mean Reversion,-0.019308943441903835
2025-02-25,5. Mean Reversion,-0.02607222540216453
2025-02-26,5. Mean Reversion,-0.02980047040661715
2025-02-27,5. Mean Reversion,-0.044045712532993234
2025-02-28,5. Mean Reversion,-0.044696440473436294
2025-03-03,5. Mean Reversion,-0.06441066515853563
2025-03-04,5. Mean Reversion,-0.07991630273602365
2025-03-05,5. Mean Reversion,-0.06865442628231666
2025-03-06,5. Mean Reversion,-0.09061132141418447
2025-03-07,5. Mean Reversion,-0.0922945562641331
2025-03-10,5. Mean Reversion,-0.12682055436168418
2025-03-11,5. Mean Reversion,-0.13081853627456216
2025-03-12,5. Mean Reversion,-0.12128231977645774
2025-03-13,5. Mean Reversion,-0.1390394965507002
2025-03-14,5. Mean Reversion,-0.11918861610110049
2025-03-17,5. Mean Reversion,-0.11869928774659239
2025-03-18,5. Mean Reversion,-0.13207099701439876
2025-03-19,5. Mean Reversion,-0.11884560722232031
2025-03-20,5. Mean Reversion,-0.12001429958485141
2025-03-21,5. Mean Reversion,-0.11278200506913719
2025-03-24,5. Mean Reversion,-0.08987087899782273
2025-03-25,5. Mean Reversion,-0.08384610387381525
2025-03-26,5. Mean Reversion,-0.09922972140384176
2025-03-27,5. Mean Reversion,-0.10119126983509893
2025-03-28,5. Mean Reversion,-0.12474027625398178
2025-03-31,5. Mean Reversion,-0.1251241784514637
2025-04-01,5. Mean Reversion,-0.12407260119696226
2025-04-02,5. Mean Reversion,-0.11805244898757794
2025-04-03,5. Mean Reversion,-0.1635005541147979
2025-04-04,5. Mean Reversion,-0.2112154785116879
2025-04-07,5. Mean Reversion,-0.21108885139516187
2025-04-08,5. Mean Reversion,-0.2247157072176859
2025-04-09,5. Mean Reversion,-0.14885215362617246
2025-04-10,5. Mean Reversion,-0.17802038598036826
2025-04-11,5. Mean Reversion,-0.16483885733347942
2025-04-14,5. Mean Reversion,-0.16065599504298964
2025-04-15,5. Mean Reversion,-0.15968614101600676
2025-04-16,5. Mean Reversion,-0.18151636900784449
2025-04-17,5. Mean Reversion,-0.17679641319256512
2025-04-21,5. Mean Reversion,-0.19307513677847238
2025-04-22,5. Mean Reversion,-0.1698854177572726
2025-04-23,5. Mean Reversion,-0.15645353137864082
2025-04-24,5. Mean Reversion,-0.14055198246342346
2025-04-25,5. Mean Reversion,-0.1315204572528591
2025-04-28,5. Mean Reversion,-0.13171302410377203
2025-04-29,5. Mean Reversion,-0.12459181774680306
2025-04-30,5. Mean Reversion,-0.12494247944196828
2025-05-01,5. Mean Reversion,-0.12060095269333078
2025-05-02,5. Mean Reversion,-0.10900486700791044
2025-05-05,5. Mean Reversion,-0.11597423022299581
2025-05-06,5. Mean Reversion,-0.12161593920318517
2025-05-07,5. Mean Reversion,-0.11291847451912827
2025-05-08,5. Mean Reversion,-0.10587088976083761
2025-05-09,5. Mean Reversion,-0.10620317412029069
2025-05-12,5. Mean Reversion,-0.07530172765534489
2025-05-13,5. Mean Reversion,-0.06961647505424014
2025-05-14,5. Mean Reversion,-0.06576322699095019
2025-05-15,5. Mean Reversion,-0.06280820743253769
2025-05-16,5. Mean Reversion,-0.05765073909287397
2025-05-19,5. Mean Reversion,-0.05875641631492022
2025-05-20,5. Mean Reversion,-0.061245288758690376
2025-05-21,5. Mean Reversion,-0.07378141526063602
2025-05-22,5. Mean Reversion,-0.07287497849503147
2025-05-23,5. Mean Reversion,-0.07852190356841968
2025-05-27,5. Mean Reversion,-0.05984652871899378
2025-05-28,5. Mean Reversion,-0.06530061255234347
2025-05-29,5. Mean Reversion,-0.05993290365299149
2025-05-30,5. Mean Reversion,-0.060642680920584315
2025-06-02,5. Mean Reversion,-0.0592451102732619
2025-06-03,5. Mean Reversion,-0.05939450289322146
2025-06-04,5. Mean Reversion,-0.06061557102063127
2025-06-05,5. Mean Reversion,-0.06861017458210053
2025-06-06,5. Mean Reversion,-0.05795878479844527
2025-06-09,5. Mean Reversion,-0.05509883294766893
2025-06-10,5. Mean Reversion,-0.046625899734783906
2025-06-11,5. Mean Reversion,-0.05002897800475033
2025-06-12,5. Mean Reversion,-0.048264079142951055
2025-06-13,5. Mean Reversion,-0.05642486114061258
2025-06-16,5. Mean Reversion,-0.05325390509546918
2025-06-17,5. Mean Reversion,-0.06045626895123178
2025-06-18,5. Mean Reversion,-0.06561018905484975
2025-06-20,5. Mean Reversion,-0.06392363622942043
2025-06-23,5. Mean Reversion,-0.05739311533069407
2025-06-24,5. Mean Reversion,-0.054514196611436146
2025-06-25,5. Mean Reversion,-0.05582958910912394
2025-06-26,5. Mean Reversion,-0.051293658688729996
2025-06-27,5. Mean Reversion,-0.0451582636416128
2025-06-30,5. Mean Reversion,-0.045686490240270605
2025-07-01,5. Mean Reversion,-0.04262666743017504
2025-07-02,5. Mean Reversion,-0.03696370916688524
2025-07-03,5. Mean Reversion,-0.0312848039153076
2025-07-07,5. Mean Reversion,-0.04184037426832656
2025-07-08,5. Mean Reversion,-0.045800659828975736
2025-07-09,5. Mean Reversion,-0.043514692433923884
2025-07-10,5. Mean Reversion,-0.03825352404895688
2025-07-11,5. Mean Reversion,-0.042198839808929356
2025-07-14,5. Mean Reversion,-0.043024874837340285
2025-07-15,5. Mean Reversion,-0.050924419225626204
2025-07-16,5. Mean Reversion,-0.04306086871810215
2025-07-17,5. Mean Reversion,-0.04032905271894795
2025-07-18,5. Mean Reversion,-0.04018274152091197
2025-07-21,5. Mean Reversion,-0.035448582390260185
2025-07-22,5. Mean Reversion,-0.027817249621947943
2025-07-23,5. Mean Reversion,-0.02347449467902272
2025-07-24,5. Mean Reversion,-0.02749501796890804
2025-07-25,5. Mean Reversion,-0.02458626105728375
2025-07-28,5. Mean Reversion,-0.02483097881004488
2025-07-29,5. Mean Reversion,-0.025486922166906685
2025-07-30,5. Mean Reversion,-0.03257096652149476
2025-07-31,5. Mean Reversion,-0.03311364250527792
2025-08-01,5. Mean Reversion,-0.04204696616582611
2025-08-04,5. Mean Reversion,-0.03243019392887157
2025-08-05,5. Mean Reversion,-0.03316919238543588
2025-08-06,5. Mean Reversion,-0.025592769624204828
2025-08-07,5. Mean Reversion,-0.02654437578206176
2025-08-08,5. Mean Reversion,-0.01461048970927576
2025-08-11,5. Mean Reversion,-0.012400281932943192
2025-08-12,5. Mean Reversion,-0.0051932266254549435
2025-08-13,5. Mean Reversion,-0.0011793002172650637
2025-08-14,5. Mean Reversion,-0.0006037064055820768
2025-08-15,5. Mean Reversion,-0.0030181136528420146
2025-08-18,5. Mean Reversion,-0.0018032114081315523
2025-08-19,5. Mean Reversion,-7.807604247841857e-05
2025-08-20,5. Mean Reversion,0.0
2025-08-21,5. Mean Reversion,-0.004926763709903952
2025-08-22,5. Mean Reversion,0.0
2025-08-25,5. Mean Reversion,-0.005900982341973988
2025-08-26,5. Mean Reversion,-0.00407346720620386
2025-08-27,5. Mean Reversion,-0.0023749765281092326
2025-08-28,5. Mean Reversion,-0.003947095810927718
2025-08-29,5. Mean Reversion,-0.004686603131102116
2025-09-02,5. Mean Reversion,-0.008454245827670886
2025-09-03,5. Mean Reversion,-0.006422973975957924
2025-09-04,5. Mean Reversion,0.0
2025-09-05,5. Mean Reversion,-0.01002316760672024
2025-09-08,5. Mean Reversion,-0.007777633194859221
2025-09-09,5. Mean Reversion,-0.00196130747576231
2025-09-10,5. Mean Reversion,-0.007183458388884969
2025-09-11,5. Mean Reversion,-2.6235461865641617e-05
2025-09-12,5. Mean Reversion,0.0
2025-09-15,5. Mean Reversion,0.0
2025-09-16,5. Mean Reversion,0.0
2025-09-17,5. Mean Reversion,0.0
2025-09-18,5. Mean Reversion,-0.0030408829232458387
2025-09-19,5. Mean Reversion,-0.00019000519634285908
2025-09-22,5. Mean Reversion,-0.0004979769330136135
2025-09-23,5. Mean Reversion,-0.009749415831510852
2025-09-24,5. Mean Reversion,-0.007661754173613404
2025-09-25,5. Mean Reversion,-0.013452577871506772
2025-09-26,5. Mean Reversion,-0.007957051160957997
2025-09-29,5. Mean Reversion,-0.004378615043401792
2025-09-30,5. Mean Reversion,-0.004979783618240866
2025-10-01,5. Mean Reversion,-0.005239307592961674
2025-10-02,5. Mean Reversion,-0.007331790519590009
2025-10-03,5. Mean Reversion,-0.005267338558202657
2025-10-06,5. Mean Reversion,-0.0070123071280839815
2025-10-07,5. Mean Reversion,-0.004859998004738481
2025-10-08,5. Mean Reversion,-0.00647321088007242
2025-10-09,5. Mean Reversion,-0.008893319407791006
2025-10-10,5. Mean Reversion,-0.025868120549755746
2025-10-13,5. Mean Reversion,-0.019621271462559403
2025-10-14,5. Mean Reversion,-0.016208311459226497
2025-10-15,5. Mean Reversion,-0.01537253767610947
2025-10-16,5. Mean Reversion,-0.024178556898942497
2025-10-17,5. Mean Reversion,-0.013933077045333348
2025-10-20,5. Mean Reversion,-0.004515265725053875
2025-10-21,5. Mean Reversion,0.0
2025-10-22,5. Mean Reversion,-0.008829510702613475
2025-10-23,5. Mean Reversion,-0.007453883721460989
2025-10-24,5. Mean Reversion,-0.004634051024701447
2025-10-27,5. Mean Reversion,0.0
2025-10-28,5. Mean Reversion,0.0
2025-10-29,5. Mean Reversion,-0.005793309942862844
2025-10-30,5. Mean Reversion,-0.013303148995571458
2025-10-31,5. Mean Reversion,-0.013779636929308803
2025-11-03,5. Mean Reversion,-0.017570979723301464
2025-11-04,5. Mean Reversion,-0.021894683945796828
2025-11-05,5. Mean Reversion,-0.022320491669453265
2025-11-06,5. Mean Reversion,-0.028216547621384522
2025-11-07,5. Mean Reversion,-0.02824163039443279
2025-11-10,5. Mean Reversion,-0.02062070992230889
2025-11-11,5. Mean Reversion,-0.008994596024742733
2025-11-12,5. Mean Reversion,-0.008918190412030591
2025-11-13,5. Mean Reversion,-0.02331847486515157
2025-11-14,5. Mean Reversion,-0.0329002011813259
2025-11-17,5. Mean Reversion,-0.09438218089519168
2025-11-18,5. Mean Reversion,-0.10328927240600048
2025-11-19,5. Mean Reversion,-0.10600425053727418
2025-11-20,5. Mean Reversion,-0.11086489433318483
2025-11-21,5. Mean Reversion,-0.10118846442300342
2025-11-24,5. Mean Reversion,-0.09829863151779636
2025-11-25,5. Mean Reversion,-0.08482926150926552
2025-11-26,5. Mean Reversion,-0.08525818064353292
2015-11-30,6. GMVP,0.0
2015-12-01,6. GMVP,0.0
2015-12-02,6. GMVP,0.0
2015-12-03,6. GMVP,0.0
2015-12-04,6. GMVP,0.0
2015-12-07,6. GMVP,0.0
2015-12-08,6. GMVP,0.0
2015-12-09,6. GMVP,0.0
2015-12-10,6. GMVP,0.0
2015-12-11,6. GMVP,0.0
2015-12-14,6. GMVP,0.0
2015-12-15,6. GMVP,0.0
2015-12-16,6. GMVP,0.0
2015-12-17,6. GMVP,0.0
2015-12-18,6. GMVP,0.0
2015-12-21,6. GMVP,0.0
2015-12-22,6. GMVP,0.0
2015-12-23,6. GMVP,0.0
2015-12-24,6. GMVP,0.0
2015-12-28,6. GMVP,0.0
2015-12-29,6. GMVP,0.0
2015-12-30,6. GMVP,0.0
2015-12-31,6. GMVP,-0.001100000000000323
2016-01-04,6. GMVP,-0.009747004674930948
2016-01-05,6. GMVP,0.0
2016-01-06,6. GMVP,-0.0026713591077044733
2016-01-07,6. GMVP,-0.0018812114369514028
2016-01-08,6. GMVP,-0.01560200839456802
2016-01-11,6. GMVP,-0.011975537268206644
2016-01-12,6. GMVP,-0.011590325565556444
2016-01-13,6. GMVP,-0.029289347204106475
2016-01-14,6. GMVP,-0.014124596672133427
2016-01-15,6. GMVP,-0.028148484360421267
2016-01-19,6. GMVP,-0.022186339072920155
2016-01-20,6. GMVP,-0.03827286586304456
2016-01-21,6. GMVP,-0.032588227586555905
2016-01-22,6. GMVP,-0.02189875804970733
2016-01-25,6. GMVP,-0.019179386568474073
2016-01-26,6. GMVP,-0.006630307609238317
2016-01-27,6. GMVP,-0.006117326604341917
2016-01-28,6. GMVP,-0.003952688864815129
2016-01-29,6. GMVP,-0.00478897430683905
2016-02-01,6. GMVP,-0.004311939322007204
2016-02-02,6. GMVP,-0.012794172911881193
2016-02-03,6. GMVP,-0.016096605603528234
2016-02-04,6. GMVP,-0.025062956426778537
2016-02-05,6. GMVP,-0.02427904652472362
2016-02-08,6. GMVP,-0.0271189864012752
2016-02-09,6. GMVP,-0.01664682468690816
2016-02-10,6. GMVP,-0.02123878668654121
2016-02-11,6. GMVP,-0.027928482141375575
2016-02-12,6. GMVP,-0.015114285171957701
2016-02-16,6. GMVP,-0.008137855463782427
2016-02-17,6. GMVP,-0.008004666622838325
2016-02-18,6. GMVP,-0.012641596359483096
2016-02-19,6. GMVP,-0.010021243426002023
2016-02-22,6. GMVP,0.0
2016-02-23,6. GMVP,-0.0016506981313541603
2016-02-24,6. GMVP,0.0
2016-02-25,6. GMVP,0.0
2016-02-26,6. GMVP,-0.019365844080751406
2016-02-29,6. GMVP,-0.019522167097379316
2016-03-01,6. GMVP,-0.008225782223637108
2016-03-02,6. GMVP,-0.008557846883371691
2016-03-03,6. GMVP,-0.007624167795413444
2016-03-04,6. GMVP,-0.006084365683075018
2016-03-07,6. GMVP,-0.003726650876325459
2016-03-08,6. GMVP,-0.003973264374587037
2016-03-09,6. GMVP,0.0
2016-03-10,6. GMVP,0.0
2016-03-11,6. GMVP,0.0
2016-03-14,6. GMVP,-0.0020304706646068014
2016-03-15,6. GMVP,-0.005644363214715538
2016-03-16,6. GMVP,-0.012556406054541879
2016-03-17,6. GMVP,-0.003629371317124646
2016-03-18,6. GMVP,-0.005225072673242857
2016-03-21,6. GMVP,0.0
2016-03-22,6. GMVP,0.0
2016-03-23,6. GMVP,-0.0022573711575768506
2016-03-24,6. GMVP,-0.00073937754334419
2016-03-28,6. GMVP,-0.0006362165661472961
2016-03-29,6. GMVP,0.0
2016-03-30,6. GMVP,0.0
2016-03-31,6. GMVP,-0.0002324869103005337
2016-04-01,6. GMVP,0.0
2016-04-04,6. GMVP,0.0
2016-04-05,6. GMVP,-0.0011269731859406091
2016-04-06,6. GMVP,0.0
2016-04-07,6. GMVP,-0.007237657039075516
2016-04-08,6. GMVP,-0.004130221446043863
2016-04-11,6. GMVP,-0.014150613212257218
2016-04-12,6. GMVP,-0.006599493385122352
2016-04-13,6. GMVP,-0.00824342067961828
2016-04-14,6. GMVP,-0.010893112254860312
2016-04-15,6. GMVP,-0.007777885824682124
2016-04-18,6. GMVP,-0.0026307172965729353
2016-04-19,6. GMVP,0.0
2016-04-20,6. GMVP,-0.021647277805529976
2016-04-21,6. GMVP,-0.031133969220782074
2016-04-22,6. GMVP,-0.021466847915274485
2016-04-25,6. GMVP,-0.017560735026838727
2016-04-26,6. GMVP,-0.02148977489351191
2016-04-27,6. GMVP,-0.020023234422539317
2016-04-28,6. GMVP,-0.022918658709658972
2016-04-29,6. GMVP,-0.023249449018500595
2016-05-02,6. GMVP,-0.017520034371543154
2016-05-03,6. GMVP,-0.016108740141356253
2016-05-04,6. GMVP,-0.017055344020286495
2016-05-05,6. GMVP,-0.014014709741100877
2016-05-06,6. GMVP,-0.008914905041319223
2016-05-09,6. GMVP,-0.0036951737077805607
2016-05-10,6. GMVP,0.0
2016-05-11,6. GMVP,-0.013965238872854682
2016-05-12,6. GMVP,-0.009952958030552172
2016-05-13,6. GMVP,-0.021369907449038546
2016-05-16,6. GMVP,-0.01280305808616086
2016-05-17,6. GMVP,-0.025410889549279385
2016-05-18,6. GMVP,-0.033710516518257204
2016-05-19,6. GMVP,-0.01544326626713192
2016-05-20,6. GMVP,-0.014636956923945487
2016-05-23,6. GMVP,-0.01714841708701094
2016-05-24,6. GMVP,-0.00836464116564867
2016-05-25,6. GMVP,-0.0047005176748407245
2016-05-26,6. GMVP,-0.0018403280343130156
2016-05-27,6. GMVP,-0.00023158528976664698
2016-05-31,6. GMVP,-0.0005223562540581774
2016-06-01,6. GMVP,0.0
2016-06-02,6. GMVP,0.0
2016-06-03,6. GMVP,0.0
2016-06-06,6. GMVP,0.0
2016-06-07,6. GMVP,-0.0012103267550711994
2016-06-08,6. GMVP,0.0
2016-06-09,6. GMVP,0.0
2016-06-10,6. GMVP,0.0
2016-06-13,6. GMVP,-0.011320855318517767
2016-06-14,6. GMVP,-0.008775126386468147
2016-06-15,6. GMVP,-0.01193490332629387
2016-06-16,6. GMVP,-0.00871652240764181
2016-06-17,6. GMVP,-0.019288016005580607
2016-06-20,6. GMVP,-0.013286016280408328
2016-06-21,6. GMVP,-0.011144450702794892
2016-06-22,6. GMVP,-0.013403775585503468
2016-06-23,6. GMVP,-0.007749475735214186
2016-06-24,6. GMVP,-0.02575199466743156
2016-06-27,6. GMVP,-0.026390347605041782
2016-06-28,6. GMVP,-0.014790595395884159
2016-06-29,6. GMVP,-0.004776386239649
2016-06-30,6. GMVP,0.0
2016-07-01,6. GMVP,-4.8316242408983867e-05
2016-07-05,6. GMVP,0.0
2016-07-06,6. GMVP,0.0
2016-07-07,6. GMVP,-0.002674251316821461
2016-07-08,6. GMVP,0.0
2016-07-11,6. GMVP,0.0
2016-07-12,6. GMVP,-0.0006103535258429073
2016-07-13,6. GMVP,0.0
2016-07-14,6. GMVP,0.0
2016-07-15,6. GMVP,-0.0016621891855970292
2016-07-18,6. GMVP,-0.001734992530726207
2016-07-19,6. GMVP,0.0
2016-07-20,6. GMVP,-0.0011960277393784197
2016-07-21,6. GMVP,-0.001872240464714256
2016-07-22,6. GMVP,0.0
2016-07-25,6. GMVP,-0.0018032208586732474
2016-07-26,6. GMVP,-0.006284125785523033
2016-07-27,6. GMVP,-0.019197033368849963
2016-07-28,6. GMVP,-0.01900464651368294
2016-07-29,6. GMVP,-0.01919266782631209
2016-08-01,6. GMVP,-0.015587366656591677
2016-08-02,6. GMVP,-0.02199267328263759
2016-08-03,6. GMVP,-0.029542632560085765
2016-08-04,6. GMVP,-0.030462899974203785
2016-08-05,6. GMVP,-0.02732153739738858
2016-08-08,6. GMVP,-0.03223648751719567
2016-08-09,6. GMVP,-0.03145248006402376
2016-08-10,6. GMVP,-0.029767395128043876
2016-08-11,6. GMVP,-0.027490833466052512
2016-08-12,6. GMVP,-0.02767738663809692
2016-08-15,6. GMVP,-0.02915431879965675
2016-08-16,6. GMVP,-0.03949761649064764
2016-08-17,6. GMVP,-0.03362917906457491
2016-08-18,6. GMVP,-0.03210803686286281
2016-08-19,6. GMVP,-0.038942167210257304
2016-08-22,6. GMVP,-0.04336384929228363
2016-08-23,6. GMVP,-0.04155669459341461
2016-08-24,6. GMVP,-0.04454051811161612
2016-08-25,6. GMVP,-0.047589689904770326
2016-08-26,6. GMVP,-0.04878424286312946
2016-08-29,6. GMVP,-0.042769506247471126
2016-08-30,6. GMVP,-0.047700045137465376
2016-08-31,6. GMVP,-0.04717364309509419
2016-09-01,6. GMVP,-0.04555758049491248
2016-09-02,6. GMVP,-0.043137992937874806
2016-09-06,6. GMVP,-0.040085542116275304
2016-09-07,6. GMVP,-0.043383072034018214
2016-09-08,6. GMVP,-0.045355454114468445
2016-09-09,6. GMVP,-0.06419458862078647
2016-09-12,6. GMVP,-0.0490046798786711
2016-09-13,6. GMVP,-0.06321943356031451
2016-09-14,6. GMVP,-0.06347538115364287
2016-09-15,6. GMVP,-0.056254748335837
2016-09-16,6. GMVP,-0.05874399431066366
2016-09-19,6. GMVP,-0.06318153658172837
2016-09-20,6. GMVP,-0.06026515628029464
2016-09-21,6. GMVP,-0.05453031021883762
2016-09-22,6. GMVP,-0.0499013428497414
2016-09-23,6. GMVP,-0.053461060314538005
2016-09-26,6. GMVP,-0.06470032628764359
2016-09-27,6. GMVP,-0.05488172261983114
2016-09-28,6. GMVP,-0.05627461716770782
2016-09-29,6. GMVP,-0.06860945476785951
2016-09-30,6. GMVP,-0.05832926680254149
2016-10-03,6. GMVP,-0.06002226572463236
2016-10-04,6. GMVP,-0.06164796214837892
2016-10-05,6. GMVP,-0.05985695095965392
2016-10-06,6. GMVP,-0.06625557364317926
2016-10-07,6. GMVP,-0.06616926276553464
2016-10-10,6. GMVP,-0.06641944947633699
2016-10-11,6. GMVP,-0.07710058248406126
2016-10-12,6. GMVP,-0.07472071477526687
2016-10-13,6. GMVP,-0.07434130607842182
2016-10-14,6. GMVP,-0.07653561472683064
2016-10-17,6. GMVP,-0.07626367683201755
2016-10-18,6. GMVP,-0.07987967040237343
2016-10-19,6. GMVP,-0.083178705860894
2016-10-20,6. GMVP,-0.08404594425751752
2016-10-21,6. GMVP,-0.08925515492898603
2016-10-24,6. GMVP,-0.084796342521776
2016-10-25,6. GMVP,-0.08164458163903819
2016-10-26,6. GMVP,-0.0797303544432387
2016-10-27,6. GMVP,-0.07856864473030868
2016-10-28,6. GMVP,-0.08075323838152663
2016-10-31,6. GMVP,-0.0792264912563788
2016-11-01,6. GMVP,-0.08728613963506258
2016-11-02,6. GMVP,-0.0906929031830452
2016-11-03,6. GMVP,-0.09360368645357353
2016-11-04,6. GMVP,-0.09682666978124077
2016-11-07,6. GMVP,-0.08365392377047967
2016-11-08,6. GMVP,-0.08103841935490208
2016-11-09,6. GMVP,-0.06508407420366115
2016-11-10,6. GMVP,-0.07052086588534237
2016-11-11,6. GMVP,-0.07653234383408204
2016-11-14,6. GMVP,-0.08394294499652621
2016-11-15,6. GMVP,-0.08193976591288797
2016-11-16,6. GMVP,-0.08401575813440716
2016-11-17,6. GMVP,-0.08891796666501432
2016-11-18,6. GMVP,-0.09648424253190918
2016-11-21,6. GMVP,-0.09217844764462292
2016-11-22,6. GMVP,-0.09732193052254809
2016-11-23,6. GMVP,-0.09632635729815875
2016-11-25,6. GMVP,-0.08850224228190187
2016-11-28,6. GMVP,-0.09101389453595533
2016-11-29,6. GMVP,-0.09457109298587253
2016-11-30,6. GMVP,-0.09485983863221763
2016-12-01,6. GMVP,-0.09810461576062224
2016-12-02,6. GMVP,-0.09431904017507196
2016-12-05,6. GMVP,-0.09341692053004977
2016-12-06,6. GMVP,-0.09289072073283505
2016-12-07,6. GMVP,-0.08804658622125786
2016-12-08,6. GMVP,-0.091030633558148
2016-12-09,6. GMVP,-0.0782481574669611
2016-12-12,6. GMVP,-0.06576589569739637
2016-12-13,6. GMVP,-0.06227427903747794
2016-12-14,6. GMVP,-0.06980856110201665
2016-12-15,6. GMVP,-0.06580561608827919
2016-12-16,6. GMVP,-0.06500640180751803
2016-12-19,6. GMVP,-0.06362935910949793
2016-12-20,6. GMVP,-0.06342816062881104
2016-12-21,6. GMVP,-0.06730535987963411
2016-12-22,6. GMVP,-0.07021611290612075
2016-12-23,6. GMVP,-0.06817680379347646
2016-12-27,6. GMVP,-0.0679664691503122
2016-12-28,6. GMVP,-0.0733558732284253
2016-12-29,6. GMVP,-0.07054853205173459
2016-12-30,6. GMVP,-0.0732488847979315
2017-01-03,6. GMVP,-0.06796084815486894
2017-01-04,6. GMVP,-0.06687187967944239
2017-01-05,6. GMVP,-0.06279813104225175
2017-01-06,6. GMVP,-0.06534595528519008
2017-01-09,6. GMVP,-0.06790050487805031
2017-01-10,6. GMVP,-0.07109105482552465
2017-01-11,6. GMVP,-0.07471572979621875
2017-01-12,6. GMVP,-0.07814455329008164
2017-01-13,6. GMVP,-0.07978824955037078
2017-01-17,6. GMVP,-0.07450502976493331
2017-01-18,6. GMVP,-0.07552622698063115
2017-01-19,6. GMVP,-0.08060888224367843
2017-01-20,6. GMVP,-0.07676290632556448
2017-01-23,6. GMVP,-0.07833551146291837
2017-01-24,6. GMVP,-0.07915830034266508
2017-01-25,6. GMVP,-0.07635342481183856
2017-01-26,6. GMVP,-0.08066341824329262
2017-01-27,6. GMVP,-0.07990160963406925
2017-01-30,6. GMVP,-0.07960484233537433
2017-01-31,6. GMVP,-0.08011121401642468
2017-02-01,6. GMVP,-0.07965806251885604
2017-02-02,6. GMVP,-0.07832817327010427
2017-02-03,6. GMVP,-0.07797362316956202
2017-02-06,6. GMVP,-0.07980552554729484
2017-02-07,6. GMVP,-0.0781210677586007
2017-02-08,6. GMVP,-0.07605008658844681
2017-02-09,6. GMVP,-0.0721595500602169
2017-02-10,6. GMVP,-0.07202408143652651
2017-02-13,6. GMVP,-0.06900205580070379
2017-02-14,6. GMVP,-0.06548009389668846
2017-02-15,6. GMVP,-0.058222484542794765
2017-02-16,6. GMVP,-0.054873325521695486
2017-02-17,6. GMVP,-0.0519089954760118
2017-02-21,6. GMVP,-0.044156573682532514
2017-02-22,6. GMVP,-0.044068748331524486
2017-02-23,6. GMVP,-0.03916818160835109
2017-02-24,6. GMVP,-0.03391311946023072
2017-02-27,6. GMVP,-0.03592352766364804
2017-02-28,6. GMVP,-0.03754227361711342
2017-03-01,6. GMVP,-0.028164685214675352
2017-03-02,6. GMVP,-0.028544944259381193
2017-03-03,6. GMVP,-0.029494160563589743
2017-03-06,6. GMVP,-0.03144597587560877
2017-03-07,6. GMVP,-0.03241184553794306
2017-03-08,6. GMVP,-0.03279816819880438
2017-03-09,6. GMVP,-0.02675354697832292
2017-03-10,6. GMVP,-0.0239972661851789
2017-03-13,6. GMVP,-0.02223495942717244
2017-03-14,6. GMVP,-0.020440827258903744
2017-03-15,6. GMVP,-0.013273764733283665
2017-03-16,6. GMVP,-0.014160582905593088
2017-03-17,6. GMVP,-0.016857609393895124
2017-03-20,6. GMVP,-0.015704624672562992
2017-03-21,6. GMVP,-0.019875612829633342
2017-03-22,6. GMVP,-0.021152853166307765
2017-03-23,6. GMVP,-0.02304584988193512
2017-03-24,6. GMVP,-0.025649422501160715
2017-03-27,6. GMVP,-0.02446449257933903
2017-03-28,6. GMVP,-0.020978303057763378
2017-03-29,6. GMVP,-0.02267869192380936
2017-03-30,6. GMVP,-0.020449660473594488
2017-03-31,6. GMVP,-0.02073486648825778
2017-04-03,6. GMVP,-0.0202420786779986
2017-04-04,6. GMVP,-0.019039776789595377
2017-04-05,6. GMVP,-0.019662774453100593
2017-04-06,6. GMVP,-0.018789659716417956
2017-04-07,6. GMVP,-0.019310896272828358
2017-04-10,6. GMVP,-0.019038440405082593
2017-04-11,6. GMVP,-0.019166685701513426
2017-04-12,6. GMVP,-0.01643875620966635
2017-04-13,6. GMVP,-0.01969115694177782
2017-04-17,6. GMVP,-0.014166787545381808
2017-04-18,6. GMVP,-0.022466918230558467
2017-04-19,6. GMVP,-0.02628869870804907
2017-04-20,6. GMVP,-0.021199347565683466
2017-04-21,6. GMVP,-0.022097431501460617
2017-04-24,6. GMVP,-0.01670343303447723
2017-04-25,6. GMVP,-0.010507990892225465
2017-04-26,6. GMVP,-0.011284161109475544
2017-04-27,6. GMVP,-0.00963270798486244
2017-04-28,6. GMVP,-0.00950387167459894
2017-05-01,6. GMVP,-0.009462406736900776
2017-05-02,6. GMVP,-0.008561886263323206
2017-05-03,6. GMVP,-0.013505427165000432
2017-05-04,6. GMVP,-0.013501891276780068
2017-05-05,6. GMVP,-0.011235538583066898
2017-05-08,6. GMVP,-0.009572845056700863
2017-05-09,6. GMVP,-0.008682465050554616
2017-05-10,6. GMVP,-0.013196001438475227
2017-05-11,6. GMVP,-0.013137027968282602
2017-05-12,6. GMVP,-0.011136684247685833
2017-05-15,6. GMVP,-0.002876003898066318
2017-05-16,6. GMVP,-0.0033699729396845478
2017-05-17,6. GMVP,-0.014006147960175453
2017-05-18,6. GMVP,-0.009785010634643683
2017-05-19,6. GMVP,-0.006167003702616479
2017-05-22,6. GMVP,-0.004356550548835347
2017-05-23,6. GMVP,-0.004885836854069791
2017-05-24,6. GMVP,-0.001724997187230649
2017-05-25,6. GMVP,0.0
2017-05-26,6. GMVP,-0.0003621379587506745
2017-05-30,6. GMVP,-0.00014794524967844805
2017-05-31,6. GMVP,-0.0005141259557353403
2017-06-01,6. GMVP,0.0
2017-06-02,6. GMVP,0.0
2017-06-05,6. GMVP,0.0
2017-06-06,6. GMVP,-0.0028267239590513767
2017-06-07,6. GMVP,-0.00243678906982157
2017-06-08,6. GMVP,-0.008957385524308348
2017-06-09,6. GMVP,-0.004124742620273655
2017-06-12,6. GMVP,-0.0017018798355925996
2017-06-13,6. GMVP,-0.0007371278471067366
2017-06-14,6. GMVP,0.0
2017-06-15,6. GMVP,-0.0010492333278845493
2017-06-16,6. GMVP,-0.005389463759316524
2017-06-19,6. GMVP,-0.0035519961027471324
2017-06-20,6. GMVP,-0.007066211258242728
2017-06-21,6. GMVP,-0.005224718421209323
2017-06-22,6. GMVP,-0.007556845365127102
2017-06-23,6. GMVP,-0.008782766823195122
2017-06-26,6. GMVP,-0.005680903318283893
2017-06-27,6. GMVP,-0.009599517166899543
2017-06-28,6. GMVP,-0.005482982856575912
2017-06-29,6. GMVP,-0.015614582706909286
2017-06-30,6. GMVP,-0.014551754090196642
2017-07-03,6. GMVP,-0.01036044368561537
2017-07-05,6. GMVP,-0.014693213598489033
2017-07-06,6. GMVP,-0.02384785224118133
2017-07-07,6. GMVP,-0.022966995027310484
2017-07-10,6. GMVP,-0.02873786954951266
2017-07-11,6. GMVP,-0.028193921380704676
2017-07-12,6. GMVP,-0.021860260733361385
2017-07-13,6. GMVP,-0.020239075066362692
2017-07-14,6. GMVP,-0.013620511479282666
2017-07-17,6. GMVP,-0.014175981907116808
2017-07-18,6. GMVP,-0.008586964559652696
2017-07-19,6. GMVP,-0.0045283175768163824
2017-07-20,6. GMVP,-0.004618108942513666
2017-07-21,6. GMVP,-0.007454717194529298
2017-07-24,6. GMVP,-0.011669226389531683
2017-07-25,6. GMVP,-0.007874480508398455
2017-07-26,6. GMVP,-0.0061335249385544134
2017-07-27,6. GMVP,0.0
2017-07-28,6. GMVP,0.0
2017-07-31,6. GMVP,-0.0003251908377241438
2017-08-01,6. GMVP,0.0
2017-08-02,6. GMVP,-0.0008724894827190713
2017-08-03,6. GMVP,0.0
2017-08-04,6. GMVP,-0.0012821711551581198
2017-08-07,6. GMVP,0.0
2017-08-08,6. GMVP,0.0
2017-08-09,6. GMVP,-0.0028207911953005154
2017-08-10,6. GMVP,-0.011265226959653667
2017-08-11,6. GMVP,-0.011560565723868682
2017-08-14,6. GMVP,-0.008579478013230436
2017-08-15,6. GMVP,-0.00808381499441447
2017-08-16,6. GMVP,-0.005813492343293758
2017-08-17,6. GMVP,-0.016929734398608044
2017-08-18,6. GMVP,-0.019976904562401206
2017-08-21,6. GMVP,-0.01697251805273481
2017-08-22,6. GMVP,-0.010289830872582178
2017-08-23,6. GMVP,-0.015830588426491883
2017-08-24,6. GMVP,-0.019312676689751097
2017-08-25,6. GMVP,-0.017662088726042306
2017-08-28,6. GMVP,-0.017632028613486228
2017-08-29,6. GMVP,-0.016643925589087703
2017-08-30,6. GMVP,-0.018270681757267523
2017-08-31,6. GMVP,-0.01772594404138503
2017-09-01,6. GMVP,-0.016617681187928914
2017-09-05,6. GMVP,-0.01678459176424827
2017-09-06,6. GMVP,-0.011435306525083452
2017-09-07,6. GMVP,-0.014025179064985977
2017-09-08,6. GMVP,-0.01808941560645372
2017-09-11,6. GMVP,-0.010011432222308358
2017-09-12,6. GMVP,-0.007412824408584492
2017-09-13,6. GMVP,-0.005240834277152239
2017-09-14,6. GMVP,-0.007554437249285199
2017-09-15,6. GMVP,-0.004887775363679304
2017-09-18,6. GMVP,-0.004761042222210701
2017-09-19,6. GMVP,-0.002884772285103553
2017-09-20,6. GMVP,-0.0043082480002803805
2017-09-21,6. GMVP,-0.011761593808943226
2017-09-22,6. GMVP,-0.013955054913535086
2017-09-25,6. GMVP,-0.013249547606330393
2017-09-26,6. GMVP,-0.01444828409742306
2017-09-27,6. GMVP,-0.01812697172297223
2017-09-28,6. GMVP,-0.018106662899098885
2017-09-29,6. GMVP,-0.018404611015619528
2017-10-02,6. GMVP,-0.015068886168011527
2017-10-03,6. GMVP,-0.008391260999346551
2017-10-04,6. GMVP,-0.006859829997023448
2017-10-05,6. GMVP,-0.004830949296431974
2017-10-06,6. GMVP,-0.0054928397943024895
2017-10-09,6. GMVP,-0.004833282561467739
2017-10-10,6. GMVP,0.0
2017-10-11,6. GMVP,0.0
2017-10-12,6. GMVP,-0.001866657351206697
2017-10-13,6. GMVP,-0.00011327747796446559
2017-10-16,6. GMVP,0.0
2017-10-17,6. GMVP,0.0
2017-10-18,6. GMVP,-0.001005485021645392
2017-10-19,6. GMVP,0.0
2017-10-20,6. GMVP,-0.00029067351246850267
2017-10-23,6. GMVP,0.0
2017-10-24,6. GMVP,-0.002474437475296326
2017-10-25,6. GMVP,-0.0031495084757535334
2017-10-26,6. GMVP,0.0
2017-10-27,6. GMVP,0.0
2017-10-30,6. GMVP,-0.006338461665848311
2017-10-31,6. GMVP,-0.0062524317697465305
2017-11-01,6. GMVP,-0.0034617790086619387
2017-11-02,6. GMVP,-0.005438589074941372
2017-11-03,6. GMVP,-0.002246773406444697
2017-11-06,6. GMVP,-0.0040422615256506585
2017-11-07,6. GMVP,-0.000982873738964746
2017-11-08,6. GMVP,0.0
2017-11-09,6. GMVP,0.0
2017-11-10,6. GMVP,0.0
2017-11-13,6. GMVP,0.0
2017-11-14,6. GMVP,0.0
2017-11-15,6. GMVP,-0.007205128827209017
2017-11-16,6. GMVP,0.0
2017-11-17,6. GMVP,-0.008993010647701406
2017-11-20,6. GMVP,-0.00901977877304361
2017-11-21,6. GMVP,-0.004202353814440052
2017-11-22,6. GMVP,-0.006262734722886708
2017-11-24,6. GMVP,-0.0042455076191298645
2017-11-27,6. GMVP,-0.0029659475242183302
2017-11-28,6. GMVP,0.0
2017-11-29,6. GMVP,0.0
2017-11-30,6. GMVP,-0.00033581641460707676
2017-12-01,6. GMVP,0.0
2017-12-04,6. GMVP,0.0
2017-12-05,6. GMVP,-0.004629460405963015
2017-12-06,6. GMVP,-0.005978048482065532
2017-12-07,6. GMVP,-0.009855145252144752
2017-12-08,6. GMVP,-0.01022361471063215
2017-12-11,6. GMVP,-0.005546063477760835
2017-12-12,6. GMVP,-0.0035914146461348984
2017-12-13,6. GMVP,0.0
2017-12-14,6. GMVP,0.0
2017-12-15,6. GMVP,0.0
2017-12-18,6. GMVP,0.0
2017-12-19,6. GMVP,0.0
2017-12-20,6. GMVP,-0.003443433807605087
2017-12-21,6. GMVP,-0.004292862551356782
2017-12-22,6. GMVP,-0.005979580692034425
2017-12-26,6. GMVP,-0.004169907267657813
2017-12-27,6. GMVP,-0.0032193793582091803
2017-12-28,6. GMVP,-0.003530656063955032
2017-12-29,6. GMVP,-0.006458717985372697
2018-01-02,6. GMVP,-0.0020946552001571907
2018-01-03,6. GMVP,0.0
2018-01-04,6. GMVP,0.0
2018-01-05,6. GMVP,0.0
2018-01-08,6. GMVP,-0.0005738470073340449
2018-01-09,6. GMVP,0.0
2018-01-10,6. GMVP,-0.0028585238388057427
2018-01-11,6. GMVP,0.0
2018-01-12,6. GMVP,0.0
2018-01-16,6. GMVP,0.0
2018-01-17,6. GMVP,0.0
2018-01-18,6. GMVP,-0.002682981066660519
2018-01-19,6. GMVP,0.0
2018-01-22,6. GMVP,0.0
2018-01-23,6. GMVP,-0.006749703252683274
2018-01-24,6. GMVP,-0.0044786615428158115
2018-01-25,6. GMVP,-0.001743978689805219
2018-01-26,6. GMVP,0.0
2018-01-29,6. GMVP,-0.009091370048392642
2018-01-30,6. GMVP,-0.019380369335412734
2018-01-31,6. GMVP,-0.025139178766224565
2018-02-01,6. GMVP,-0.022345998231902964
2018-02-02,6. GMVP,-0.04223664569292479
2018-02-05,6. GMVP,-0.08565773612313837
2018-02-06,6. GMVP,-0.07392450221269797
2018-02-07,6. GMVP,-0.07890812711270166
2018-02-08,6. GMVP,-0.11085949285539619
2018-02-09,6. GMVP,-0.10234868755735141
2018-02-12,6. GMVP,-0.0916037731561955
2018-02-13,6. GMVP,-0.08823763854798816
2018-02-14,6. GMVP,-0.08400073442478974
2018-02-15,6. GMVP,-0.07408024859611514
2018-02-16,6. GMVP,-0.06826431576444011
2018-02-20,6. GMVP,-0.08137356505062389
2018-02-21,6. GMVP,-0.09122742826675602
2018-02-22,6. GMVP,-0.0868070037383515
2018-02-23,6. GMVP,-0.07339719682199022
2018-02-26,6. GMVP,-0.06511748111403505
2018-02-27,6. GMVP,-0.07864029423017938
2018-02-28,6. GMVP,-0.079241833487605
2018-03-01,6. GMVP,-0.08337772798459077
2018-03-02,6. GMVP,-0.07748988232989801
2018-03-05,6. GMVP,-0.07000900521532011
2018-03-06,6. GMVP,-0.07027892085137635
2018-03-07,6. GMVP,-0.07587043980038306
2018-03-08,6. GMVP,-0.0671998534447475
2018-03-09,6. GMVP,-0.05805447542941211
2018-03-12,6. GMVP,-0.060079374521588826
2018-03-13,6. GMVP,-0.06246156930097371
2018-03-14,6. GMVP,-0.07261793054842618
2018-03-15,6. GMVP,-0.07303130414479517
2018-03-16,6. GMVP,-0.07218322582020761
2018-03-19,6. GMVP,-0.08102227403213991
2018-03-20,6. GMVP,-0.07964946470182768
2018-03-21,6. GMVP,-0.08285643456209218
2018-03-22,6. GMVP,-0.09658281622076859
2018-03-23,6. GMVP,-0.11007061524580132
2018-03-26,6. GMVP,-0.09593698089727334
2018-03-27,6. GMVP,-0.09785392304909098
2018-03-28,6. GMVP,-0.09665848492112793
2018-03-29,6. GMVP,-0.08803614641794086
2018-04-02,6. GMVP,-0.10854043313607889
2018-04-03,6. GMVP,-0.09390897512676114
2018-04-04,6. GMVP,-0.08263724204386805
2018-04-05,6. GMVP,-0.07729246971104174
2018-04-06,6. GMVP,-0.09065302215786017
2018-04-09,6. GMVP,-0.09043979225587682
2018-04-10,6. GMVP,-0.0810964376682789
2018-04-11,6. GMVP,-0.08354456256934054
2018-04-12,6. GMVP,-0.08138024313886479
2018-04-13,6. GMVP,-0.07839008890020431
2018-04-16,6. GMVP,-0.07413796461761035
2018-04-17,6. GMVP,-0.06923877737783474
2018-04-18,6. GMVP,-0.07209780447128349
2018-04-19,6. GMVP,-0.07876065991365261
2018-04-20,6. GMVP,-0.08823583561407697
2018-04-23,6. GMVP,-0.08863153892738711
2018-04-24,6. GMVP,-0.10161689116285151
2018-04-25,6. GMVP,-0.1038935277260995
2018-04-26,6. GMVP,-0.09435742501579257
2018-04-27,6. GMVP,-0.092714651426992
2018-04-30,6. GMVP,-0.0930490458679631
2018-05-01,6. GMVP,-0.10213086062760895
2018-05-02,6. GMVP,-0.11180642845977973
2018-05-03,6. GMVP,-0.11311057111484918
2018-05-04,6. GMVP,-0.10322342485970887
2018-05-07,6. GMVP,-0.10307195489234229
2018-05-08,6. GMVP,-0.10598399472338253
2018-05-09,6. GMVP,-0.09934619458066966
2018-05-10,6. GMVP,-0.0904132780276285
2018-05-11,6. GMVP,-0.08970675901261137
2018-05-14,6. GMVP,-0.08900226515862497
2018-05-15,6. GMVP,-0.09380413927985463
2018-05-16,6. GMVP,-0.09118783163609562
2018-05-17,6. GMVP,-0.08551413018835184
2018-05-18,6. GMVP,-0.09062587011774624
2018-05-21,6. GMVP,-0.08423035472993476
2018-05-22,6. GMVP,-0.08605096953012607
2018-05-23,6. GMVP,-0.08363083376204279
2018-05-24,6. GMVP,-0.08939815780397548
2018-05-25,6. GMVP,-0.08983092438307409
2018-05-29,6. GMVP,-0.09362787960590495
2018-05-30,6. GMVP,-0.08062942083198325
2018-05-31,6. GMVP,-0.08877961067495989
2018-06-01,6. GMVP,-0.08429696607263991
2018-06-04,6. GMVP,-0.07856293675242099
2018-06-05,6. GMVP,-0.08208361504217859
2018-06-06,6. GMVP,-0.07372505197723095
2018-06-07,6. GMVP,-0.06781044132257144
2018-06-08,6. GMVP,-0.05738394065184068
2018-06-11,6. GMVP,-0.05638363238546147
2018-06-12,6. GMVP,-0.056317725003269994
2018-06-13,6. GMVP,-0.0607536376390162
2018-06-14,6. GMVP,-0.06569193310749723
2018-06-15,6. GMVP,-0.058813291136481996
2018-06-18,6. GMVP,-0.0685228953852656
2018-06-19,6. GMVP,-0.06732949196819207
2018-06-20,6. GMVP,-0.07008542610586943
2018-06-21,6. GMVP,-0.07204664953117106
2018-06-22,6. GMVP,-0.06633928301419215
2018-06-25,6. GMVP,-0.06862801106984644
2018-06-26,6. GMVP,-0.06775683467303567
2018-06-27,6. GMVP,-0.07175958718557897
2018-06-28,6. GMVP,-0.06429266360423139
2018-06-29,6. GMVP,-0.06455845551214326
2018-07-02,6. GMVP,-0.06479678566971003
2018-07-03,6. GMVP,-0.06565609459887496
2018-07-05,6. GMVP,-0.05423355216025709
2018-07-06,6. GMVP,-0.0527808670250133
2018-07-09,6. GMVP,-0.053204010377016484
2018-07-10,6. GMVP,-0.042731419490877894
2018-07-11,6. GMVP,-0.04611243328879606
2018-07-12,6. GMVP,-0.044388221909558816
2018-07-13,6. GMVP,-0.04079814089442719
2018-07-16,6. GMVP,-0.03950190809687379
2018-07-17,6. GMVP,-0.03285897931656909
2018-07-18,6. GMVP,-0.03384678966551717
2018-07-19,6. GMVP,-0.037767300123664804
2018-07-20,6. GMVP,-0.03694526113838628
2018-07-23,6. GMVP,-0.03992560064679639
2018-07-24,6. GMVP,-0.03222041307120283
2018-07-25,6. GMVP,-0.02092319212847824
2018-07-26,6. GMVP,-0.017143099654619177
2018-07-27,6. GMVP,-0.018515403810114794
2018-07-30,6. GMVP,-0.020150802677100794
2018-07-31,6. GMVP,-0.011674963173837014
2018-08-01,6. GMVP,-0.011674600066608707
2018-08-02,6. GMVP,-0.010596421335216056
2018-08-03,6. GMVP,-0.0019059482587464713
2018-08-06,6. GMVP,0.0
2018-08-07,6. GMVP,0.0
2018-08-08,6. GMVP,-0.003009354871501083
2018-08-09,6. GMVP,-0.005336694546349162
2018-08-10,6. GMVP,-0.010468011003194755
2018-08-13,6. GMVP,-0.014245043760023049
2018-08-14,6. GMVP,-0.013113879547661819
2018-08-15,6. GMVP,-0.010816425266618511
2018-08-16,6. GMVP,-0.002781643257852356
2018-08-17,6. GMVP,0.0
2018-08-20,6. GMVP,0.0
2018-08-21,6. GMVP,-0.0032394645546266667
2018-08-22,6. GMVP,-0.005545043716151616
2018-08-23,6. GMVP,-0.008063633569409399
2018-08-24,6. GMVP,-0.00673122715778902
2018-08-27,6. GMVP,-0.005669065681310268
2018-08-28,6. GMVP,-0.007940671620248214
2018-08-29,6. GMVP,-0.005586346011846739
2018-08-30,6. GMVP,-0.009195419868047299
2018-08-31,6. GMVP,-0.012947618570200058
2018-09-04,6. GMVP,-0.012092549116310641
2018-09-05,6. GMVP,-0.006369897653487108
2018-09-06,6. GMVP,-0.007165850579631899
2018-09-07,6. GMVP,-0.006599100018912458
2018-09-10,6. GMVP,-0.0045712503512727615
2018-09-11,6. GMVP,-0.0018711029084471143
2018-09-12,6. GMVP,0.0
2018-09-13,6. GMVP,0.0
2018-09-14,6. GMVP,0.0
2018-09-17,6. GMVP,0.0
2018-09-18,6. GMVP,-0.00023545631918627083
2018-09-19,6. GMVP,0.0
2018-09-20,6. GMVP,0.0
2018-09-21,6. GMVP,-0.00022026538651672415
2018-09-24,6. GMVP,-0.004646646775913501
2018-09-25,6. GMVP,-0.008947796829638498
2018-09-26,6. GMVP,-0.008436964841910225
2018-09-27,6. GMVP,-0.005459241490658812
2018-09-28,6. GMVP,-0.0038565962087847936
2018-10-01,6. GMVP,-0.0008851212631479958
2018-10-02,6. GMVP,0.0
2018-10-03,6. GMVP,-0.006248259318400543
2018-10-04,6. GMVP,-0.012181284966584898
2018-10-05,6. GMVP,-0.013619385279249722
2018-10-08,6. GMVP,-0.006593316713948325
2018-10-09,6. GMVP,-0.005572238276011728
2018-10-10,6. GMVP,-0.0271133380524071
2018-10-11,6. GMVP,-0.05294455957300023
2018-10-12,6. GMVP,-0.045138033531781314
2018-10-15,6. GMVP,-0.045398215174648024
2018-10-16,6. GMVP,-0.030340878914952324
2018-10-17,6. GMVP,-0.02196015151407392
2018-10-18,6. GMVP,-0.03298903889541899
2018-10-19,6. GMVP,-0.008255776622291943
2018-10-22,6. GMVP,-0.013949406402089994
2018-10-23,6. GMVP,-0.013090617555350487
2018-10-24,6. GMVP,-0.022035762736307796
2018-10-25,6. GMVP,-0.014053735537184938
2018-10-26,6. GMVP,-0.02973774245306123
2018-10-29,6. GMVP,-0.026327142048638327
2018-10-30,6. GMVP,-0.012867707435090574
2018-10-31,6. GMVP,-0.013285692896218178
2018-11-01,6. GMVP,-0.006191411763257406
2018-11-02,6. GMVP,-0.008405073297546906
2018-11-05,6. GMVP,-0.0012546488382986396
2018-11-06,6. GMVP,0.0
2018-11-07,6. GMVP,0.0
2018-11-08,6. GMVP,-0.0033275407713662286
2018-11-09,6. GMVP,-0.0007674146651385429
2018-11-12,6. GMVP,-0.008464138293928261
2018-11-13,6. GMVP,-0.011441127376668829
2018-11-14,6. GMVP,-0.01692103167619231
2018-11-15,6. GMVP,-0.01285499507368625
2018-11-16,6. GMVP,-0.009873801602939908
2018-11-19,6. GMVP,-0.011504189158980521
2018-11-20,6. GMVP,-0.03280369529965318
2018-11-21,6. GMVP,-0.03844125182241344
2018-11-23,6. GMVP,-0.04174849345348076
2018-11-26,6. GMVP,-0.03594413565527722
2018-11-27,6. GMVP,-0.02801484822946113
2018-11-28,6. GMVP,-0.013917574838883853
2018-11-29,6. GMVP,-0.017890117609536176
2018-11-30,6. GMVP,-0.018337299857748172
2018-12-03,6. GMVP,-0.021595560918739362
2018-12-04,6. GMVP,-0.034848381377636434
2018-12-06,6. GMVP,-0.03744328373658763
2018-12-07,6. GMVP,-0.04922585963497813
2018-12-10,6. GMVP,-0.04723542641101716
2018-12-11,6. GMVP,-0.04449704836236035
2018-12-12,6. GMVP,-0.04663187551686019
2018-12-13,6. GMVP,-0.03845396898676065
2018-12-14,6. GMVP,-0.045163044623944645
2018-12-17,6. GMVP,-0.06587584009888084
2018-12-18,6. GMVP,-0.06895592882099173
2018-12-19,6. GMVP,-0.08003678351276794
2018-12-20,6. GMVP,-0.09111733614450444
2018-12-21,6. GMVP,-0.09863912936555937
2018-12-24,6. GMVP,-0.12782646333151174
2018-12-26,6. GMVP,-0.09656006205909186
2018-12-27,6. GMVP,-0.08588802223344266
2018-12-28,6. GMVP,-0.0903763234290629
2018-12-31,6. GMVP,-0.08469617198079592
2019-01-02,6. GMVP,-0.08625357036437147
2019-01-03,6. GMVP,-0.09969602317229634
2019-01-04,6. GMVP,-0.07712477813088561
2019-01-07,6. GMVP,-0.08066427761161062
2019-01-08,6. GMVP,-0.07231727467405648
2019-01-09,6. GMVP,-0.08019959223682054
2019-01-10,6. GMVP,-0.07690392532611255
2019-01-11,6. GMVP,-0.07426657756446658
2019-01-14,6. GMVP,-0.07719668744499658
2019-01-15,6. GMVP,-0.07003471207745834
2019-01-16,6. GMVP,-0.07739928342583788
2019-01-17,6. GMVP,-0.07538148011422817
2019-01-18,6. GMVP,-0.06641821383009272
2019-01-22,6. GMVP,-0.07083402034547787
2019-01-23,6. GMVP,-0.06101552703776042
2019-01-24,6. GMVP,-0.06831377616735164
2019-01-25,6. GMVP,-0.07020591599545989
2019-01-28,6. GMVP,-0.07490802919749252
2019-01-29,6. GMVP,-0.07233470047905667
2019-01-30,6. GMVP,-0.06288016458376972
2019-01-31,6. GMVP,-0.063194478254123
2019-02-01,6. GMVP,-0.05544359498239043
2019-02-04,6. GMVP,-0.0492274812122537
2019-02-05,6. GMVP,-0.047834321734816394
2019-02-06,6. GMVP,-0.04908102033523535
2019-02-07,6. GMVP,-0.050712689658703035
2019-02-08,6. GMVP,-0.05027818351939096
2019-02-11,6. GMVP,-0.051851708502530645
2019-02-12,6. GMVP,-0.047889280532396
2019-02-13,6. GMVP,-0.04407874021971468
2019-02-14,6. GMVP,-0.08487212421719692
2019-02-15,6. GMVP,-0.08122226961971173
2019-02-19,6. GMVP,-0.0813264770934246
2019-02-20,6. GMVP,-0.08018867229383725
2019-02-21,6. GMVP,-0.0732082390704852
2019-02-22,6. GMVP,-0.07601837608827311
2019-02-25,6. GMVP,-0.08060996028089937
2019-02-26,6. GMVP,-0.0838262138802235
2019-02-27,6. GMVP,-0.08291241285028694
2019-02-28,6. GMVP,-0.08329047030397956
2019-03-01,6. GMVP,-0.08208519490303896
2019-03-04,6. GMVP,-0.0800695633867075
2019-03-05,6. GMVP,-0.08017305115802231
2019-03-06,6. GMVP,-0.08405178300633286
2019-03-07,6. GMVP,-0.08891531741981804
2019-03-08,6. GMVP,-0.09435856486307775
2019-03-11,6. GMVP,-0.07864297518029954
2019-03-12,6. GMVP,-0.07851773564534113
2019-03-13,6. GMVP,-0.07484248468764779
2019-03-14,6. GMVP,-0.08083203399158885
2019-03-15,6. GMVP,-0.08030202683772737
2019-03-18,6. GMVP,-0.07955620960591443
2019-03-19,6. GMVP,-0.07978382528227719
2019-03-20,6. GMVP,-0.08287614367715587
2019-03-21,6. GMVP,-0.08290025937370302
2019-03-22,6. GMVP,-0.08709019566207453
2019-03-25,6. GMVP,-0.0873939276340137
2019-03-26,6. GMVP,-0.07672332550057144
2019-03-27,6. GMVP,-0.08009333536737777
2019-03-28,6. GMVP,-0.07752910612374746
2019-03-29,6. GMVP,-0.0777993377511475
2019-04-01,6. GMVP,-0.07186934475792024
2019-04-02,6. GMVP,-0.07400420555580273
2019-04-03,6. GMVP,-0.0746665261817581
2019-04-04,6. GMVP,-0.06918777699649709
2019-04-05,6. GMVP,-0.06669935551450956
2019-04-08,6. GMVP,-0.06326941297818595
2019-04-09,6. GMVP,-0.06444933316802556
2019-04-10,6. GMVP,-0.06355728671575502
2019-04-11,6. GMVP,-0.061927504957672276
2019-04-12,6. GMVP,-0.04336973860683918
2019-04-15,6. GMVP,-0.03836132254035783
2019-04-16,6. GMVP,-0.04008542206601152
2019-04-17,6. GMVP,-0.035690648913098366
2019-04-18,6. GMVP,-0.03623848622075602
2019-04-22,6. GMVP,-0.0377850134833479
2019-04-23,6. GMVP,-0.031443358214792015
2019-04-24,6. GMVP,-0.03128494000138697
2019-04-25,6. GMVP,-0.028330743144555474
2019-04-26,6. GMVP,-0.023399859350401963
2019-04-29,6. GMVP,-0.024234320135228672
2019-04-30,6. GMVP,-0.024480743232798845
2019-05-01,6. GMVP,-0.033910651789834864
2019-05-02,6. GMVP,-0.035980498023678725
2019-05-03,6. GMVP,-0.030119964104802735
2019-05-06,6. GMVP,-0.03219711848694234
2019-05-07,6. GMVP,-0.044518296395529275
2019-05-08,6. GMVP,-0.04587894343895555
2019-05-09,6. GMVP,-0.05242716758158356
2019-05-10,6. GMVP,-0.04273603579574466
2019-05-13,6. GMVP,-0.05401453039262281
2019-05-14,6. GMVP,-0.04861102710940941
2019-05-15,6. GMVP,-0.04264547963591088
2019-05-16,6. GMVP,-0.03383334737803254
2019-05-17,6. GMVP,-0.038589464931235135
2019-05-20,6. GMVP,-0.04063790368191904
2019-05-21,6. GMVP,-0.04233347435609552
2019-05-22,6. GMVP,-0.03562535519794264
2019-05-23,6. GMVP,-0.038083107853415996
2019-05-24,6. GMVP,-0.037192936061933114
2019-05-28,6. GMVP,-0.04592613428823316
2019-05-29,6. GMVP,-0.05448284513625637
2019-05-30,6. GMVP,-0.049280815362496046
2019-05-31,6. GMVP,-0.04945168695244085
2019-06-03,6. GMVP,-0.04313313950875561
2019-06-04,6. GMVP,-0.031128474413263937
2019-06-05,6. GMVP,-0.02127327116251717
2019-06-06,6. GMVP,-0.01237713238067214
2019-06-07,6. GMVP,-0.006895630478536232
2019-06-10,6. GMVP,-0.003652035355631982
2019-06-11,6. GMVP,-0.003099300548122596
2019-06-12,6. GMVP,-3.8414212206746894e-05
2019-06-13,6. GMVP,0.0
2019-06-14,6. GMVP,0.0
2019-06-17,6. GMVP,-0.0007144702120808201
2019-06-18,6. GMVP,-0.0006575412766894163
2019-06-19,6. GMVP,0.0
2019-06-20,6. GMVP,0.0
2019-06-21,6. GMVP,-0.0005261278840962577
2019-06-24,6. GMVP,0.0
2019-06-25,6. GMVP,-0.003196712733906435
2019-06-26,6. GMVP,-0.010645899152243414
2019-06-27,6. GMVP,-0.011368623685878978
2019-06-28,6. GMVP,-0.008770734636400998
2019-07-01,6. GMVP,-0.000762994905370053
2019-07-02,6. GMVP,0.0
2019-07-03,6. GMVP,0.0
2019-07-05,6. GMVP,-0.0037486435364074283
2019-07-08,6. GMVP,-0.003549055941024272
2019-07-09,6. GMVP,-0.005251012340655476
2019-07-10,6. GMVP,-4.3471948327987004e-05
2019-07-11,6. GMVP,0.0
2019-07-12,6. GMVP,0.0
2019-07-15,6. GMVP,0.0
2019-07-16,6. GMVP,-0.002370227526612315
2019-07-17,6. GMVP,-0.005669997196414527
2019-07-18,6. GMVP,-0.007130238450050692
2019-07-19,6. GMVP,-0.015263712692392848
2019-07-22,6. GMVP,-0.0168226254259337
2019-07-23,6. GMVP,-0.002475385374217888
2019-07-24,6. GMVP,-0.004950452129412556
2019-07-25,6. GMVP,-0.007913530817546938
2019-07-26,6. GMVP,0.0
2019-07-29,6. GMVP,-0.0009847097059290024
2019-07-30,6. GMVP,-0.0036082316555223135
2019-07-31,6. GMVP,-0.0175572282366679
2019-08-01,6. GMVP,-0.029526985258017533
2019-08-02,6. GMVP,-0.030147534378831137
2019-08-05,6. GMVP,-0.05292240929679026
2019-08-06,6. GMVP,-0.04206307553678798
2019-08-07,6. GMVP,-0.04222379467077839
2019-08-08,6. GMVP,-0.02923604363065546
2019-08-09,6. GMVP,-0.03576013113775643
2019-08-12,6. GMVP,-0.04741991189635191
2019-08-13,6. GMVP,-0.03796929999530368
2019-08-14,6. GMVP,-0.05890675509071893
2019-08-15,6. GMVP,-0.04421407163006608
2019-08-16,6. GMVP,-0.033955184326438966
2019-08-19,6. GMVP,-0.02529109077835257
2019-08-20,6. GMVP,-0.03397235707548484
2019-08-21,6. GMVP,-0.029352808226051165
2019-08-22,6. GMVP,-0.026552840154140344
2019-08-23,6. GMVP,-0.045255828204632226
2019-08-26,6. GMVP,-0.03389871708861507
2019-08-27,6. GMVP,-0.032556944139746996
2019-08-28,6. GMVP,-0.025249437850148958
2019-08-29,6. GMVP,-0.018649071135317514
2019-08-30,6. GMVP,-0.018943207018811647
2019-09-03,6. GMVP,-0.016646665779002347
2019-09-04,6. GMVP,-0.008652133725656477
2019-09-05,6. GMVP,-0.008013331560786555
2019-09-06,6. GMVP,-0.007467123173281342
2019-09-09,6. GMVP,-0.006240916539221481
2019-09-10,6. GMVP,-0.00483559256063946
2019-09-11,6. GMVP,0.0
2019-09-12,6. GMVP,0.0
2019-09-13,6. GMVP,-0.0008485134650896679
2019-09-16,6. GMVP,-0.009824076432466368
2019-09-17,6. GMVP,-0.0070053861582514846
2019-09-18,6. GMVP,-0.004357266345106737
2019-09-19,6. GMVP,-0.004965290464271221
2019-09-20,6. GMVP,-0.006738793969032343
2019-09-23,6. GMVP,-0.004182200374258861
2019-09-24,6. GMVP,-0.005118349748188008
2019-09-25,6. GMVP,-0.005369958939498922
2019-09-26,6. GMVP,-0.007516498395932545
2019-09-27,6. GMVP,-0.006295398613632125
2019-09-30,6. GMVP,-0.005632427150798719
2019-10-01,6. GMVP,-0.010738104624116923
2019-10-02,6. GMVP,-0.02643090703834854
2019-10-03,6. GMVP,-0.021657819269224887
2019-10-04,6. GMVP,-0.006279723526356439
2019-10-07,6. GMVP,-0.01377530479452869
2019-10-08,6. GMVP,-0.0222497392249876
2019-10-09,6. GMVP,-0.01822802023509396
2019-10-10,6. GMVP,-0.015275991007348716
2019-10-11,6. GMVP,-0.010272354161796192
2019-10-14,6. GMVP,-0.013335194423469317
2019-10-15,6. GMVP,-0.008691334406261634
2019-10-16,6. GMVP,-0.007463519086549669
2019-10-17,6. GMVP,-0.004163338272261794
2019-10-18,6. GMVP,-0.010993299167591172
2019-10-21,6. GMVP,-0.007013637141270284
2019-10-22,6. GMVP,-0.0030559009405852597
2019-10-23,6. GMVP,0.0
2019-10-24,6. GMVP,-0.0032521417674129726
2019-10-25,6. GMVP,-0.005496986742322922
2019-10-28,6. GMVP,-0.003824881476301488
2019-10-29,6. GMVP,-0.007541134576000655
2019-10-30,6. GMVP,0.0
2019-10-31,6. GMVP,-0.001791150755778329
2019-11-01,6. GMVP,0.0
2019-11-04,6. GMVP,-0.006771595026892007
2019-11-05,6. GMVP,-0.007284935672153364
2019-11-06,6. GMVP,-0.003970071955706903
2019-11-07,6. GMVP,-0.0036802550383038435
2019-11-08,6. GMVP,-0.0043366835482933725
2019-11-11,6. GMVP,-0.009538138519812061
2019-11-12,6. GMVP,-0.011252894771561448
2019-11-13,6. GMVP,-0.0029635575123073523
2019-11-14,6. GMVP,-0.0035805908687746323
2019-11-15,6. GMVP,0.0
2019-11-18,6. GMVP,0.0
2019-11-19,6. GMVP,-0.002963148996325578
2019-11-20,6. GMVP,-0.004395514360910572
2019-11-21,6. GMVP,-0.0027206382265313285
2019-11-22,6. GMVP,-4.944393841267927e-05
2019-11-25,6. GMVP,0.0
2019-11-26,6. GMVP,0.0
2019-11-27,6. GMVP,0.0
2019-11-29,6. GMVP,-0.0029992834790798055
2019-12-02,6. GMVP,-0.0019012393023630876
2019-12-03,6. GMVP,-0.006061402035552401
2019-12-04,6. GMVP,0.0
2019-12-05,6. GMVP,-0.0004688121937160104
2019-12-06,6. GMVP,0.0
2019-12-09,6. GMVP,-0.0014536310544456062
2019-12-10,6. GMVP,-0.004616546883060413
2019-12-11,6. GMVP,-0.0036934149667197077
2019-12-12,6. GMVP,0.0
2019-12-13,6. GMVP,0.0
2019-12-16,6. GMVP,0.0
2019-12-17,6. GMVP,0.0
2019-12-18,6. GMVP,-0.005993336659407174
2019-12-19,6. GMVP,-0.0011605907989420481
2019-12-20,6. GMVP,0.0
2019-12-23,6. GMVP,-0.0027679804678156315
2019-12-24,6. GMVP,-0.002710116445620273
2019-12-26,6. GMVP,-0.00013132910389832214
2019-12-27,6. GMVP,0.0
2019-12-30,6. GMVP,-0.00516812812194009
2019-12-31,6. GMVP,-0.005499811872112779
2020-01-02,6. GMVP,-0.004030850878134762
2020-01-03,6. GMVP,-0.011682792773869301
2020-01-06,6. GMVP,-0.011241839235205126
2020-01-07,6. GMVP,-0.015425736841479508
2020-01-08,6. GMVP,-0.014505360771503465
2020-01-09,6. GMVP,-0.0065232832386325395
2020-01-10,6. GMVP,-0.008720247217396709
2020-01-13,6. GMVP,-0.0045332429788000105
2020-01-14,6. GMVP,-0.0022195361086232005
2020-01-15,6. GMVP,0.0
2020-01-16,6. GMVP,0.0
2020-01-17,6. GMVP,0.0
2020-01-21,6. GMVP,0.0
2020-01-22,6. GMVP,0.0
2020-01-23,6. GMVP,-0.00044193889321699533
2020-01-24,6. GMVP,-0.007916134253738043
2020-01-27,6. GMVP,-0.007678999608652134
2020-01-28,6. GMVP,-0.00799485526619993
2020-01-29,6. GMVP,-0.010734253950263496
2020-01-30,6. GMVP,-0.0016933559726843139
2020-01-31,6. GMVP,-0.015202670683240129
2020-02-03,6. GMVP,-0.00846451008113872
2020-02-04,6. GMVP,0.0
2020-02-05,6. GMVP,0.0
2020-02-06,6. GMVP,-0.0009247858504451194
2020-02-07,6. GMVP,-0.0050024392166034
2020-02-10,6. GMVP,-0.00605071024101084
2020-02-11,6. GMVP,-0.006273491532892969
2020-02-12,6. GMVP,-0.007275528021139957
2020-02-13,6. GMVP,-0.004423084786691841
2020-02-14,6. GMVP,-0.002348967423391352
2020-02-18,6. GMVP,-0.0027175572243776772
2020-02-19,6. GMVP,-0.00271297082036149
2020-02-20,6. GMVP,-0.0035980554193834986
2020-02-21,6. GMVP,-0.0009959158194659688
2020-02-24,6. GMVP,-0.02895044285939918
2020-02-25,6. GMVP,-0.046279517398212365
2020-02-26,6. GMVP,-0.05293096947125238
2020-02-27,6. GMVP,-0.09222793973904464
2020-02-28,6. GMVP,-0.09249382952394827
2020-03-02,6. GMVP,-0.04569560731850806
2020-03-03,6. GMVP,-0.06390683711677708
2020-03-04,6. GMVP,-0.017746156422664496
2020-03-05,6. GMVP,-0.03935873899833056
2020-03-06,6. GMVP,-0.04756843936638517
2020-03-09,6. GMVP,-0.0898533563966204
2020-03-10,6. GMVP,-0.056079232707252756
2020-03-11,6. GMVP,-0.10818061202987875
2020-03-12,6. GMVP,-0.18140462847889133
2020-03-13,6. GMVP,-0.11560701588740359
2020-03-16,6. GMVP,-0.18475160265458962
2020-03-17,6. GMVP,-0.12378180548465319
2020-03-18,6. GMVP,-0.13827987046309256
2020-03-19,6. GMVP,-0.1710844246406442
2020-03-20,6. GMVP,-0.2192226772125088
2020-03-23,6. GMVP,-0.235952024256097
2020-03-24,6. GMVP,-0.19330190962943183
2020-03-25,6. GMVP,-0.19834948192372132
2020-03-26,6. GMVP,-0.15829213630569947
2020-03-27,6. GMVP,-0.17384843910603986
2020-03-30,6. GMVP,-0.12980737475364074
2020-03-31,6. GMVP,-0.1306722952405055
2020-04-01,6. GMVP,-0.14928542209437123
2020-04-02,6. GMVP,-0.12415357080538177
2020-04-03,6. GMVP,-0.12275039855438158
2020-04-06,6. GMVP,-0.07658212197109787
2020-04-07,6. GMVP,-0.08706174773428722
2020-04-08,6. GMVP,-0.07029968058314533
2020-04-09,6. GMVP,-0.06526149213098968
2020-04-13,6. GMVP,-0.053476675003798387
2020-04-14,6. GMVP,-0.013472773061059692
2020-04-15,6. GMVP,-0.016293065180527123
2020-04-16,6. GMVP,0.0
2020-04-17,6. GMVP,0.0
2020-04-20,6. GMVP,-0.01116201457637954
2020-04-21,6. GMVP,-0.029277944683170503
2020-04-22,6. GMVP,-0.014564315069281249
2020-04-23,6. GMVP,-0.016727244564882823
2020-04-24,6. GMVP,-0.01143339652380613
2020-04-27,6. GMVP,-0.010287113266533258
2020-04-28,6. GMVP,-0.022380248726131733
2020-04-29,6. GMVP,-0.02262661446224576
2020-04-30,6. GMVP,-0.020282863674077507
2020-05-01,6. GMVP,-0.04552999061150353
2020-05-04,6. GMVP,-0.0420091279601293
2020-05-05,6. GMVP,-0.036263244983907456
2020-05-06,6. GMVP,-0.039382425547621086
2020-05-07,6. GMVP,-0.04307907810803841
2020-05-08,6. GMVP,-0.030228503875019946
2020-05-11,6. GMVP,-0.026607063931652238
2020-05-12,6. GMVP,-0.039278558557028304
2020-05-13,6. GMVP,-0.04289439114380914
2020-05-14,6. GMVP,-0.04054990451100161
2020-05-15,6. GMVP,-0.0324910882480959
2020-05-18,6. GMVP,-0.0177555517778255
2020-05-19,6. GMVP,-0.024427046667608032
2020-05-20,6. GMVP,-0.011726219318002724
2020-05-21,6. GMVP,-0.024080321854414923
2020-05-22,6. GMVP,-0.029413005398054526
2020-05-26,6. GMVP,-0.02687170611502211
2020-05-27,6. GMVP,-0.027614599328488768
2020-05-28,6. GMVP,-0.021911098780044443
2020-05-29,6. GMVP,-0.022093397814411435
2020-06-01,6. GMVP,-0.02252439132068542
2020-06-02,6. GMVP,-0.020777848038394654
2020-06-03,6. GMVP,-0.016659807651414265
2020-06-04,6. GMVP,-0.02422498502140747
2020-06-05,6. GMVP,-0.016909000292038026
2020-06-08,6. GMVP,-0.009782298117180956
2020-06-09,6. GMVP,-0.005791948014002698
2020-06-10,6. GMVP,-0.0016335457385907159
2020-06-11,6. GMVP,-0.03832626529593078
2020-06-12,6. GMVP,-0.04343091915244867
2020-06-15,6. GMVP,-0.037496609579542796
2020-06-16,6. GMVP,-0.02327221879077063
2020-06-17,6. GMVP,-0.02232907635150221
2020-06-18,6. GMVP,-0.02238301422832654
2020-06-19,6. GMVP,-0.01945909993414013
2020-06-22,6. GMVP,-0.01236446428887212
2020-06-23,6. GMVP,-0.010142616945200399
2020-06-24,6. GMVP,-0.023955445840765432
2020-06-25,6. GMVP,-0.021367462906570277
2020-06-26,6. GMVP,-0.04097660970194936
2020-06-29,6. GMVP,-0.03466212119977181
2020-06-30,6. GMVP,-0.02125032271023903
2020-07-01,6. GMVP,-0.005277408735182254
2020-07-02,6. GMVP,-0.003993212981596627
2020-07-06,6. GMVP,0.0
2020-07-07,6. GMVP,0.0
2020-07-08,6. GMVP,0.0
2020-07-09,6. GMVP,0.0
2020-07-10,6. GMVP,0.0
2020-07-13,6. GMVP,-0.00856120956115942
2020-07-14,6. GMVP,0.0
2020-07-15,6. GMVP,-0.004190922285953298
2020-07-16,6. GMVP,-0.0045944515938019645
2020-07-17,6. GMVP,-0.007879987304379693
2020-07-20,6. GMVP,0.0
2020-07-21,6. GMVP,0.0
2020-07-22,6. GMVP,0.0
2020-07-23,6. GMVP,-0.015127141356220628
2020-07-24,6. GMVP,-0.015059043209162879
2020-07-27,6. GMVP,-0.010781766754127717
2020-07-28,6. GMVP,-0.015191593141676688
2020-07-29,6. GMVP,-0.015266038087328111
2020-07-30,6. GMVP,-0.016355314697834446
2020-07-31,6. GMVP,-0.016528620522816773
2020-08-03,6. GMVP,-0.022573520521812447
2020-08-04,6. GMVP,-0.013178735396547087
2020-08-05,6. GMVP,-0.009064794659467336
2020-08-06,6. GMVP,-0.008547621325554056
2020-08-07,6. GMVP,-0.008994022407098422
2020-08-10,6. GMVP,-0.007554871567075078
2020-08-11,6. GMVP,-0.018246913994293512
2020-08-12,6. GMVP,-0.001875709752149196
2020-08-13,6. GMVP,-0.004265269372872989
2020-08-14,6. GMVP,-0.00299801432162241
2020-08-17,6. GMVP,0.0
2020-08-18,6. GMVP,0.0
2020-08-19,6. GMVP,-0.013495252238400451
2020-08-20,6. GMVP,-0.012727129484690061
2020-08-21,6. GMVP,-0.009934319821268266
2020-08-24,6. GMVP,-0.006962708220736309
2020-08-25,6. GMVP,-0.006638107406065866
2020-08-26,6. GMVP,0.0
2020-08-27,6. GMVP,0.0
2020-08-28,6. GMVP,0.0
2020-08-31,6. GMVP,-0.001212309660346186
2020-09-01,6. GMVP,0.0
2020-09-02,6. GMVP,0.0
2020-09-03,6. GMVP,-0.02743780512404456
2020-09-04,6. GMVP,-0.035308191271045834
2020-09-08,6. GMVP,-0.06178394923391955
2020-09-09,6. GMVP,-0.04633565355669035
2020-09-10,6. GMVP,-0.06453620647528004
2020-09-11,6. GMVP,-0.06295910575499729
2020-09-14,6. GMVP,-0.0622643164000135
2020-09-15,6. GMVP,-0.05596437413333224
2020-09-16,6. GMVP,-0.06587078202303534
2020-09-17,6. GMVP,-0.07242514314325132
2020-09-18,6. GMVP,-0.07749252390397733
2020-09-21,6. GMVP,-0.08345151906616574
2020-09-22,6. GMVP,-0.06764253340254532
2020-09-23,6. GMVP,-0.08797439003619477
2020-09-24,6. GMVP,-0.08311789634315903
2020-09-25,6. GMVP,-0.07486987405060956
2020-09-28,6. GMVP,-0.06498073217868561
2020-09-29,6. GMVP,-0.06887540888058236
2020-09-30,6. GMVP,-0.06903571369391602
2020-10-01,6. GMVP,-0.06041218261992358
2020-10-02,6. GMVP,-0.07306166018768669
2020-10-05,6. GMVP,-0.06185744733231626
2020-10-06,6. GMVP,-0.07600300026413309
2020-10-07,6. GMVP,-0.06370018311981307
2020-10-08,6. GMVP,-0.05774515106803664
2020-10-09,6. GMVP,-0.04564483295607904
2020-10-12,6. GMVP,-0.03172711806296611
2020-10-13,6. GMVP,-0.03377296489149161
2020-10-14,6. GMVP,-0.04439166884605598
2020-10-15,6. GMVP,-0.04689399016563377
2020-10-16,6. GMVP,-0.0460138314759661
2020-10-19,6. GMVP,-0.05958552995793821
2020-10-20,6. GMVP,-0.05575458054318001
2020-10-21,6. GMVP,-0.061212137626408425
2020-10-22,6. GMVP,-0.058924399042411105
2020-10-23,6. GMVP,-0.054998761106925836
2020-10-26,6. GMVP,-0.06296150834927117
2020-10-27,6. GMVP,-0.05891744845932066
2020-10-28,6. GMVP,-0.08931020810652923
2020-10-29,6. GMVP,-0.08741038656387216
2020-10-30,6. GMVP,-0.10067174376188705
2020-11-02,6. GMVP,-0.09286371763550035
2020-11-03,6. GMVP,-0.08323084464905248
2020-11-04,6. GMVP,-0.07004796915432777
2020-11-05,6. GMVP,-0.06260796857658105
2020-11-06,6. GMVP,-0.05550362554468293
2020-11-09,6. GMVP,-0.049233235418563434
2020-11-10,6. GMVP,-0.04471859148372187
2020-11-11,6. GMVP,-0.03585046071234797
2020-11-12,6. GMVP,-0.04098780274955841
2020-11-13,6. GMVP,-0.02922690158108523
2020-11-16,6. GMVP,-0.026214641954245266
2020-11-17,6. GMVP,-0.03780894188921674
2020-11-18,6. GMVP,-0.04535108165243313
2020-11-19,6. GMVP,-0.037201874963308186
2020-11-20,6. GMVP,-0.04301526371831556
2020-11-23,6. GMVP,-0.04553956171162623
2020-11-24,6. GMVP,-0.04103648053546072
2020-11-25,6. GMVP,-0.037623426758018066
2020-11-27,6. GMVP,-0.035781243776476186
2020-11-30,6. GMVP,-0.03595249974371696
2020-12-01,6. GMVP,-0.024366115142561828
2020-12-02,6. GMVP,-0.02497477336420353
2020-12-03,6. GMVP,-0.026607687625990056
2020-12-04,6. GMVP,-0.022330920989037658
2020-12-07,6. GMVP,-0.025349120081119645
2020-12-08,6. GMVP,-0.014662487330602532
2020-12-09,6. GMVP,-0.020650288770624588
2020-12-10,6. GMVP,-0.02495132698737462
2020-12-11,6. GMVP,-0.023374398567715532
2020-12-14,6. GMVP,-0.03282330280151049
2020-12-15,6. GMVP,-0.029673621930713687
2020-12-16,6. GMVP,-0.0318756631376631
2020-12-17,6. GMVP,-0.02273045190185192
2020-12-18,6. GMVP,-0.022260582050924477
2020-12-21,6. GMVP,-0.02858427079684165
2020-12-22,6. GMVP,-0.03412864195330655
2020-12-23,6. GMVP,-0.03684661600556851
2020-12-24,6. GMVP,-0.03528402193053466
2020-12-28,6. GMVP,-0.023881596443534367
2020-12-29,6. GMVP,-0.020906479159597948
2020-12-30,6. GMVP,-0.02001873257133838
2020-12-31,6. GMVP,-0.016331612645993844
2021-01-04,6. GMVP,-0.024879078376951358
2021-01-05,6. GMVP,-0.023284629108854007
2021-01-06,6. GMVP,-0.030900348260031418
2021-01-07,6. GMVP,-0.02962152257980301
2021-01-08,6. GMVP,-0.025269479303741495
2021-01-11,6. GMVP,-0.030761035829048603
2021-01-12,6. GMVP,-0.0312191780370549
2021-01-13,6. GMVP,-0.03170868114181482
2021-01-14,6. GMVP,-0.03397290274254229
2021-01-15,6. GMVP,-0.04217048145052855
2021-01-19,6. GMVP,-0.040100944122338604
2021-01-20,6. GMVP,-0.02217707222531395
2021-01-21,6. GMVP,-0.02223233894613968
2021-01-22,6. GMVP,-0.01993020944630094
2021-01-25,6. GMVP,-0.014517945090405798
2021-01-26,6. GMVP,-0.0012161529121274548
2021-01-27,6. GMVP,-0.025053912493135082
2021-01-28,6. GMVP,-0.02033165622024468
2021-01-29,6. GMVP,-0.041307012012794055
2021-02-01,6. GMVP,-0.03655556114530886
2021-02-02,6. GMVP,-0.03360782195421002
2021-02-03,6. GMVP,-0.03882011388483264
2021-02-04,6. GMVP,-0.030992208335921968
2021-02-05,6. GMVP,-0.020597858015504743
2021-02-08,6. GMVP,-0.019509289478701525
2021-02-09,6. GMVP,-0.01602547367049579
2021-02-10,6. GMVP,-0.01967848341127799
2021-02-11,6. GMVP,-0.021124955989292784
2021-02-12,6. GMVP,-0.016920973830846977
2021-02-16,6. GMVP,-0.018797789133166046
2021-02-17,6. GMVP,-0.013679092794374233
2021-02-18,6. GMVP,-0.029836837057380494
2021-02-19,6. GMVP,-0.03965142848677908
2021-02-22,6. GMVP,-0.04510027805091679
2021-02-23,6. GMVP,-0.05087619474925916
2021-02-24,6. GMVP,-0.05252717098400183
2021-02-25,6. GMVP,-0.0616123147594213
2021-02-26,6. GMVP,-0.07596625386427264
2021-03-01,6. GMVP,-0.06487230105522658
2021-03-02,6. GMVP,-0.07012066479186693
2021-03-03,6. GMVP,-0.08449259914057163
2021-03-04,6. GMVP,-0.09225481589496594
2021-03-05,6. GMVP,-0.07970182600115047
2021-03-08,6. GMVP,-0.08169876079044312
2021-03-09,6. GMVP,-0.07532897435528048
2021-03-10,6. GMVP,-0.06421202861172456
2021-03-11,6. GMVP,-0.062344616909833096
2021-03-12,6. GMVP,-0.06059073382341024
2021-03-15,6. GMVP,-0.05755292554043282
2021-03-16,6. GMVP,-0.053779854339461336
2021-03-17,6. GMVP,-0.054825243744808634
2021-03-18,6. GMVP,-0.0686623519444433
2021-03-19,6. GMVP,-0.06291503062508687
2021-03-22,6. GMVP,-0.05667606223301862
2021-03-23,6. GMVP,-0.051668712410049084
2021-03-24,6. GMVP,-0.05347517668019617
2021-03-25,6. GMVP,-0.053431262039615145
2021-03-26,6. GMVP,-0.04126412232989806
2021-03-29,6. GMVP,-0.03146581908387552
2021-03-30,6. GMVP,-0.03926235639500879
2021-03-31,6. GMVP,-0.04001123651632718
2021-04-01,6. GMVP,-0.04130814794803886
2021-04-05,6. GMVP,-0.029398177079459444
2021-04-06,6. GMVP,-0.02892343588508466
2021-04-07,6. GMVP,-0.02751181401008642
2021-04-08,6. GMVP,-0.02669213138645621
2021-04-09,6. GMVP,-0.027385490491304794
2021-04-12,6. GMVP,-0.02510491111446195
2021-04-13,6. GMVP,-0.03212009394944297
2021-04-14,6. GMVP,-0.033286842104164174
2021-04-15,6. GMVP,-0.0256441504794727
2021-04-16,6. GMVP,-0.018838248485198026
2021-04-19,6. GMVP,-0.019876258510983208
2021-04-20,6. GMVP,-0.012768759803919847
2021-04-21,6. GMVP,-0.014034629230979654
2021-04-22,6. GMVP,-0.02697525852850021
2021-04-23,6. GMVP,-0.02604785709510408
2021-04-26,6. GMVP,-0.03458454196498886
2021-04-27,6. GMVP,-0.03589222694874508
2021-04-28,6. GMVP,-0.03621685711645662
2021-04-29,6. GMVP,-0.027095416123410484
2021-04-30,6. GMVP,-0.027168349864338
2021-05-03,6. GMVP,-0.015450271670245975
2021-05-04,6. GMVP,-0.015349373694117386
2021-05-05,6. GMVP,-0.019134032308323477
2021-05-06,6. GMVP,-0.014670554907052323
2021-05-07,6. GMVP,-0.013234358639839823
2021-05-10,6. GMVP,-0.006952163812568509
2021-05-11,6. GMVP,-0.013900528799034704
2021-05-12,6. GMVP,-0.024994259974160812
2021-05-13,6. GMVP,-0.011871823754340458
2021-05-14,6. GMVP,-0.007430670207766576
2021-05-17,6. GMVP,-0.008274737374042062
2021-05-18,6. GMVP,-0.007522104942158768
2021-05-19,6. GMVP,-0.00853978640297093
2021-05-20,6. GMVP,-0.0016383962858319793
2021-05-21,6. GMVP,-0.0035008869886739855
2021-05-24,6. GMVP,-0.003093099423021275
2021-05-25,6. GMVP,-0.0035915002109438003
2021-05-26,6. GMVP,-0.006863650433318578
2021-05-27,6. GMVP,-0.01367613510536162
2021-05-28,6. GMVP,-0.013907235580280055
2021-06-01,6. GMVP,-0.02370086400049676
2021-06-02,6. GMVP,-0.021157561128496028
2021-06-03,6. GMVP,-0.015884252023778005
2021-06-04,6. GMVP,-0.014066443478025922
2021-06-07,6. GMVP,-0.01652412540461519
2021-06-08,6. GMVP,-0.02340913092729367
2021-06-09,6. GMVP,-0.020296154830837097
2021-06-10,6. GMVP,-0.012437359088410404
2021-06-11,6. GMVP,-0.017183777039157164
2021-06-14,6. GMVP,-0.01833833778689184
2021-06-15,6. GMVP,-0.022392602444397662
2021-06-16,6. GMVP,-0.031145536999563253
2021-06-17,6. GMVP,-0.0263190873409779
2021-06-18,6. GMVP,-0.042116072778986643
2021-06-21,6. GMVP,-0.03341957678518484
2021-06-22,6. GMVP,-0.03108740705137978
2021-06-23,6. GMVP,-0.03512294752474996
2021-06-24,6. GMVP,-0.032057264822137756
2021-06-25,6. GMVP,-0.024609777800039333
2021-06-28,6. GMVP,-0.023434605892723455
2021-06-29,6. GMVP,-0.027190418478325356
2021-06-30,6. GMVP,-0.027519046346876092
2021-07-01,6. GMVP,-0.024300498061715987
2021-07-02,6. GMVP,-0.017933667703409425
2021-07-06,6. GMVP,-0.020876806191292705
2021-07-07,6. GMVP,-0.0164483207935724
2021-07-08,6. GMVP,-0.019701375880470086
2021-07-09,6. GMVP,-0.01289008594362776
2021-07-12,6. GMVP,-0.0107816218782041
2021-07-13,6. GMVP,-0.013649696555045382
2021-07-14,6. GMVP,-0.007773266468575434
2021-07-15,6. GMVP,-0.006808761133656692
2021-07-16,6. GMVP,-0.00817690489746742
2021-07-19,6. GMVP,-0.015487344155477588
2021-07-20,6. GMVP,-0.008737262856834866
2021-07-21,6. GMVP,-0.007259272448206751
2021-07-22,6. GMVP,-0.009236762624535176
2021-07-23,6. GMVP,0.0
2021-07-26,6. GMVP,0.0
2021-07-27,6. GMVP,0.0
2021-07-28,6. GMVP,-0.0021200423402414695
2021-07-29,6. GMVP,-0.001464000996074937
2021-07-30,6. GMVP,0.0
2021-08-02,6. GMVP,0.0
2021-08-03,6. GMVP,0.0
2021-08-04,6. GMVP,-0.008258048640972817
2021-08-05,6. GMVP,-0.002894553427888612
2021-08-06,6. GMVP,-0.004638087718074118
2021-08-09,6. GMVP,-0.0003525557333149289
2021-08-10,6. GMVP,0.0
2021-08-11,6. GMVP,-0.0013988714895968955
2021-08-12,6. GMVP,0.0
2021-08-13,6. GMVP,0.0
2021-08-16,6. GMVP,0.0
2021-08-17,6. GMVP,0.0
2021-08-18,6. GMVP,-0.011419814129853188
2021-08-19,6. GMVP,-0.007077478384419964
2021-08-20,6. GMVP,-0.003236881569747306
2021-08-23,6. GMVP,-0.001538262670912949
2021-08-24,6. GMVP,-0.010997227869615862
2021-08-25,6. GMVP,-0.014257278271748358
2021-08-26,6. GMVP,-0.01777802677176295
2021-08-27,6. GMVP,-0.018418820305823966
2021-08-30,6. GMVP,-0.014274718660498568
2021-08-31,6. GMVP,-0.017019182943751824
2021-09-01,6. GMVP,-0.01351984066117505
2021-09-02,6. GMVP,-0.0078013738626169634
2021-09-03,6. GMVP,-0.006772880578164137
2021-09-07,6. GMVP,-0.011946545562803196
2021-09-08,6. GMVP,-0.00988484162282632
2021-09-09,6. GMVP,-0.01767207451295919
2021-09-10,6. GMVP,-0.021403555656158358
2021-09-13,6. GMVP,-0.02055105526547774
2021-09-14,6. GMVP,-0.025580273038527408
2021-09-15,6. GMVP,-0.023210558476595394
2021-09-16,6. GMVP,-0.0255142990463239
2021-09-17,6. GMVP,-0.028507947695876314
2021-09-20,6. GMVP,-0.03963709305584251
2021-09-21,6. GMVP,-0.03942150966572437
2021-09-22,6. GMVP,-0.03527174606810517
2021-09-23,6. GMVP,-0.028490054295327798
2021-09-24,6. GMVP,-0.02921066827593616
2021-09-27,6. GMVP,-0.03273491870970444
2021-09-28,6. GMVP,-0.042407461046162546
2021-09-29,6. GMVP,-0.035975761387923196
2021-09-30,6. GMVP,-0.03626645141072285
2021-10-01,6. GMVP,-0.03625733197159772
2021-10-04,6. GMVP,-0.04463736466149174
2021-10-05,6. GMVP,-0.03886522689654276
2021-10-06,6. GMVP,-0.032404984002385465
2021-10-07,6. GMVP,-0.023040448768681894
2021-10-08,6. GMVP,-0.0250771346756004
2021-10-11,6. GMVP,-0.028207500546042093
2021-10-12,6. GMVP,-0.03176544794810663
2021-10-13,6. GMVP,-0.03302342444374259
2021-10-14,6. GMVP,-0.02352339627984941
2021-10-15,6. GMVP,-0.016155948781118853
2021-10-18,6. GMVP,-0.018592619032807223
2021-10-19,6. GMVP,-0.011920530637612205
2021-10-20,6. GMVP,-0.007423035394104232
2021-10-21,6. GMVP,-0.00818891595114497
2021-10-22,6. GMVP,-0.003398725080250191
2021-10-25,6. GMVP,-0.00043488728422306887
2021-10-26,6. GMVP,0.0
2021-10-27,6. GMVP,-0.005184661981156936
2021-10-28,6. GMVP,0.0
2021-10-29,6. GMVP,0.0
2021-11-01,6. GMVP,-0.00272391463101811
2021-11-02,6. GMVP,0.0
2021-11-03,6. GMVP,0.0
2021-11-04,6. GMVP,0.0
2021-11-05,6. GMVP,0.0
2021-11-08,6. GMVP,-0.004556643612424033
2021-11-09,6. GMVP,-0.004425871109272829
2021-11-10,6. GMVP,-0.0011579582420112805
2021-11-11,6. GMVP,-0.0003559403318639216
2021-11-12,6. GMVP,0.0
2021-11-15,6. GMVP,-0.0009705208253407217
2021-11-16,6. GMVP,-0.0021776566742046873
2021-11-17,6. GMVP,-0.0005936261100007769
2021-11-18,6. GMVP,0.0
2021-11-19,6. GMVP,-0.0033987609987696406
2021-11-22,6. GMVP,-0.002045286959726908
2021-11-23,6. GMVP,0.0
2021-11-24,6. GMVP,-0.0016894899275381337
2021-11-26,6. GMVP,-0.009177068920285913
2021-11-29,6. GMVP,-0.0075990089567170615
2021-11-30,6. GMVP,-0.007855674018816169
2021-12-01,6. GMVP,-0.009692148912761635
2021-12-02,6. GMVP,-0.008095524145744949
2021-12-03,6. GMVP,-0.0025544638364695988
2021-12-06,6. GMVP,0.0
2021-12-07,6. GMVP,0.0
2021-12-08,6. GMVP,-0.002436669692696832
2021-12-09,6. GMVP,-0.0008070822693201024
2021-12-10,6. GMVP,0.0
2021-12-13,6. GMVP,0.0
2021-12-14,6. GMVP,0.0
2021-12-15,6. GMVP,0.0
2021-12-16,6. GMVP,0.0
2021-12-17,6. GMVP,-0.02131301947597256
2021-12-20,6. GMVP,-0.021811188361123803
2021-12-21,6. GMVP,-0.020433058561327586
2021-12-22,6. GMVP,-0.01331524755096948
2021-12-23,6. GMVP,-0.012733927864919068
2021-12-27,6. GMVP,-0.005089037003715531
2021-12-28,6. GMVP,-0.0024590158173626755
2021-12-29,6. GMVP,-0.0007101028219549526
2021-12-30,6. GMVP,-0.0008583740966663944
2021-12-31,6. GMVP,-0.001093591751186124
2022-01-03,6. GMVP,0.0
2022-01-04,6. GMVP,-0.0018676077776997272
2022-01-05,6. GMVP,-0.003602359365816444
2022-01-06,6. GMVP,-0.007811162888083682
2022-01-07,6. GMVP,-0.004680675207095935
2022-01-10,6. GMVP,-0.008020962030826535
2022-01-11,6. GMVP,-0.007525214906755624
2022-01-12,6. GMVP,-0.007953475585079762
2022-01-13,6. GMVP,-0.015249126121370301
2022-01-14,6. GMVP,-0.023851789260737326
2022-01-18,6. GMVP,-0.04043794883137464
2022-01-19,6. GMVP,-0.04039038184875947
2022-01-20,6. GMVP,-0.049109024498283825
2022-01-21,6. GMVP,-0.06950919278790564
2022-01-24,6. GMVP,-0.07373425900809501
2022-01-25,6. GMVP,-0.07524460615134092
2022-01-26,6. GMVP,-0.07708741596617066
2022-01-27,6. GMVP,-0.0738609778166304
2022-01-28,6. GMVP,-0.06063504786836085
2022-01-31,6. GMVP,-0.05174471659675335
2022-02-01,6. GMVP,-0.047153887696449404
2022-02-02,6. GMVP,-0.04291758262162331
2022-02-03,6. GMVP,-0.05347796226960275
2022-02-04,6. GMVP,-0.044035570478764614
2022-02-07,6. GMVP,-0.04526429331992553
2022-02-08,6. GMVP,-0.04257957702162391
2022-02-09,6. GMVP,-0.04294636310606058
2022-02-10,6. GMVP,-0.05235884095210805
2022-02-11,6. GMVP,-0.0644079200348873
2022-02-14,6. GMVP,-0.0672823814013007
2022-02-15,6. GMVP,-0.060203788171585074
2022-02-16,6. GMVP,-0.059138320424031735
2022-02-17,6. GMVP,-0.06120617682709003
2022-02-18,6. GMVP,-0.06586181442051652
2022-02-22,6. GMVP,-0.08027489552487975
2022-02-23,6. GMVP,-0.09396546681528174
2022-02-24,6. GMVP,-0.10086522444458268
2022-02-25,6. GMVP,-0.07341417624387753
2022-02-28,6. GMVP,-0.0737597553448406
2022-03-01,6. GMVP,-0.08312101041147595
2022-03-02,6. GMVP,-0.07281477202015309
2022-03-03,6. GMVP,-0.07006808500299984
2022-03-04,6. GMVP,-0.06660291376646255
2022-03-07,6. GMVP,-0.08011330385790671
2022-03-08,6. GMVP,-0.09956412565261451
2022-03-09,6. GMVP,-0.0895129679387659
2022-03-10,6. GMVP,-0.08846796017590096
2022-03-11,6. GMVP,-0.09380573675338945
2022-03-14,6. GMVP,-0.08764495622390707
2022-03-15,6. GMVP,-0.06960227299737595
2022-03-16,6. GMVP,-0.06332205137208582
2022-03-17,6. GMVP,-0.05293702883016339
2022-03-18,6. GMVP,-0.05089327263743754
2022-03-21,6. GMVP,-0.049279370756062355
2022-03-22,6. GMVP,-0.04580199100080125
2022-03-23,6. GMVP,-0.05441988514239798
2022-03-24,6. GMVP,-0.048585368471258515
2022-03-25,6. GMVP,-0.04144589615107192
2022-03-28,6. GMVP,-0.033211966155376374
2022-03-29,6. GMVP,-0.028421426158511166
2022-03-30,6. GMVP,-0.027077744296185594
2022-03-31,6. GMVP,-0.027392161033280737
2022-04-01,6. GMVP,-0.019391912243036397
2022-04-04,6. GMVP,-0.019162521928199297
2022-04-05,6. GMVP,-0.02138177254883882
2022-04-06,6. GMVP,-0.011224061623077089
2022-04-07,6. GMVP,-0.002824097293294095
2022-04-08,6. GMVP,0.0
2022-04-11,6. GMVP,-0.016747253905978986
2022-04-12,6. GMVP,-0.016147265887149844
2022-04-13,6. GMVP,-0.00462592109402876
2022-04-14,6. GMVP,-0.008513490725122672
2022-04-18,6. GMVP,-0.01593522413784796
2022-04-19,6. GMVP,-0.0030563893995984204
2022-04-20,6. GMVP,-0.0018037623776456428
2022-04-21,6. GMVP,-0.007777543758617889
2022-04-22,6. GMVP,-0.023820471382923925
2022-04-25,6. GMVP,-0.01728783707675501
2022-04-26,6. GMVP,-0.03219422805488434
2022-04-27,6. GMVP,-0.03054634758848901
2022-04-28,6. GMVP,-0.014534213896183486
2022-04-29,6. GMVP,-0.04028789705489788
2022-05-02,6. GMVP,-0.04390821644343261
2022-05-03,6. GMVP,-0.043013900979988105
2022-05-04,6. GMVP,-0.02493359053769945
2022-05-05,6. GMVP,-0.045884694083684854
2022-05-06,6. GMVP,-0.047992980073605
2022-05-09,6. GMVP,-0.0615195134974794
2022-05-10,6. GMVP,-0.06311373382148537
2022-05-11,6. GMVP,-0.07013390798783134
2022-05-12,6. GMVP,-0.06859329819672551
2022-05-13,6. GMVP,-0.05782940741070204
2022-05-16,6. GMVP,-0.053045021297052054
2022-05-17,6. GMVP,-0.06664124659283045
2022-05-18,6. GMVP,-0.10795002054296252
2022-05-19,6. GMVP,-0.11814062529389512
2022-05-20,6. GMVP,-0.11083507428547902
2022-05-23,6. GMVP,-0.09191877268675955
2022-05-24,6. GMVP,-0.08601192012801785
2022-05-25,6. GMVP,-0.08539893403191047
2022-05-26,6. GMVP,-0.07625801714102032
2022-05-27,6. GMVP,-0.06276275935093414
2022-05-31,6. GMVP,-0.06313285545612424
2022-06-01,6. GMVP,-0.07138340924189314
2022-06-02,6. GMVP,-0.06574606190934282
2022-06-03,6. GMVP,-0.07185102648126397
2022-06-06,6. GMVP,-0.07357678022294531
2022-06-07,6. GMVP,-0.06309800071330367
2022-06-08,6. GMVP,-0.06769900584917239
2022-06-09,6. GMVP,-0.08626944497586203
2022-06-10,6. GMVP,-0.09904592907724404
2022-06-13,6. GMVP,-0.12066415958683258
2022-06-14,6. GMVP,-0.13065620852978901
2022-06-15,6. GMVP,-0.12562355789842822
2022-06-16,6. GMVP,-0.13369824211320616
2022-06-17,6. GMVP,-0.14430738960809092
2022-06-21,6. GMVP,-0.12019895674824288
2022-06-22,6. GMVP,-0.117978655908217
2022-06-23,6. GMVP,-0.10537704935791234
2022-06-24,6. GMVP,-0.08923647585662757
2022-06-27,6. GMVP,-0.0884149039526895
2022-06-28,6. GMVP,-0.10354963351471824
2022-06-29,6. GMVP,-0.10586801407112388
2022-06-30,6. GMVP,-0.10612301712324304
2022-07-01,6. GMVP,-0.09373109617594431
2022-07-05,6. GMVP,-0.09931565037969121
2022-07-06,6. GMVP,-0.09889941500041775
2022-07-07,6. GMVP,-0.09359397881442363
2022-07-08,6. GMVP,-0.09513595022355845
2022-07-11,6. GMVP,-0.09794362330242272
2022-07-12,6. GMVP,-0.10735832059427748
2022-07-13,6. GMVP,-0.10841736973432715
2022-07-14,6. GMVP,-0.10912426686194539
2022-07-15,6. GMVP,-0.09683063397583519
2022-07-18,6. GMVP,-0.10574479895481777
2022-07-19,6. GMVP,-0.10061848405369975
2022-07-20,6. GMVP,-0.09984010095572587
2022-07-21,6. GMVP,-0.09737885822668918
2022-07-22,6. GMVP,-0.09738575264942383
2022-07-25,6. GMVP,-0.09198871845766766
2022-07-26,6. GMVP,-0.10215857058465747
2022-07-27,6. GMVP,-0.091360208326326
2022-07-28,6. GMVP,-0.08163511648054596
2022-07-29,6. GMVP,-0.07441586666807881
2022-08-01,6. GMVP,-0.07614785941580392
2022-08-02,6. GMVP,-0.08306854662650077
2022-08-03,6. GMVP,-0.07964324399188404
2022-08-04,6. GMVP,-0.09572728352807965
2022-08-05,6. GMVP,-0.09594643774429223
2022-08-08,6. GMVP,-0.0948025561783175
2022-08-09,6. GMVP,-0.09237184734311459
2022-08-10,6. GMVP,-0.08373427858307318
2022-08-11,6. GMVP,-0.08645827855866606
2022-08-12,6. GMVP,-0.07980396517849418
2022-08-15,6. GMVP,-0.07618334921377383
2022-08-16,6. GMVP,-0.0641712040523373
2022-08-17,6. GMVP,-0.066064187401184
2022-08-18,6. GMVP,-0.06581500627183792
2022-08-19,6. GMVP,-0.06609282680867282
2022-08-22,6. GMVP,-0.07909885387850682
2022-08-23,6. GMVP,-0.0807907178529784
2022-08-24,6. GMVP,-0.07946146307556455
2022-08-25,6. GMVP,-0.07243119308726778
2022-08-26,6. GMVP,-0.09353107377247306
2022-08-29,6. GMVP,-0.0942188346282171
2022-08-30,6. GMVP,-0.10324394370920588
2022-08-31,6. GMVP,-0.10348278234101209
2022-09-01,6. GMVP,-0.0912186598908093
2022-09-02,6. GMVP,-0.10109207266781609
2022-09-06,6. GMVP,-0.10247028035683248
2022-09-07,6. GMVP,-0.09282835014809854
2022-09-08,6. GMVP,-0.08731329920788684
2022-09-09,6. GMVP,-0.0805236777988389
2022-09-12,6. GMVP,-0.077337299864327
2022-09-13,6. GMVP,-0.10401845423067828
2022-09-14,6. GMVP,-0.09307603813245661
2022-09-15,6. GMVP,-0.10090214836447714
2022-09-16,6. GMVP,-0.09787245172731318
2022-09-19,6. GMVP,-0.098808659216864
2022-09-20,6. GMVP,-0.10610404333137959
2022-09-21,6. GMVP,-0.11581909217985267
2022-09-22,6. GMVP,-0.11192246121502947
2022-09-23,6. GMVP,-0.12224574004107978
2022-09-26,6. GMVP,-0.12873562361924631
2022-09-27,6. GMVP,-0.13362600140755476
2022-09-28,6. GMVP,-0.1200672312511192
2022-09-29,6. GMVP,-0.12929859207649866
2022-09-30,6. GMVP,-0.13989034823793087
2022-10-03,6. GMVP,-0.12850377237196894
2022-10-04,6. GMVP,-0.11340687258973385
2022-10-05,6. GMVP,-0.11373767065046676
2022-10-06,6. GMVP,-0.1237909024169142
2022-10-07,6. GMVP,-0.13658319626956464
2022-10-10,6. GMVP,-0.14061506345550717
2022-10-11,6. GMVP,-0.13494298558745296
2022-10-12,6. GMVP,-0.13405200931707834
2022-10-13,6. GMVP,-0.11809811279982667
2022-10-14,6. GMVP,-0.12850638984959148
2022-10-17,6. GMVP,-0.1154959152089922
2022-10-18,6. GMVP,-0.11097629590877431
2022-10-19,6. GMVP,-0.11365623961016377
2022-10-20,6. GMVP,-0.11643818348101768
2022-10-21,6. GMVP,-0.09621880013842024
2022-10-24,6. GMVP,-0.0836042626728147
2022-10-25,6. GMVP,-0.0786042054475003
2022-10-26,6. GMVP,-0.07123732157760863
2022-10-27,6. GMVP,-0.07098304104021022
2022-10-28,6. GMVP,-0.052842505043851684
2022-10-31,6. GMVP,-0.05307405296879585
2022-11-01,6. GMVP,-0.054069265897376005
2022-11-02,6. GMVP,-0.06983884794380496
2022-11-03,6. GMVP,-0.07008534962531819
2022-11-04,6. GMVP,-0.06431340517860419
2022-11-07,6. GMVP,-0.05637364355734823
2022-11-08,6. GMVP,-0.05310966738552372
2022-11-09,6. GMVP,-0.07344498246078755
2022-11-10,6. GMVP,-0.05497015238003447
2022-11-11,6. GMVP,-0.06202167352646494
2022-11-14,6. GMVP,-0.05899242168953876
2022-11-15,6. GMVP,-0.04960093368354084
2022-11-16,6. GMVP,-0.04826697129249299
2022-11-17,6. GMVP,-0.0455355036210727
2022-11-18,6. GMVP,-0.040064056470009116
2022-11-21,6. GMVP,-0.03745826176868703
2022-11-22,6. GMVP,-0.029708661304802767
2022-11-23,6. GMVP,-0.027204695352707434
2022-11-25,6. GMVP,-0.025721389822651347
2022-11-28,6. GMVP,-0.030143700963053435
2022-11-29,6. GMVP,-0.03457611208819127
2022-11-30,6. GMVP,-0.022921276351794532
2022-12-01,6. GMVP,-0.019324413578471297
2022-12-02,6. GMVP,-0.018412986605793068
2022-12-05,6. GMVP,-0.027547173753396423
2022-12-06,6. GMVP,-0.042075246819892456
2022-12-07,6. GMVP,-0.03954351319657295
2022-12-08,6. GMVP,-0.036493872184905136
2022-12-09,6. GMVP,-0.04501071203497143
2022-12-12,6. GMVP,-0.031327492064592684
2022-12-13,6. GMVP,-0.026436046381086417
2022-12-14,6. GMVP,-0.025425883902208957
2022-12-15,6. GMVP,-0.03843643277215407
2022-12-16,6. GMVP,-0.04927346120777805
2022-12-19,6. GMVP,-0.05117414772613442
2022-12-20,6. GMVP,-0.047967505394240724
2022-12-21,6. GMVP,-0.03766887024368457
2022-12-22,6. GMVP,-0.04444536236477226
2022-12-23,6. GMVP,-0.03831617479639635
2022-12-27,6. GMVP,-0.037266979727381175
2022-12-28,6. GMVP,-0.046168542125241144
2022-12-29,6. GMVP,-0.03910301729908783
2022-12-30,6. GMVP,-0.0393230594852032
2023-01-03,6. GMVP,-0.040216518023646314
2023-01-04,6. GMVP,-0.03369664621700743
2023-01-05,6. GMVP,-0.03801378694556155
2023-01-06,6. GMVP,-0.024764117827950224
2023-01-09,6. GMVP,-0.04365671815613075
2023-01-10,6. GMVP,-0.04421461547368272
2023-01-11,6. GMVP,-0.04304088548073345
2023-01-12,6. GMVP,-0.0466846285843047
2023-01-13,6. GMVP,-0.046683608136840846
2023-01-17,6. GMVP,-0.04995582204583004
2023-01-18,6. GMVP,-0.06937350577909983
2023-01-19,6. GMVP,-0.07244661479805987
2023-01-20,6. GMVP,-0.06944742847486547
2023-01-23,6. GMVP,-0.06931062833681419
2023-01-24,6. GMVP,-0.0666804458209112
2023-01-25,6. GMVP,-0.06337821590486858
2023-01-26,6. GMVP,-0.060058325886118286
2023-01-27,6. GMVP,-0.06326304492896245
2023-01-30,6. GMVP,-0.08348426596107236
2023-01-31,6. GMVP,-0.07297420963255281
2023-02-01,6. GMVP,-0.06908041364467128
2023-02-02,6. GMVP,-0.07505935382114251
2023-02-03,6. GMVP,-0.07884864000593796
2023-02-06,6. GMVP,-0.08245862439986801
2023-02-07,6. GMVP,-0.07899005688643715
2023-02-08,6. GMVP,-0.08145419975995968
2023-02-09,6. GMVP,-0.08694683778066127
2023-02-10,6. GMVP,-0.078156848723951
2023-02-13,6. GMVP,-0.07299895560551592
2023-02-14,6. GMVP,-0.07901269778625285
2023-02-15,6. GMVP,-0.08576580135934371
2023-02-16,6. GMVP,-0.09341811478318307
2023-02-17,6. GMVP,-0.08731295195162844
2023-02-21,6. GMVP,-0.09516646799826421
2023-02-22,6. GMVP,-0.09892659948047923
2023-02-23,6. GMVP,-0.09911999778963838
2023-02-24,6. GMVP,-0.10475567981329544
2023-02-27,6. GMVP,-0.10616197025373539
2023-02-28,6. GMVP,-0.11413161563479504
2023-03-01,6. GMVP,-0.11842989807913551
2023-03-02,6. GMVP,-0.11548003063437143
2023-03-03,6. GMVP,-0.10903221905135843
2023-03-06,6. GMVP,-0.10156435021609171
2023-03-07,6. GMVP,-0.11184938656512754
2023-03-08,6. GMVP,-0.11784201617568169
2023-03-09,6. GMVP,-0.12744015614619625
2023-03-10,6. GMVP,-0.12836502162645827
2023-03-13,6. GMVP,-0.12388349168006993
2023-03-14,6. GMVP,-0.11839105044804502
2023-03-15,6. GMVP,-0.12115590147164891
2023-03-16,6. GMVP,-0.12312450296946484
2023-03-17,6. GMVP,-0.1295998215222106
2023-03-20,6. GMVP,-0.11892330828902777
2023-03-21,6. GMVP,-0.1141544489367158
2023-03-22,6. GMVP,-0.1267692983574078
2023-03-23,6. GMVP,-0.1272416335439719
2023-03-24,6. GMVP,-0.11895473061104843
2023-03-27,6. GMVP,-0.11154111931470156
2023-03-28,6. GMVP,-0.11439314106899909
2023-03-29,6. GMVP,-0.10613109848842012
2023-03-30,6. GMVP,-0.10405377209045091
2023-03-31,6. GMVP,-0.09651016595097424
2023-04-03,6. GMVP,-0.08256076380574066
2023-04-04,6. GMVP,-0.08104541351741565
2023-04-05,6. GMVP,-0.05616960550554817
2023-04-06,6. GMVP,-0.058474774204978056
2023-04-10,6. GMVP,-0.06223688464002674
2023-04-11,6. GMVP,-0.06189629890037577
2023-04-12,6. GMVP,-0.06340182988245105
2023-04-13,6. GMVP,-0.054674495552360695
2023-04-14,6. GMVP,-0.05516530179767293
2023-04-17,6. GMVP,-0.055051230722070715
2023-04-18,6. GMVP,-0.06469580503371462
2023-04-19,6. GMVP,-0.06077867104906785
2023-04-20,6. GMVP,-0.058262935812173976
2023-04-21,6. GMVP,-0.05774250589350107
2023-04-24,6. GMVP,-0.05229641585406442
2023-04-25,6. GMVP,-0.05184464880708639
2023-04-26,6. GMVP,-0.06255387143978369
2023-04-27,6. GMVP,-0.058175104628012404
2023-04-28,6. GMVP,-0.05312807766264805
2023-05-01,6. GMVP,-0.05621186897700125
2023-05-02,6. GMVP,-0.059116116365928166
2023-05-03,6. GMVP,-0.069222059715622
2023-05-04,6. GMVP,-0.07367745687026098
2023-05-05,6. GMVP,-0.06629902444262903
2023-05-08,6. GMVP,-0.06650966275455154
2023-05-09,6. GMVP,-0.0717851443520683
2023-05-10,6. GMVP,-0.07174598870259667
2023-05-11,6. GMVP,-0.07413445874672935
2023-05-12,6. GMVP,-0.07395401511831858
2023-05-15,6. GMVP,-0.07921320737188982
2023-05-16,6. GMVP,-0.086352602241697
2023-05-17,6. GMVP,-0.08447765349717208
2023-05-18,6. GMVP,-0.08491560543883206
2023-05-19,6. GMVP,-0.08395696651938993
2023-05-22,6. GMVP,-0.09650057126369418
2023-05-23,6. GMVP,-0.09683359202017089
2023-05-24,6. GMVP,-0.0987249673891913
2023-05-25,6. GMVP,-0.10943777895756247
2023-05-26,6. GMVP,-0.1099619092848793
2023-05-30,6. GMVP,-0.11307478600755154
2023-05-31,6. GMVP,-0.11342315113705853
2023-06-01,6. GMVP,-0.11100306125051417
2023-06-02,6. GMVP,-0.09617441385201239
2023-06-05,6. GMVP,-0.09469846362953464
2023-06-06,6. GMVP,-0.09713696979516659
2023-06-07,6. GMVP,-0.0947888012889173
2023-06-08,6. GMVP,-0.0875934968956754
2023-06-09,6. GMVP,-0.0872969917760334
2023-06-12,6. GMVP,-0.08901361790733635
2023-06-13,6. GMVP,-0.08511645877944773
2023-06-14,6. GMVP,-0.08022405955238533
2023-06-15,6. GMVP,-0.07141690355207464
2023-06-16,6. GMVP,-0.07023275258200959
2023-06-20,6. GMVP,-0.0757597474225738
2023-06-21,6. GMVP,-0.07394314533902117
2023-06-22,6. GMVP,-0.06712974332821996
2023-06-23,6. GMVP,-0.07202496225379464
2023-06-26,6. GMVP,-0.07517896339375527
2023-06-27,6. GMVP,-0.07603132246579637
2023-06-28,6. GMVP,-0.07793761532006128
2023-06-29,6. GMVP,-0.07798493759653936
2023-06-30,6. GMVP,-0.06968672470275276
2023-07-03,6. GMVP,-0.07135648389367369
2023-07-05,6. GMVP,-0.07114242101299736
2023-07-06,6. GMVP,-0.07967796185488651
2023-07-07,6. GMVP,-0.09324104944217763
2023-07-10,6. GMVP,-0.09237362855205976
2023-07-11,6. GMVP,-0.09316212554683438
2023-07-12,6. GMVP,-0.09185134068718627
2023-07-13,6. GMVP,-0.09000651714033277
2023-07-14,6. GMVP,-0.08655832643461903
2023-07-17,6. GMVP,-0.08877451554978351
2023-07-18,6. GMVP,-0.09025158282909715
2023-07-19,6. GMVP,-0.08519069243117494
2023-07-20,6. GMVP,-0.056650826765356724
2023-07-21,6. GMVP,-0.050036526539755065
2023-07-24,6. GMVP,-0.04571118854103669
2023-07-25,6. GMVP,-0.043561365473392455
2023-07-26,6. GMVP,-0.03909643979245581
2023-07-27,6. GMVP,-0.04095388988595351
2023-07-28,6. GMVP,-0.03684578266797411
2023-07-31,6. GMVP,-0.03709273222111897
2023-08-01,6. GMVP,-0.03678078853998419
2023-08-02,6. GMVP,-0.03548656293918159
2023-08-03,6. GMVP,-0.033819612302676876
2023-08-04,6. GMVP,-0.04270427642687037
2023-08-07,6. GMVP,-0.029904448534299237
2023-08-08,6. GMVP,-0.03063683511284778
2023-08-09,6. GMVP,-0.028813640526051298
2023-08-10,6. GMVP,-0.03168021833290338
2023-08-11,6. GMVP,-0.02473309586105417
2023-08-14,6. GMVP,-0.028309256877309837
2023-08-15,6. GMVP,-0.03637331940389587
2023-08-16,6. GMVP,-0.0401317983793266
2023-08-17,6. GMVP,-0.038551070758648734
2023-08-18,6. GMVP,-0.03626846462723976
2023-08-21,6. GMVP,-0.04857224196374867
2023-08-22,6. GMVP,-0.0532316699620368
2023-08-23,6. GMVP,-0.05339692425956355
2023-08-24,6. GMVP,-0.05619517748822918
2023-08-25,6. GMVP,-0.04915492938103386
2023-08-28,6. GMVP,-0.05020319107821947
2023-08-29,6. GMVP,-0.04814878544442327
2023-08-30,6. GMVP,-0.047529670974192265
2023-08-31,6. GMVP,-0.04771087287847417
2023-09-01,6. GMVP,-0.050952047395155305
2023-09-05,6. GMVP,-0.05667115658423006
2023-09-06,6. GMVP,-0.05991384994249369
2023-09-07,6. GMVP,-0.055738792754760465
2023-09-08,6. GMVP,-0.054378463463915144
2023-09-11,6. GMVP,-0.047264751316088156
2023-09-12,6. GMVP,-0.04860071755118848
2023-09-13,6. GMVP,-0.04690689914242174
2023-09-14,6. GMVP,-0.0445830911131111
2023-09-15,6. GMVP,-0.05307423478173998
2023-09-18,6. GMVP,-0.05043585843462757
2023-09-19,6. GMVP,-0.05178570189731095
2023-09-20,6. GMVP,-0.050409028179051005
2023-09-21,6. GMVP,-0.06215220304025803
2023-09-22,6. GMVP,-0.06418016948946499
2023-09-25,6. GMVP,-0.06631171872653066
2023-09-26,6. GMVP,-0.07310564653798413
2023-09-27,6. GMVP,-0.07920490504045219
2023-09-28,6. GMVP,-0.0798436725139512
2023-09-29,6. GMVP,-0.08449121311352911
2023-10-02,6. GMVP,-0.08804765557419045
2023-10-03,6. GMVP,-0.09177320869379017
2023-10-04,6. GMVP,-0.09030605163233274
2023-10-05,6. GMVP,-0.10431404902204809
2023-10-06,6. GMVP,-0.10401000570686889
2023-10-09,6. GMVP,-0.1031835876863261
2023-10-10,6. GMVP,-0.0950567402549246
2023-10-11,6. GMVP,-0.10265987358052536
2023-10-12,6. GMVP,-0.10532546029936687
2023-10-13,6. GMVP,-0.10087984224027725
2023-10-16,6. GMVP,-0.09328729537722992
2023-10-17,6. GMVP,-0.09170061406374282
2023-10-18,6. GMVP,-0.09462080548852006
2023-10-19,6. GMVP,-0.09765624867735942
2023-10-20,6. GMVP,-0.10012456680696515
2023-10-23,6. GMVP,-0.10300487385452164
2023-10-24,6. GMVP,-0.09278618786565163
2023-10-25,6. GMVP,-0.08959041501670513
2023-10-26,6. GMVP,-0.09775425558222677
2023-10-27,6. GMVP,-0.11051125951389504
2023-10-30,6. GMVP,-0.0995708497861926
2023-10-31,6. GMVP,-0.09982668302609865
2023-11-01,6. GMVP,-0.09765932298709143
2023-11-02,6. GMVP,-0.08776247303042252
2023-11-03,6. GMVP,-0.0878808843227292
2023-11-06,6. GMVP,-0.08613685233352299
2023-11-07,6. GMVP,-0.0860305403127275
2023-11-08,6. GMVP,-0.09030445835852825
2023-11-09,6. GMVP,-0.09858799184849636
2023-11-10,6. GMVP,-0.09326186930425162
2023-11-13,6. GMVP,-0.0901994819262515
2023-11-14,6. GMVP,-0.0875862226026
2023-11-15,6. GMVP,-0.08133479822831009
2023-11-16,6. GMVP,-0.09597140532700765
2023-11-17,6. GMVP,-0.09621221515312332
2023-11-20,6. GMVP,-0.09599154828416522
2023-11-21,6. GMVP,-0.09156146277054825
2023-11-22,6. GMVP,-0.09072327477659663
2023-11-24,6. GMVP,-0.08544871360196973
2023-11-27,6. GMVP,-0.08766426846843949
2023-11-28,6. GMVP,-0.08434747898270342
2023-11-29,6. GMVP,-0.08845933968207585
2023-11-30,6. GMVP,-0.08873030923296522
2023-12-01,6. GMVP,-0.08958901279926311
2023-12-04,6. GMVP,-0.09057264181329462
2023-12-05,6. GMVP,-0.09545435664855108
2023-12-06,6. GMVP,-0.10116874407174209
2023-12-07,6. GMVP,-0.10281240610962988
2023-12-08,6. GMVP,-0.10540924586604095
2023-12-11,6. GMVP,-0.10265771960294788
2023-12-12,6. GMVP,-0.10045469253431043
2023-12-13,6. GMVP,-0.09437160293964197
2023-12-14,6. GMVP,-0.10237009078607164
2023-12-15,6. GMVP,-0.10437924436458894
2023-12-18,6. GMVP,-0.0966621219604514
2023-12-19,6. GMVP,-0.09193004728679163
2023-12-20,6. GMVP,-0.10661999399829258
2023-12-21,6. GMVP,-0.09966875168142977
2023-12-22,6. GMVP,-0.0954466846555216
2023-12-26,6. GMVP,-0.09293089317770115
2023-12-27,6. GMVP,-0.09049290363715475
2023-12-28,6. GMVP,-0.0902625162800049
2023-12-29,6. GMVP,-0.09045715119831875
2024-01-02,6. GMVP,-0.08024593842850704
2024-01-03,6. GMVP,-0.07955203114806443
2024-01-04,6. GMVP,-0.0831154528259461
2024-01-05,6. GMVP,-0.0836268329146808
2024-01-08,6. GMVP,-0.07744164247106229
2024-01-09,6. GMVP,-0.07747489706080288
2024-01-10,6. GMVP,-0.07401781229951894
2024-01-11,6. GMVP,-0.07683730757996396
2024-01-12,6. GMVP,-0.0718745281403282
2024-01-16,6. GMVP,-0.07592080091813469
2024-01-17,6. GMVP,-0.07776236785741084
2024-01-18,6. GMVP,-0.0738413285871539
2024-01-19,6. GMVP,-0.07209043773487664
2024-01-22,6. GMVP,-0.07177871264711636
2024-01-23,6. GMVP,-0.06763343847913382
2024-01-24,6. GMVP,-0.0728780397170539
2024-01-25,6. GMVP,-0.06539221882842809
2024-01-26,6. GMVP,-0.06474415250396127
2024-01-29,6. GMVP,-0.05924627789233968
2024-01-30,6. GMVP,-0.056045198998614945
2024-01-31,6. GMVP,-0.06360119796128536
2024-02-01,6. GMVP,-0.05211136459587358
2024-02-02,6. GMVP,-0.05396540924424338
2024-02-05,6. GMVP,-0.05880555266463913
2024-02-06,6. GMVP,-0.052634921010141986
2024-02-07,6. GMVP,-0.050244078642436185
2024-02-08,6. GMVP,-0.05076044915480838
2024-02-09,6. GMVP,-0.052334404873653685
2024-02-12,6. GMVP,-0.050362719342150364
2024-02-13,6. GMVP,-0.05786204366822223
2024-02-14,6. GMVP,-0.05771766937779637
2024-02-15,6. GMVP,-0.05001294557981599
2024-02-16,6. GMVP,-0.05160498390151597
2024-02-20,6. GMVP,-0.04328273164754786
2024-02-21,6. GMVP,-0.039604969195386384
2024-02-22,6. GMVP,-0.031263706754698396
2024-02-23,6. GMVP,-0.02972490755427488
2024-02-26,6. GMVP,-0.13424029426891806
2024-02-27,6. GMVP,-0.13646336328068143
2024-02-28,6. GMVP,-0.1337290628694742
2024-02-29,6. GMVP,-0.13397495588162828
2024-03-01,6. GMVP,-0.1333484774722383
2024-03-04,6. GMVP,-0.13685140090486822
2024-03-05,6. GMVP,-0.14002950745504758
2024-03-06,6. GMVP,-0.1375287318466846
2024-03-07,6. GMVP,-0.1370342655230621
2024-03-08,6. GMVP,-0.13547342393980424
2024-03-11,6. GMVP,-0.12740579583115108
2024-03-12,6. GMVP,-0.1218679575097462
2024-03-13,6. GMVP,-0.11963972862517512
2024-03-14,6. GMVP,-0.1225714440020645
2024-03-15,6. GMVP,-0.12832064110894986
2024-03-18,6. GMVP,-0.12676677885598478
2024-03-19,6. GMVP,-0.12368695353383703
2024-03-20,6. GMVP,-0.11901496465112349
2024-03-21,6. GMVP,-0.1197374368862093
2024-03-22,6. GMVP,-0.12283843490472447
2024-03-25,6. GMVP,-0.12479536638173393
2024-03-26,6. GMVP,-0.12443215590213633
2024-03-27,6. GMVP,-0.11702993156795452
2024-03-28,6. GMVP,-0.1161150583190682
2024-04-01,6. GMVP,-0.12017219486131024
2024-04-02,6. GMVP,-0.12191702578612773
2024-04-03,6. GMVP,-0.13167497790659208
2024-04-04,6. GMVP,-0.13975638436074284
2024-04-05,6. GMVP,-0.13425357343445468
2024-04-08,6. GMVP,-0.13684000582625
2024-04-09,6. GMVP,-0.1336901559826598
2024-04-10,6. GMVP,-0.14027768640907076
2024-04-11,6. GMVP,-0.1391632470183904
2024-04-12,6. GMVP,-0.14944208167524917
2024-04-15,6. GMVP,-0.15420481294908073
2024-04-16,6. GMVP,-0.1583824848204428
2024-04-17,6. GMVP,-0.15768450303886883
2024-04-18,6. GMVP,-0.15666537034908515
2024-04-19,6. GMVP,-0.15051001224619417
2024-04-22,6. GMVP,-0.14291659276174318
2024-04-23,6. GMVP,-0.13758640299893948
2024-04-24,6. GMVP,-0.13448389979877776
2024-04-25,6. GMVP,-0.1381136930283179
2024-04-26,6. GMVP,-0.1394385487538082
2024-04-29,6. GMVP,-0.1364399818110405
2024-04-30,6. GMVP,-0.13675082098655786
2024-05-01,6. GMVP,-0.1277786947820196
2024-05-02,6. GMVP,-0.12379289516810356
2024-05-03,6. GMVP,-0.11785591609657692
2024-05-06,6. GMVP,-0.11330682978012555
2024-05-07,6. GMVP,-0.11396420715504617
2024-05-08,6. GMVP,-0.11221590827483999
2024-05-09,6. GMVP,-0.1074814567168448
2024-05-10,6. GMVP,-0.10612769696336759
2024-05-13,6. GMVP,-0.1032029849805795
2024-05-14,6. GMVP,-0.10437834118206855
2024-05-15,6. GMVP,-0.09858175285114938
2024-05-16,6. GMVP,-0.09611935240933107
2024-05-17,6. GMVP,-0.09538773883399249
2024-05-20,6. GMVP,-0.10091503674483411
2024-05-21,6. GMVP,-0.09908784653495716
2024-05-22,6. GMVP,-0.09761350745788211
2024-05-23,6. GMVP,-0.11120902539050735
2024-05-24,6. GMVP,-0.11154011555408308
2024-05-28,6. GMVP,-0.11651065457407737
2024-05-29,6. GMVP,-0.12060179402370301
2024-05-30,6. GMVP,-0.11809738805035246
2024-05-31,6. GMVP,-0.10846239220263984
2024-06-03,6. GMVP,-0.10753794162925287
2024-06-04,6. GMVP,-0.10258460825364872
2024-06-05,6. GMVP,-0.10202299682280212
2024-06-06,6. GMVP,-0.09915593866236967
2024-06-07,6. GMVP,-0.10052798423227781
2024-06-10,6. GMVP,-0.11962419731328727
2024-06-11,6. GMVP,-0.11662752746184275
2024-06-12,6. GMVP,-0.1224709677531205
2024-06-13,6. GMVP,-0.12137944056325052
2024-06-14,6. GMVP,-0.12270847887448287
2024-06-17,6. GMVP,-0.12025391369513312
2024-06-18,6. GMVP,-0.11797848435435201
2024-06-20,6. GMVP,-0.1155437263755652
2024-06-21,6. GMVP,-0.11341672562416269
2024-06-24,6. GMVP,-0.10721042481976435
2024-06-25,6. GMVP,-0.11122185911906242
2024-06-26,6. GMVP,-0.1092554241204931
2024-06-27,6. GMVP,-0.11141425680084324
2024-06-28,6. GMVP,-0.11729786396474276
2024-07-01,6. GMVP,-0.1166721250364541
2024-07-02,6. GMVP,-0.11394551435468793
2024-07-03,6. GMVP,-0.11287978067683037
2024-07-05,6. GMVP,-0.10682190348841315
2024-07-08,6. GMVP,-0.11127982548690385
2024-07-09,6. GMVP,-0.11235665738339198
2024-07-10,6. GMVP,-0.10559138900133586
2024-07-11,6. GMVP,-0.1091900720663809
2024-07-12,6. GMVP,-0.10463919164579483
2024-07-15,6. GMVP,-0.10370719213225442
2024-07-16,6. GMVP,-0.09553263561559985
2024-07-17,6. GMVP,-0.08531960175546163
2024-07-18,6. GMVP,-0.09129003980719945
2024-07-19,6. GMVP,-0.09578059984810848
2024-07-22,6. GMVP,-0.0970327812689771
2024-07-23,6. GMVP,-0.10285115974680306
2024-07-24,6. GMVP,-0.10146321030718278
2024-07-25,6. GMVP,-0.09773763721858413
2024-07-26,6. GMVP,-0.08820644211713546
2024-07-29,6. GMVP,-0.08996043293320936
2024-07-30,6. GMVP,-0.08869565793938666
2024-07-31,6. GMVP,-0.09450734321469588
2024-08-01,6. GMVP,-0.08651066040846254
2024-08-02,6. GMVP,-0.07942009101035029
2024-08-05,6. GMVP,-0.10029553762677038
2024-08-06,6. GMVP,-0.10228123288834148
2024-08-07,6. GMVP,-0.10028669446140195
2024-08-08,6. GMVP,-0.0917345772274267
2024-08-09,6. GMVP,-0.08970218105298608
2024-08-12,6. GMVP,-0.09492165866452101
2024-08-13,6. GMVP,-0.09250603318233373
2024-08-14,6. GMVP,-0.08865530281598588
2024-08-15,6. GMVP,-0.08427346939589837
2024-08-16,6. GMVP,-0.08252302859142988
2024-08-19,6. GMVP,-0.07966733457821519
2024-08-20,6. GMVP,-0.07777868537381141
2024-08-21,6. GMVP,-0.07595266184210071
2024-08-22,6. GMVP,-0.07756130385068946
2024-08-23,6. GMVP,-0.07289677066873314
2024-08-26,6. GMVP,-0.06653421629389937
2024-08-27,6. GMVP,-0.06783955007961145
2024-08-28,6. GMVP,-0.06958068183699836
2024-08-29,6. GMVP,-0.06332932699844848
2024-08-30,6. GMVP,-0.06370096227439688
2024-09-03,6. GMVP,-0.06752924118082199
2024-09-04,6. GMVP,-0.06841025024691019
2024-09-05,6. GMVP,-0.07453107174833004
2024-09-06,6. GMVP,-0.0803408339654944
2024-09-09,6. GMVP,-0.06993831456932618
2024-09-10,6. GMVP,-0.07322218398958291
2024-09-11,6. GMVP,-0.07822520532993468
2024-09-12,6. GMVP,-0.07534168183274136
2024-09-13,6. GMVP,-0.0719884829969034
2024-09-16,6. GMVP,-0.06338004030715469
2024-09-17,6. GMVP,-0.06172130144558313
2024-09-18,6. GMVP,-0.06542945921515231
2024-09-19,6. GMVP,-0.06535402874916324
2024-09-20,6. GMVP,-0.062287027997882195
2024-09-23,6. GMVP,-0.06150348843667505
2024-09-24,6. GMVP,-0.06557713186752231
2024-09-25,6. GMVP,-0.07139390897037245
2024-09-26,6. GMVP,-0.0708121244492752
2024-09-27,6. GMVP,-0.06625470264630232
2024-09-30,6. GMVP,-0.06271664976236192
2024-10-01,6. GMVP,-0.06570347403528032
2024-10-02,6. GMVP,-0.06777274468880003
2024-10-03,6. GMVP,-0.07169477981437133
2024-10-04,6. GMVP,-0.0677168264620585
2024-10-07,6. GMVP,-0.0777476496562628
2024-10-08,6. GMVP,-0.07563142779521968
2024-10-09,6. GMVP,-0.06895273151112608
2024-10-10,6. GMVP,-0.07028653797005283
2024-10-11,6. GMVP,-0.06366356726079578
2024-10-14,6. GMVP,-0.058222534340205745
2024-10-15,6. GMVP,-0.05846327202127629
2024-10-16,6. GMVP,-0.05645237767771771
2024-10-17,6. GMVP,-0.05828097313826823
2024-10-18,6. GMVP,-0.05268671450112653
2024-10-21,6. GMVP,-0.05919315918865741
2024-10-22,6. GMVP,-0.057305079834407205
2024-10-23,6. GMVP,-0.06259259753249434
2024-10-24,6. GMVP,-0.06633268513050683
2024-10-25,6. GMVP,-0.0712053492075985
2024-10-28,6. GMVP,-0.06801717275886064
2024-10-29,6. GMVP,-0.07472910859997896
2024-10-30,6. GMVP,-0.0742491288893084
2024-10-31,6. GMVP,-0.0745806713050709
2024-11-01,6. GMVP,-0.0751504468829617
2024-11-04,6. GMVP,-0.0747191971224599
2024-11-05,6. GMVP,-0.07039208218000848
2024-11-06,6. GMVP,-0.06953183291461132
2024-11-07,6. GMVP,-0.06563531671060731
2024-11-08,6. GMVP,-0.06231724462439003
2024-11-11,6. GMVP,-0.06626970289056124
2024-11-12,6. GMVP,-0.0673243046137205
2024-11-13,6. GMVP,-0.06414220131046305
2024-11-14,6. GMVP,-0.06453985410774493
2024-11-15,6. GMVP,-0.06662438342742734
2024-11-18,6. GMVP,-0.06214200297349367
2024-11-19,6. GMVP,-0.061986197711485086
2024-11-20,6. GMVP,-0.06002040332795473
2024-11-21,6. GMVP,-0.05242769662319205
2024-11-22,6. GMVP,-0.04639289516567569
2024-11-25,6. GMVP,-0.04357273458901807
2024-11-26,6. GMVP,-0.04106883326788015
2024-11-27,6. GMVP,-0.04092543680178738
2024-11-29,6. GMVP,-0.0404791853262634
2024-12-02,6. GMVP,-0.03931083038622625
2024-12-03,6. GMVP,-0.04574577493227563
2024-12-04,6. GMVP,-0.05266759493003419
2024-12-05,6. GMVP,-0.04826726137052355
2024-12-06,6. GMVP,-0.05041289554395856
2024-12-09,6. GMVP,-0.054863957833846184
2024-12-10,6. GMVP,-0.052558057121965124
2024-12-11,6. GMVP,-0.053972876942719294
2024-12-12,6. GMVP,-0.05201821747104876
2024-12-13,6. GMVP,-0.05645341724233693
2024-12-16,6. GMVP,-0.06062531773108919
2024-12-17,6. GMVP,-0.05594026199806623
2024-12-18,6. GMVP,-0.07257310352878706
2024-12-19,6. GMVP,-0.07407923598045611
2024-12-20,6. GMVP,-0.07032281393485855
2024-12-23,6. GMVP,-0.06885919407981492
2024-12-24,6. GMVP,-0.06171179329293428
2024-12-26,6. GMVP,-0.06198091930677266
2024-12-27,6. GMVP,-0.06803147478003269
2024-12-30,6. GMVP,-0.07767812543468891
2024-12-31,6. GMVP,-0.07789095321304516
2025-01-02,6. GMVP,-0.08371767360304326
2025-01-03,6. GMVP,-0.08267195630885199
2025-01-06,6. GMVP,-0.08945526425649285
2025-01-07,6. GMVP,-0.08725454991061615
2025-01-08,6. GMVP,-0.0904978831673078
2025-01-10,6. GMVP,-0.1025549492079523
2025-01-13,6. GMVP,-0.09616173211409945
2025-01-14,6. GMVP,-0.09407475793873646
2025-01-15,6. GMVP,-0.08604829064789012
2025-01-16,6. GMVP,-0.08469171583279995
2025-01-17,6. GMVP,-0.07917675656430535
2025-01-21,6. GMVP,-0.0775219479553277
2025-01-22,6. GMVP,-0.07491464313209202
2025-01-23,6. GMVP,-0.06860545652312636
2025-01-24,6. GMVP,-0.07137617885981729
2025-01-27,6. GMVP,-0.05190061302449183
2025-01-28,6. GMVP,-0.0607519286150424
2025-01-29,6. GMVP,-0.05783209838299865
2025-01-30,6. GMVP,-0.05075048565843396
2025-01-31,6. GMVP,-0.05102852843023657
2025-02-03,6. GMVP,-0.0506575793266636
2025-02-04,6. GMVP,-0.045012494365445625
2025-02-05,6. GMVP,-0.045360740711070255
2025-02-06,6. GMVP,-0.04569552976270131
2025-02-07,6. GMVP,-0.050310397498993714
2025-02-10,6. GMVP,-0.04405614169518802
2025-02-11,6. GMVP,-0.031847319393891474
2025-02-12,6. GMVP,-0.035166873956022665
2025-02-13,6. GMVP,-0.025505480453922667
2025-02-14,6. GMVP,-0.03629454557244997
2025-02-18,6. GMVP,-0.03295537628935067
2025-02-19,6. GMVP,-0.024380694748338167
2025-02-20,6. GMVP,-0.021731908312295888
2025-02-21,6. GMVP,-0.020018772866490713
2025-02-24,6. GMVP,-0.020342451110466758
2025-02-25,6. GMVP,-0.018147153915908754
2025-02-26,6. GMVP,-0.024648842348860667
2025-02-27,6. GMVP,-0.02723906148252639
2025-02-28,6. GMVP,-0.027564583254978764
2025-03-03,6. GMVP,-0.03330357973623874
2025-03-04,6. GMVP,-0.04592265567720059
2025-03-05,6. GMVP,-0.04217783532352418
2025-03-06,6. GMVP,-0.0462942826582431
2025-03-07,6. GMVP,-0.043296797883115724
2025-03-10,6. GMVP,-0.05224398332050669
2025-03-11,6. GMVP,-0.06505876275072951
2025-03-12,6. GMVP,-0.07265910134820815
2025-03-13,6. GMVP,-0.08061555450408071
2025-03-14,6. GMVP,-0.0707381370171965
2025-03-17,6. GMVP,-0.06203678948713165
2025-03-18,6. GMVP,-0.06956647146480938
2025-03-19,6. GMVP,-0.0628024433867859
2025-03-20,6. GMVP,-0.06416068069251049
2025-03-21,6. GMVP,-0.06452160546929121
2025-03-24,6. GMVP,-0.059220203321530655
2025-03-25,6. GMVP,-0.061861100474034564
2025-03-26,6. GMVP,-0.058491666214963434
2025-03-27,6. GMVP,-0.0550410142999736
2025-03-28,6. GMVP,-0.06601323584535887
2025-03-31,6. GMVP,-0.06629889441068994
2025-04-01,6. GMVP,-0.07494223682869239
2025-04-02,6. GMVP,-0.074354876105026
2025-04-03,6. GMVP,-0.08353926670831699
2025-04-04,6. GMVP,-0.12823390604218574
2025-04-07,6. GMVP,-0.13806956657513533
2025-04-08,6. GMVP,-0.1467420350577195
2025-04-09,6. GMVP,-0.10227756133401396
2025-04-10,6. GMVP,-0.11797196605891266
2025-04-11,6. GMVP,-0.10116534718475613
2025-04-14,6. GMVP,-0.09211355877122042
2025-04-15,6. GMVP,-0.09564423837395845
2025-04-16,6. GMVP,-0.1059092736793456
2025-04-17,6. GMVP,-0.09268700075657683
2025-04-21,6. GMVP,-0.10478539321772729
2025-04-22,6. GMVP,-0.08774011507224344
2025-04-23,6. GMVP,-0.08896556108415898
2025-04-24,6. GMVP,-0.08509821472345741
2025-04-25,6. GMVP,-0.08282972968318329
2025-04-28,6. GMVP,-0.08224085713413004
2025-04-29,6. GMVP,-0.07813923859209736
2025-04-30,6. GMVP,-0.07857379703197788
2025-05-01,6. GMVP,-0.07676073624776607
2025-05-02,6. GMVP,-0.0667557774811746
2025-05-05,6. GMVP,-0.07192363931553318
2025-05-06,6. GMVP,-0.0728485409239413
2025-05-07,6. GMVP,-0.07099066414815443
2025-05-08,6. GMVP,-0.07397590278920876
2025-05-09,6. GMVP,-0.07890869183628432
2025-05-12,6. GMVP,-0.07145626920419712
2025-05-13,6. GMVP,-0.08120499607656839
2025-05-14,6. GMVP,-0.08015699608407559
2025-05-15,6. GMVP,-0.0634672800648589
2025-05-16,6. GMVP,-0.05748398882081115
2025-05-19,6. GMVP,-0.05498089438775693
2025-05-20,6. GMVP,-0.05648162444694394
2025-05-21,6. GMVP,-0.05825157688451037
2025-05-22,6. GMVP,-0.06122666406638382
2025-05-23,6. GMVP,-0.061172226550646205
2025-05-27,6. GMVP,-0.05188807243122614
2025-05-28,6. GMVP,-0.05813193902521265
2025-05-29,6. GMVP,-0.05427187462528745
2025-05-30,6. GMVP,-0.04861779315359802
2025-06-02,6. GMVP,-0.049974244912135014
2025-06-03,6. GMVP,-0.054326861345277526
2025-06-04,6. GMVP,-0.05530389102498184
2025-06-05,6. GMVP,-0.057830552509667586
2025-06-06,6. GMVP,-0.0490070841634907
2025-06-09,6. GMVP,-0.046624343172694205
2025-06-10,6. GMVP,-0.04067053461907562
2025-06-11,6. GMVP,-0.04303177268621706
2025-06-12,6. GMVP,-0.037970510020467946
2025-06-13,6. GMVP,-0.04498135757575789
2025-06-16,6. GMVP,-0.046002431374262805
2025-06-17,6. GMVP,-0.05496998790057499
2025-06-18,6. GMVP,-0.06014385559274417
2025-06-20,6. GMVP,-0.06430217266410594
2025-06-23,6. GMVP,-0.056353147522112464
2025-06-24,6. GMVP,-0.053125661995528234
2025-06-25,6. GMVP,-0.05298403938999901
2025-06-26,6. GMVP,-0.049082436477417855
2025-06-27,6. GMVP,-0.0420932911520339
2025-06-30,6. GMVP,-0.04216752284952691
2025-07-01,6. GMVP,-0.03471035951356908
2025-07-02,6. GMVP,-0.035718038338716236
2025-07-03,6. GMVP,-0.02986365312047672
2025-07-07,6. GMVP,-0.03541882352409001
2025-07-08,6. GMVP,-0.03865649395969431
2025-07-09,6. GMVP,-0.037016177195397
2025-07-10,6. GMVP,-0.03333769093765049
2025-07-11,6. GMVP,-0.03348930088079551
2025-07-14,6. GMVP,-0.037397648087415414
2025-07-15,6. GMVP,-0.04162794578485007
2025-07-16,6. GMVP,-0.028796334640830236
2025-07-17,6. GMVP,-0.02275220586693092
2025-07-18,6. GMVP,-0.028786736949613947
2025-07-21,6. GMVP,-0.023553413988418134
2025-07-22,6. GMVP,-0.018802585418865092
2025-07-23,6. GMVP,-0.01764414748420711
2025-07-24,6. GMVP,-0.01403276269724108
2025-07-25,6. GMVP,-0.014483721417838958
2025-07-28,6. GMVP,-0.02137793785612201
2025-07-29,6. GMVP,-0.012476814751885569
2025-07-30,6. GMVP,-0.018599200015540888
2025-07-31,6. GMVP,-0.02395161750782798
2025-08-01,6. GMVP,-0.021973874700385893
2025-08-04,6. GMVP,-0.010273817548345048
2025-08-05,6. GMVP,-0.013225649270414376
2025-08-06,6. GMVP,-0.009990487467193516
2025-08-07,6. GMVP,-0.006558617408214688
2025-08-08,6. GMVP,-0.00015864863379016597
2025-08-11,6. GMVP,0.0
2025-08-12,6. GMVP,0.0
2025-08-13,6. GMVP,0.0
2025-08-14,6. GMVP,-0.003294636036361349
2025-08-15,6. GMVP,0.0
2025-08-18,6. GMVP,-0.003671123945096037
2025-08-19,6. GMVP,0.0
2025-08-20,6. GMVP,0.0
2025-08-21,6. GMVP,-0.0010804541350571948
2025-08-22,6. GMVP,0.0
2025-08-25,6. GMVP,-0.0065473321540197825
2025-08-26,6. GMVP,-0.011216441015143625
2025-08-27,6. GMVP,-0.007339117143788498
2025-08-28,6. GMVP,-0.008445500421917742
2025-08-29,6. GMVP,-0.003775919041816141
2025-09-02,6. GMVP,-0.002750538780122242
2025-09-03,6. GMVP,0.0
2025-09-04,6. GMVP,0.0
2025-09-05,6. GMVP,-0.005345214950804569
2025-09-08,6. GMVP,-0.006994359032699368
2025-09-09,6. GMVP,-0.0037528425269606766
2025-09-10,6. GMVP,-0.005421658520290857
2025-09-11,6. GMVP,-0.0008303049081655299
2025-09-12,6. GMVP,-0.0014812086561119561
2025-09-15,6. GMVP,0.0
2025-09-16,6. GMVP,-0.0011976708674259
2025-09-17,6. GMVP,0.0
2025-09-18,6. GMVP,-0.00827217029852371
2025-09-19,6. GMVP,-0.00308578823708668
2025-09-22,6. GMVP,-0.011019443472958926
2025-09-23,6. GMVP,-0.007908110030229152
2025-09-24,6. GMVP,-0.010564471795948417
2025-09-25,6. GMVP,-0.011954434651389673
2025-09-26,6. GMVP,-0.006946024538916273
2025-09-29,6. GMVP,-0.005074909403854895
2025-09-30,6. GMVP,-0.005304147879436253
2025-10-01,6. GMVP,-0.0036259058395663383
2025-10-02,6. GMVP,-0.009026544464506021
2025-10-03,6. GMVP,-0.0012995608893150068
2025-10-06,6. GMVP,-2.2333374560195727e-05
2025-10-07,6. GMVP,0.0
2025-10-08,6. GMVP,-0.002654604518367812
2025-10-09,6. GMVP,-0.0023741469084799373
2025-10-10,6. GMVP,-0.008508419163665352
2025-10-13,6. GMVP,-0.005387939174655985
2025-10-14,6. GMVP,-0.0013401043611742122
2025-10-15,6. GMVP,-0.0028851647928041773
2025-10-16,6. GMVP,-0.0001039130317524371
2025-10-17,6. GMVP,0.0
2025-10-20,6. GMVP,0.0
2025-10-21,6. GMVP,0.0
2025-10-22,6. GMVP,0.0
2025-10-23,6. GMVP,-0.0026775501979656537
2025-10-24,6. GMVP,-0.0035932506794734516
2025-10-27,6. GMVP,0.0
2025-10-28,6. GMVP,-0.00123137942313615
2025-10-29,6. GMVP,-0.00745909340594254
2025-10-30,6. GMVP,-0.006087494221717384
2025-10-31,6. GMVP,-0.00825552072593215
2025-11-03,6. GMVP,-0.01667349659743943
2025-11-04,6. GMVP,-0.01620780893623999
2025-11-05,6. GMVP,-0.020014789958883974
2025-11-06,6. GMVP,-0.019159258562205482
2025-11-07,6. GMVP,-0.011903026585637131
2025-11-10,6. GMVP,-0.002791796583261501
2025-11-11,6. GMVP,0.0
2025-11-12,6. GMVP,-0.0018489815497953594
2025-11-13,6. GMVP,-0.007393798702925815
2025-11-14,6. GMVP,-0.005487280622754562
2025-11-17,6. GMVP,-0.02375607119712116
2025-11-18,6. GMVP,-0.024805478518604235
2025-11-19,6. GMVP,-0.0231196218096656
2025-11-20,6. GMVP,-0.02582404901942602
2025-11-21,6. GMVP,-0.014577671660740808
2025-11-24,6. GMVP,-0.010981847090512349
2025-11-25,6. GMVP,-0.008046272129322357
2025-11-26,6. GMVP,-0.003829938306657136
2015-11-30,7. Inverse Volatility,0.0
2015-12-01,7. Inverse Volatility,0.0
2015-12-02,7. Inverse Volatility,0.0
2015-12-03,7. Inverse Volatility,0.0
2015-12-04,7. Inverse Volatility,0.0
2015-12-07,7. Inverse Volatility,0.0
2015-12-08,7. Inverse Volatility,0.0
2015-12-09,7. Inverse Volatility,0.0
2015-12-10,7. Inverse Volatility,0.0
2015-12-11,7. Inverse Volatility,0.0
2015-12-14,7. Inverse Volatility,0.0
2015-12-15,7. Inverse Volatility,0.0
2015-12-16,7. Inverse Volatility,0.0
2015-12-17,7. Inverse Volatility,0.0
2015-12-18,7. Inverse Volatility,0.0
2015-12-21,7. Inverse Volatility,0.0
2015-12-22,7. Inverse Volatility,0.0
2015-12-23,7. Inverse Volatility,0.0
2015-12-24,7. Inverse Volatility,0.0
2015-12-28,7. Inverse Volatility,0.0
2015-12-29,7. Inverse Volatility,0.0
2015-12-30,7. Inverse Volatility,0.0
2015-12-31,7. Inverse Volatility,0.0
2016-01-04,7. Inverse Volatility,0.0
2016-01-05,7. Inverse Volatility,0.0
2016-01-06,7. Inverse Volatility,0.0
2016-01-07,7. Inverse Volatility,0.0
2016-01-08,7. Inverse Volatility,0.0
2016-01-11,7. Inverse Volatility,0.0
2016-01-12,7. Inverse Volatility,0.0
2016-01-13,7. Inverse Volatility,0.0
2016-01-14,7. Inverse Volatility,0.0
2016-01-15,7. Inverse Volatility,0.0
2016-01-19,7. Inverse Volatility,0.0
2016-01-20,7. Inverse Volatility,0.0
2016-01-21,7. Inverse Volatility,0.0
2016-01-22,7. Inverse Volatility,0.0
2016-01-25,7. Inverse Volatility,0.0
2016-01-26,7. Inverse Volatility,0.0
2016-01-27,7. Inverse Volatility,0.0
2016-01-28,7. Inverse Volatility,0.0
2016-01-29,7. Inverse Volatility,0.0
2016-02-01,7. Inverse Volatility,0.0
2016-02-02,7. Inverse Volatility,0.0
2016-02-03,7. Inverse Volatility,0.0
2016-02-04,7. Inverse Volatility,0.0
2016-02-05,7. Inverse Volatility,0.0
2016-02-08,7. Inverse Volatility,0.0
2016-02-09,7. Inverse Volatility,0.0
2016-02-10,7. Inverse Volatility,0.0
2016-02-11,7. Inverse Volatility,0.0
2016-02-12,7. Inverse Volatility,0.0
2016-02-16,7. Inverse Volatility,0.0
2016-02-17,7. Inverse Volatility,0.0
2016-02-18,7. Inverse Volatility,0.0
2016-02-19,7. Inverse Volatility,0.0
2016-02-22,7. Inverse Volatility,0.0
2016-02-23,7. Inverse Volatility,0.0
2016-02-24,7. Inverse Volatility,0.0
2016-02-25,7. Inverse Volatility,0.0
2016-02-26,7. Inverse Volatility,0.0
2016-02-29,7. Inverse Volatility,0.0
2016-03-01,7. Inverse Volatility,0.0
2016-03-02,7. Inverse Volatility,0.0
2016-03-03,7. Inverse Volatility,0.0
2016-03-04,7. Inverse Volatility,0.0
2016-03-07,7. Inverse Volatility,0.0
2016-03-08,7. Inverse Volatility,0.0
2016-03-09,7. Inverse Volatility,0.0
2016-03-10,7. Inverse Volatility,0.0
2016-03-11,7. Inverse Volatility,0.0
2016-03-14,7. Inverse Volatility,0.0
2016-03-15,7. Inverse Volatility,0.0
2016-03-16,7. Inverse Volatility,0.0
2016-03-17,7. Inverse Volatility,0.0
2016-03-18,7. Inverse Volatility,0.0
2016-03-21,7. Inverse Volatility,0.0
2016-03-22,7. Inverse Volatility,0.0
2016-03-23,7. Inverse Volatility,0.0
2016-03-24,7. Inverse Volatility,0.0
2016-03-28,7. Inverse Volatility,0.0
2016-03-29,7. Inverse Volatility,0.0
2016-03-30,7. Inverse Volatility,0.0
2016-03-31,7. Inverse Volatility,-0.0010999999999998789
2016-04-01,7. Inverse Volatility,0.0
2016-04-04,7. Inverse Volatility,-0.0006666993477925542
2016-04-05,7. Inverse Volatility,-0.005004165709386521
2016-04-06,7. Inverse Volatility,0.0
2016-04-07,7. Inverse Volatility,-0.011333709671167615
2016-04-08,7. Inverse Volatility,-0.011289578270918877
2016-04-11,7. Inverse Volatility,-0.015327178512049722
2016-04-12,7. Inverse Volatility,-0.0062500117900814
2016-04-13,7. Inverse Volatility,0.0
2016-04-14,7. Inverse Volatility,0.0
2016-04-15,7. Inverse Volatility,0.0
2016-04-18,7. Inverse Volatility,0.0
2016-04-19,7. Inverse Volatility,-0.0017356301571436216
2016-04-20,7. Inverse Volatility,-0.0036914805519490416
2016-04-21,7. Inverse Volatility,-0.008326341255484324
2016-04-22,7. Inverse Volatility,-0.011911956092465373
2016-04-25,7. Inverse Volatility,-0.011624115421425876
2016-04-26,7. Inverse Volatility,-0.01640603680347279
2016-04-27,7. Inverse Volatility,-0.017970332450479597
2016-04-28,7. Inverse Volatility,-0.02614973397615169
2016-04-29,7. Inverse Volatility,-0.027555007776591135
2016-05-02,7. Inverse Volatility,-0.01747494197632207
2016-05-03,7. Inverse Volatility,-0.023960464880856767
2016-05-04,7. Inverse Volatility,-0.027256479709237894
2016-05-05,7. Inverse Volatility,-0.028385372127364562
2016-05-06,7. Inverse Volatility,-0.021242361806571936
2016-05-09,7. Inverse Volatility,-0.020187795798189696
2016-05-10,7. Inverse Volatility,-0.009732932602202895
2016-05-11,7. Inverse Volatility,-0.022054632366780406
2016-05-12,7. Inverse Volatility,-0.022026310354190975
2016-05-13,7. Inverse Volatility,-0.02573713702144105
2016-05-16,7. Inverse Volatility,-0.016583958771820506
2016-05-17,7. Inverse Volatility,-0.027065677795384303
2016-05-18,7. Inverse Volatility,-0.024065728306392444
2016-05-19,7. Inverse Volatility,-0.020642804894128747
2016-05-20,7. Inverse Volatility,-0.01540077374048875
2016-05-23,7. Inverse Volatility,-0.01790158113105003
2016-05-24,7. Inverse Volatility,-0.004706823586333457
2016-05-25,7. Inverse Volatility,0.0
2016-05-26,7. Inverse Volatility,0.0
2016-05-27,7. Inverse Volatility,0.0
2016-05-31,7. Inverse Volatility,-0.002493513731869129
2016-06-01,7. Inverse Volatility,-0.002630607024572801
2016-06-02,7. Inverse Volatility,-4.117390871647727e-06
2016-06-03,7. Inverse Volatility,-0.0041434511027243544
2016-06-06,7. Inverse Volatility,-0.00038166150275150746
2016-06-07,7. Inverse Volatility,0.0
2016-06-08,7. Inverse Volatility,0.0
2016-06-09,7. Inverse Volatility,0.0
2016-06-10,7. Inverse Volatility,-0.008270531401014155
2016-06-13,7. Inverse Volatility,-0.017016850826956035
2016-06-14,7. Inverse Volatility,-0.01722667344239819
2016-06-15,7. Inverse Volatility,-0.018495922862354686
2016-06-16,7. Inverse Volatility,-0.01489740535259896
2016-06-17,7. Inverse Volatility,-0.023993182055103847
2016-06-20,7. Inverse Volatility,-0.018913938230157575
2016-06-21,7. Inverse Volatility,-0.016018012053794346
2016-06-22,7. Inverse Volatility,-0.021342633969552632
2016-06-23,7. Inverse Volatility,-0.011102148100356271
2016-06-24,7. Inverse Volatility,-0.04113214801596874
2016-06-27,7. Inverse Volatility,-0.05330513338276496
2016-06-28,7. Inverse Volatility,-0.036062012492701606
2016-06-29,7. Inverse Volatility,-0.021477118097438047
2016-06-30,7. Inverse Volatility,-0.015765004047943107
2016-07-01,7. Inverse Volatility,-0.012551108733860956
2016-07-05,7. Inverse Volatility,-0.012617276086161838
2016-07-06,7. Inverse Volatility,-0.009482239360780903
2016-07-07,7. Inverse Volatility,-0.008892367633321605
2016-07-08,7. Inverse Volatility,0.0
2016-07-11,7. Inverse Volatility,0.0
2016-07-12,7. Inverse Volatility,0.0
2016-07-13,7. Inverse Volatility,-0.0006819401999732606
2016-07-14,7. Inverse Volatility,0.0
2016-07-15,7. Inverse Volatility,-0.0014879695398432406
2016-07-18,7. Inverse Volatility,0.0
2016-07-19,7. Inverse Volatility,-0.0009093011520085057
2016-07-20,7. Inverse Volatility,0.0
2016-07-21,7. Inverse Volatility,-0.005178879425188896
2016-07-22,7. Inverse Volatility,-3.273412240268872e-05
2016-07-25,7. Inverse Volatility,-0.000875774225705617
2016-07-26,7. Inverse Volatility,-0.0014844098606293119
2016-07-27,7. Inverse Volatility,-0.0035966404085441056
2016-07-28,7. Inverse Volatility,0.0
2016-07-29,7. Inverse Volatility,0.0
2016-08-01,7. Inverse Volatility,0.0
2016-08-02,7. Inverse Volatility,-0.005531190350630991
2016-08-03,7. Inverse Volatility,-0.006749255146416103
2016-08-04,7. Inverse Volatility,-0.0045350364573665414
2016-08-05,7. Inverse Volatility,0.0
2016-08-08,7. Inverse Volatility,-0.0018130840559614327
2016-08-09,7. Inverse Volatility,-3.8240426843125434e-05
2016-08-10,7. Inverse Volatility,-0.00259769510068143
2016-08-11,7. Inverse Volatility,0.0
2016-08-12,7. Inverse Volatility,0.0
2016-08-15,7. Inverse Volatility,0.0
2016-08-16,7. Inverse Volatility,-0.00580542680000226
2016-08-17,7. Inverse Volatility,-0.0038904030803051074
2016-08-18,7. Inverse Volatility,-0.0024826116117411304
2016-08-19,7. Inverse Volatility,-0.005833846466274575
2016-08-22,7. Inverse Volatility,-0.007592655349294649
2016-08-23,7. Inverse Volatility,-0.004923248514886639
2016-08-24,7. Inverse Volatility,-0.008754132097902845
2016-08-25,7. Inverse Volatility,-0.009536293102796817
2016-08-26,7. Inverse Volatility,-0.008746853313355049
2016-08-29,7. Inverse Volatility,-0.004838230886734359
2016-08-30,7. Inverse Volatility,-0.007923219775620856
2016-08-31,7. Inverse Volatility,-0.00923644325713923
2016-09-01,7. Inverse Volatility,-0.00681629161780114
2016-09-02,7. Inverse Volatility,-0.004711532668098363
2016-09-06,7. Inverse Volatility,0.0
2016-09-07,7. Inverse Volatility,-0.002775861344291248
2016-09-08,7. Inverse Volatility,-0.004708351821079221
2016-09-09,7. Inverse Volatility,-0.026474679847743876
2016-09-12,7. Inverse Volatility,-0.010815117594284029
2016-09-13,7. Inverse Volatility,-0.023407414393479823
2016-09-14,7. Inverse Volatility,-0.02274198061666705
2016-09-15,7. Inverse Volatility,-0.012177706667655316
2016-09-16,7. Inverse Volatility,-0.013297061873675199
2016-09-19,7. Inverse Volatility,-0.01462909188339155
2016-09-20,7. Inverse Volatility,-0.013560444867394546
2016-09-21,7. Inverse Volatility,-0.00772043868696781
2016-09-22,7. Inverse Volatility,-0.0016940609536941736
2016-09-23,7. Inverse Volatility,-0.00623997777445913
2016-09-26,7. Inverse Volatility,-0.01668368647578467
2016-09-27,7. Inverse Volatility,-0.0068419056867790986
2016-09-28,7. Inverse Volatility,-0.0016365319329866405
2016-09-29,7. Inverse Volatility,-0.011529346702993487
2016-09-30,7. Inverse Volatility,0.0
2016-10-03,7. Inverse Volatility,-0.0005619625707258178
2016-10-04,7. Inverse Volatility,-0.0023090270476580285
2016-10-05,7. Inverse Volatility,0.0
2016-10-06,7. Inverse Volatility,-0.002328352196706902
2016-10-07,7. Inverse Volatility,-0.004726680607439375
2016-10-10,7. Inverse Volatility,-0.0017218004153446555
2016-10-11,7. Inverse Volatility,-0.011787029573671325
2016-10-12,7. Inverse Volatility,-0.010755021872439116
2016-10-13,7. Inverse Volatility,-0.014927092286035377
2016-10-14,7. Inverse Volatility,-0.013754915857244325
2016-10-17,7. Inverse Volatility,-0.017007599687070888
2016-10-18,7. Inverse Volatility,-0.008596891592410585
2016-10-19,7. Inverse Volatility,-0.006681300689821995
2016-10-20,7. Inverse Volatility,-0.007435031232432449
2016-10-21,7. Inverse Volatility,-0.0051780999828125885
2016-10-24,7. Inverse Volatility,0.0
2016-10-25,7. Inverse Volatility,0.0
2016-10-26,7. Inverse Volatility,-0.0003178255840018239
2016-10-27,7. Inverse Volatility,-0.0030582006046059183
2016-10-28,7. Inverse Volatility,-0.006005814465120983
2016-10-31,7. Inverse Volatility,-0.007943695691791751
2016-11-01,7. Inverse Volatility,-0.01761058495189957
2016-11-02,7. Inverse Volatility,-0.02420784407262705
2016-11-03,7. Inverse Volatility,-0.028854600868049
2016-11-04,7. Inverse Volatility,-0.03325376962380589
2016-11-07,7. Inverse Volatility,-0.011135074579593987
2016-11-08,7. Inverse Volatility,-0.008263237724385296
2016-11-09,7. Inverse Volatility,-0.0010388089022634972
2016-11-10,7. Inverse Volatility,-0.00942825900259709
2016-11-11,7. Inverse Volatility,0.0
2016-11-14,7. Inverse Volatility,-0.012351262578008556
2016-11-15,7. Inverse Volatility,-0.0040452818252339215
2016-11-16,7. Inverse Volatility,0.0
2016-11-17,7. Inverse Volatility,0.0
2016-11-18,7. Inverse Volatility,-0.00461558954117589
2016-11-21,7. Inverse Volatility,0.0
2016-11-22,7. Inverse Volatility,0.0
2016-11-23,7. Inverse Volatility,-0.00021612748164298546
2016-11-25,7. Inverse Volatility,0.0
2016-11-28,7. Inverse Volatility,-0.005117549664815187
2016-11-29,7. Inverse Volatility,-0.0064213580046865735
2016-11-30,7. Inverse Volatility,-0.006718642682633513
2016-12-01,7. Inverse Volatility,-0.014885558267961592
2016-12-02,7. Inverse Volatility,-0.012738733325231143
2016-12-05,7. Inverse Volatility,-0.0022910610917754874
2016-12-06,7. Inverse Volatility,-0.0007027262818593679
2016-12-07,7. Inverse Volatility,0.0
2016-12-08,7. Inverse Volatility,0.0
2016-12-09,7. Inverse Volatility,0.0
2016-12-12,7. Inverse Volatility,0.0
2016-12-13,7. Inverse Volatility,0.0
2016-12-14,7. Inverse Volatility,-0.003176115651892387
2016-12-15,7. Inverse Volatility,0.0
2016-12-16,7. Inverse Volatility,-0.0030440108299274083
2016-12-19,7. Inverse Volatility,0.0
2016-12-20,7. Inverse Volatility,0.0
2016-12-21,7. Inverse Volatility,-0.002126031792969548
2016-12-22,7. Inverse Volatility,-0.004946123960704817
2016-12-23,7. Inverse Volatility,-0.003374539975359429
2016-12-27,7. Inverse Volatility,0.0
2016-12-28,7. Inverse Volatility,-0.007098647956769213
2016-12-29,7. Inverse Volatility,-0.008195275405729327
2016-12-30,7. Inverse Volatility,-0.013857364574877342
2017-01-03,7. Inverse Volatility,-0.004274575700737279
2017-01-04,7. Inverse Volatility,0.0
2017-01-05,7. Inverse Volatility,0.0
2017-01-06,7. Inverse Volatility,0.0
2017-01-09,7. Inverse Volatility,-0.0004101904132641681
2017-01-10,7. Inverse Volatility,-0.002347979742142078
2017-01-11,7. Inverse Volatility,0.0
2017-01-12,7. Inverse Volatility,-0.0037739751974190704
2017-01-13,7. Inverse Volatility,-0.0008901847941647439
2017-01-17,7. Inverse Volatility,-0.003126247412412807
2017-01-18,7. Inverse Volatility,-0.0016446355773799975
2017-01-19,7. Inverse Volatility,-0.004099589449452301
2017-01-20,7. Inverse Volatility,0.0
2017-01-23,7. Inverse Volatility,0.0
2017-01-24,7. Inverse Volatility,0.0
2017-01-25,7. Inverse Volatility,0.0
2017-01-26,7. Inverse Volatility,-0.00042110173229141447
2017-01-27,7. Inverse Volatility,0.0
2017-01-30,7. Inverse Volatility,-0.004125220143954365
2017-01-31,7. Inverse Volatility,-0.008498681553261
2017-02-01,7. Inverse Volatility,-0.006483851929708019
2017-02-02,7. Inverse Volatility,-0.006667214124298649
2017-02-03,7. Inverse Volatility,-0.0009355757289317927
2017-02-06,7. Inverse Volatility,-0.0004727245190997277
2017-02-07,7. Inverse Volatility,0.0
2017-02-08,7. Inverse Volatility,0.0
2017-02-09,7. Inverse Volatility,0.0
2017-02-10,7. Inverse Volatility,-0.0007843334220252336
2017-02-13,7. Inverse Volatility,0.0
2017-02-14,7. Inverse Volatility,0.0
2017-02-15,7. Inverse Volatility,0.0
2017-02-16,7. Inverse Volatility,-0.0004859594853072893
2017-02-17,7. Inverse Volatility,0.0
2017-02-21,7. Inverse Volatility,0.0
2017-02-22,7. Inverse Volatility,-0.00010662549953188286
2017-02-23,7. Inverse Volatility,-0.0028800682824153476
2017-02-24,7. Inverse Volatility,-0.0014496602339917316
2017-02-27,7. Inverse Volatility,-0.003087101380752342
2017-02-28,7. Inverse Volatility,-0.004678644774700209
2017-03-01,7. Inverse Volatility,0.0
2017-03-02,7. Inverse Volatility,-0.004536783902288806
2017-03-03,7. Inverse Volatility,-0.0035215636577415094
2017-03-06,7. Inverse Volatility,-0.005787527772815059
2017-03-07,7. Inverse Volatility,-0.007377570818813239
2017-03-08,7. Inverse Volatility,-0.00776153012271769
2017-03-09,7. Inverse Volatility,-0.005599647130009454
2017-03-10,7. Inverse Volatility,-0.003311355179255084
2017-03-13,7. Inverse Volatility,-0.0007936482850273449
2017-03-14,7. Inverse Volatility,0.0
2017-03-15,7. Inverse Volatility,0.0
2017-03-16,7. Inverse Volatility,0.0
2017-03-17,7. Inverse Volatility,-0.0016417022545698937
2017-03-20,7. Inverse Volatility,-0.0017981578042027529
2017-03-21,7. Inverse Volatility,-0.014860987264761786
2017-03-22,7. Inverse Volatility,-0.011235668505756835
2017-03-23,7. Inverse Volatility,-0.012907537234861207
2017-03-24,7. Inverse Volatility,-0.012745389582491003
2017-03-27,7. Inverse Volatility,-0.010565255051956171
2017-03-28,7. Inverse Volatility,-0.0035099199105961265
2017-03-29,7. Inverse Volatility,-0.0022250854082452175
2017-03-30,7. Inverse Volatility,0.0
2017-03-31,7. Inverse Volatility,-0.0022621187076786813
2017-04-03,7. Inverse Volatility,0.0
2017-04-04,7. Inverse Volatility,0.0
2017-04-05,7. Inverse Volatility,-0.0034827997786385317
2017-04-06,7. Inverse Volatility,-0.0030682590282511265
2017-04-07,7. Inverse Volatility,-0.003644778419897278
2017-04-10,7. Inverse Volatility,-0.0017646781715744508
2017-04-11,7. Inverse Volatility,-0.0034011067306989762
2017-04-12,7. Inverse Volatility,-0.006039125143291914
2017-04-13,7. Inverse Volatility,-0.009369908500004218
2017-04-17,7. Inverse Volatility,-0.00013217199529783774
2017-04-18,7. Inverse Volatility,-0.003212986298511767
2017-04-19,7. Inverse Volatility,-0.005826411393820567
2017-04-20,7. Inverse Volatility,0.0
2017-04-21,7. Inverse Volatility,-0.0006285713558584037
2017-04-24,7. Inverse Volatility,0.0
2017-04-25,7. Inverse Volatility,0.0
2017-04-26,7. Inverse Volatility,-0.0016910883739122474
2017-04-27,7. Inverse Volatility,0.0
2017-04-28,7. Inverse Volatility,0.0
2017-05-01,7. Inverse Volatility,0.0
2017-05-02,7. Inverse Volatility,0.0
2017-05-03,7. Inverse Volatility,-0.002876975349778736
2017-05-04,7. Inverse Volatility,-0.004591606516375192
2017-05-05,7. Inverse Volatility,-0.0020748942921459137
2017-05-08,7. Inverse Volatility,0.0
2017-05-09,7. Inverse Volatility,0.0
2017-05-10,7. Inverse Volatility,0.0
2017-05-11,7. Inverse Volatility,-0.0013505790675507482
2017-05-12,7. Inverse Volatility,0.0
2017-05-15,7. Inverse Volatility,0.0
2017-05-16,7. Inverse Volatility,0.0
2017-05-17,7. Inverse Volatility,-0.02003118565846292
2017-05-18,7. Inverse Volatility,-0.013539370130699993
2017-05-19,7. Inverse Volatility,-0.008175545725918202
2017-05-22,7. Inverse Volatility,-0.004490955086352853
2017-05-23,7. Inverse Volatility,-0.0036314801117219592
2017-05-24,7. Inverse Volatility,0.0
2017-05-25,7. Inverse Volatility,0.0
2017-05-26,7. Inverse Volatility,0.0
2017-05-30,7. Inverse Volatility,0.0
2017-05-31,7. Inverse Volatility,-0.0005054079788174604
2017-06-01,7. Inverse Volatility,0.0
2017-06-02,7. Inverse Volatility,0.0
2017-06-05,7. Inverse Volatility,0.0
2017-06-06,7. Inverse Volatility,-0.002195134773591746
2017-06-07,7. Inverse Volatility,0.0
2017-06-08,7. Inverse Volatility,0.0
2017-06-09,7. Inverse Volatility,-0.008637331338693625
2017-06-12,7. Inverse Volatility,-0.01297191615499269
2017-06-13,7. Inverse Volatility,-0.005334755524312027
2017-06-14,7. Inverse Volatility,-0.004335396683149737
2017-06-15,7. Inverse Volatility,-0.008580616444518374
2017-06-16,7. Inverse Volatility,-0.009856287863865153
2017-06-19,7. Inverse Volatility,-0.001531978618750098
2017-06-20,7. Inverse Volatility,-0.0054903547756839114
2017-06-21,7. Inverse Volatility,-0.0022646705144531766
2017-06-22,7. Inverse Volatility,-0.0036426123180769614
2017-06-23,7. Inverse Volatility,-0.0010939924579556628
2017-06-26,7. Inverse Volatility,-0.0037239756774962
2017-06-27,7. Inverse Volatility,-0.013643332199495997
2017-06-28,7. Inverse Volatility,-0.002796169665455326
2017-06-29,7. Inverse Volatility,-0.015493697106166835
2017-06-30,7. Inverse Volatility,-0.01602877328603703
2017-07-03,7. Inverse Volatility,-0.01826228772844878
2017-07-05,7. Inverse Volatility,-0.01835985778483416
2017-07-06,7. Inverse Volatility,-0.02834849170903111
2017-07-07,7. Inverse Volatility,-0.02142589587901272
2017-07-10,7. Inverse Volatility,-0.01869703450257921
2017-07-11,7. Inverse Volatility,-0.01582492627152327
2017-07-12,7. Inverse Volatility,-0.0074821990890688896
2017-07-13,7. Inverse Volatility,-0.006293389336607767
2017-07-14,7. Inverse Volatility,0.0
2017-07-17,7. Inverse Volatility,-0.001094173274260851
2017-07-18,7. Inverse Volatility,0.0
2017-07-19,7. Inverse Volatility,0.0
2017-07-20,7. Inverse Volatility,0.0
2017-07-21,7. Inverse Volatility,0.0
2017-07-24,7. Inverse Volatility,0.0
2017-07-25,7. Inverse Volatility,0.0
2017-07-26,7. Inverse Volatility,0.0
2017-07-27,7. Inverse Volatility,-0.001810825458216898
2017-07-28,7. Inverse Volatility,-0.0030169960037518795
2017-07-31,7. Inverse Volatility,-0.006913716817208525
2017-08-01,7. Inverse Volatility,-0.0027322109194412754
2017-08-02,7. Inverse Volatility,-0.0002022360334782072
2017-08-03,7. Inverse Volatility,0.0
2017-08-04,7. Inverse Volatility,0.0
2017-08-07,7. Inverse Volatility,0.0
2017-08-08,7. Inverse Volatility,0.0
2017-08-09,7. Inverse Volatility,-0.002439674996254453
2017-08-10,7. Inverse Volatility,-0.017714123089154352
2017-08-11,7. Inverse Volatility,-0.015993752722965538
2017-08-14,7. Inverse Volatility,-0.0059719965283351745
2017-08-15,7. Inverse Volatility,-0.005981387850711701
2017-08-16,7. Inverse Volatility,-0.004443829917393585
2017-08-17,7. Inverse Volatility,-0.019256317589002134
2017-08-18,7. Inverse Volatility,-0.021302579327629512
2017-08-21,7. Inverse Volatility,-0.021555692343409965
2017-08-22,7. Inverse Volatility,-0.011160551776914307
2017-08-23,7. Inverse Volatility,-0.013262254520159429
2017-08-24,7. Inverse Volatility,-0.016338810611756592
2017-08-25,7. Inverse Volatility,-0.016945284232383406
2017-08-28,7. Inverse Volatility,-0.015627936537407457
2017-08-29,7. Inverse Volatility,-0.013698407911547245
2017-08-30,7. Inverse Volatility,-0.009961357752833275
2017-08-31,7. Inverse Volatility,-0.006617209081154403
2017-09-01,7. Inverse Volatility,-0.00591502518167078
2017-09-05,7. Inverse Volatility,-0.011372580523265147
2017-09-06,7. Inverse Volatility,-0.0075666834547256185
2017-09-07,7. Inverse Volatility,-0.004744711636720242
2017-09-08,7. Inverse Volatility,-0.010379032995192917
2017-09-11,7. Inverse Volatility,0.0
2017-09-12,7. Inverse Volatility,0.0
2017-09-13,7. Inverse Volatility,0.0
2017-09-14,7. Inverse Volatility,-0.000647474544503182
2017-09-15,7. Inverse Volatility,0.0
2017-09-18,7. Inverse Volatility,0.0
2017-09-19,7. Inverse Volatility,0.0
2017-09-20,7. Inverse Volatility,-6.549058196841272e-05
2017-09-21,7. Inverse Volatility,-0.006060226829724895
2017-09-22,7. Inverse Volatility,-0.01042224669536035
2017-09-25,7. Inverse Volatility,-0.02096790645861378
2017-09-26,7. Inverse Volatility,-0.020479074569249456
2017-09-27,7. Inverse Volatility,-0.0158781398374279
2017-09-28,7. Inverse Volatility,-0.014685437723986733
2017-09-29,7. Inverse Volatility,-0.010475717621466584
2017-10-02,7. Inverse Volatility,-0.008259021521938803
2017-10-03,7. Inverse Volatility,-0.0026889613477241885
2017-10-04,7. Inverse Volatility,-0.0019516241609667598
2017-10-05,7. Inverse Volatility,0.0
2017-10-06,7. Inverse Volatility,0.0
2017-10-09,7. Inverse Volatility,-0.00038433127669373825
2017-10-10,7. Inverse Volatility,0.0
2017-10-11,7. Inverse Volatility,0.0
2017-10-12,7. Inverse Volatility,-0.0010825774831933776
2017-10-13,7. Inverse Volatility,0.0
2017-10-16,7. Inverse Volatility,0.0
2017-10-17,7. Inverse Volatility,0.0
2017-10-18,7. Inverse Volatility,-0.00047877691135322264
2017-10-19,7. Inverse Volatility,-0.0036437761386408796
2017-10-20,7. Inverse Volatility,-0.002409998150202501
2017-10-23,7. Inverse Volatility,-0.005850434745782921
2017-10-24,7. Inverse Volatility,-0.003509512004891128
2017-10-25,7. Inverse Volatility,-0.006022541296135687
2017-10-26,7. Inverse Volatility,-0.003199680315867634
2017-10-27,7. Inverse Volatility,0.0
2017-10-30,7. Inverse Volatility,-0.0015325970006008715
2017-10-31,7. Inverse Volatility,-0.0006913505892222038
2017-11-01,7. Inverse Volatility,0.0
2017-11-02,7. Inverse Volatility,-0.0035348988382161517
2017-11-03,7. Inverse Volatility,0.0
2017-11-06,7. Inverse Volatility,0.0
2017-11-07,7. Inverse Volatility,0.0
2017-11-08,7. Inverse Volatility,0.0
2017-11-09,7. Inverse Volatility,-0.0026949997540614942
2017-11-10,7. Inverse Volatility,-0.0012505537437650107
2017-11-13,7. Inverse Volatility,0.0
2017-11-14,7. Inverse Volatility,-0.0009422001602466001
2017-11-15,7. Inverse Volatility,-0.007434854558547333
2017-11-16,7. Inverse Volatility,0.0
2017-11-17,7. Inverse Volatility,-0.007278116854103058
2017-11-20,7. Inverse Volatility,-0.0068718013049169115
2017-11-21,7. Inverse Volatility,0.0
2017-11-22,7. Inverse Volatility,-0.0023880189386240583
2017-11-24,7. Inverse Volatility,0.0
2017-11-27,7. Inverse Volatility,0.0
2017-11-28,7. Inverse Volatility,0.0
2017-11-29,7. Inverse Volatility,-0.01200638782445549
2017-11-30,7. Inverse Volatility,-0.0050136524700046614
2017-12-01,7. Inverse Volatility,-0.007627689124176747
2017-12-04,7. Inverse Volatility,-0.012932106707902789
2017-12-05,7. Inverse Volatility,-0.013265408569327578
2017-12-06,7. Inverse Volatility,-0.009741236575403754
2017-12-07,7. Inverse Volatility,-0.007793408081084263
2017-12-08,7. Inverse Volatility,-0.004038017562153789
2017-12-11,7. Inverse Volatility,0.0
2017-12-12,7. Inverse Volatility,0.0
2017-12-13,7. Inverse Volatility,0.0
2017-12-14,7. Inverse Volatility,0.0
2017-12-15,7. Inverse Volatility,0.0
2017-12-18,7. Inverse Volatility,0.0
2017-12-19,7. Inverse Volatility,-0.0039289737399324535
2017-12-20,7. Inverse Volatility,-0.00712505440456896
2017-12-21,7. Inverse Volatility,-0.00665998222186838
2017-12-22,7. Inverse Volatility,-0.00827688335726043
2017-12-26,7. Inverse Volatility,-0.009556451188765455
2017-12-27,7. Inverse Volatility,-0.00928132411785093
2017-12-28,7. Inverse Volatility,-0.007187986421643764
2017-12-29,7. Inverse Volatility,-0.00752542231265999
2018-01-02,7. Inverse Volatility,0.0
2018-01-03,7. Inverse Volatility,0.0
2018-01-04,7. Inverse Volatility,0.0
2018-01-05,7. Inverse Volatility,0.0
2018-01-08,7. Inverse Volatility,0.0
2018-01-09,7. Inverse Volatility,0.0
2018-01-10,7. Inverse Volatility,-0.0006927673301001992
2018-01-11,7. Inverse Volatility,0.0
2018-01-12,7. Inverse Volatility,0.0
2018-01-16,7. Inverse Volatility,-0.0008192295375286953
2018-01-17,7. Inverse Volatility,0.0
2018-01-18,7. Inverse Volatility,-0.0002756712438711489
2018-01-19,7. Inverse Volatility,0.0
2018-01-22,7. Inverse Volatility,0.0
2018-01-23,7. Inverse Volatility,0.0
2018-01-24,7. Inverse Volatility,0.0
2018-01-25,7. Inverse Volatility,0.0
2018-01-26,7. Inverse Volatility,0.0
2018-01-29,7. Inverse Volatility,-0.004491842434287621
2018-01-30,7. Inverse Volatility,-0.015180403473923411
2018-01-31,7. Inverse Volatility,-0.016644698496356435
2018-02-01,7. Inverse Volatility,-0.013753160986774652
2018-02-02,7. Inverse Volatility,-0.03594893666946791
2018-02-05,7. Inverse Volatility,-0.0804979231157599
2018-02-06,7. Inverse Volatility,-0.06156976083262016
2018-02-07,7. Inverse Volatility,-0.06769231099853014
2018-02-08,7. Inverse Volatility,-0.10500232580945743
2018-02-09,7. Inverse Volatility,-0.09202412699785671
2018-02-12,7. Inverse Volatility,-0.07964707562432123
2018-02-13,7. Inverse Volatility,-0.07573268214439147
2018-02-14,7. Inverse Volatility,-0.06491421998705939
2018-02-15,7. Inverse Volatility,-0.051883256608334975
2018-02-16,7. Inverse Volatility,-0.04992623874633393
2018-02-20,7. Inverse Volatility,-0.05667351843131472
2018-02-21,7. Inverse Volatility,-0.06412035774663216
2018-02-22,7. Inverse Volatility,-0.060322780992497035
2018-02-23,7. Inverse Volatility,-0.04477263711032166
2018-02-26,7. Inverse Volatility,-0.03323431388252593
2018-02-27,7. Inverse Volatility,-0.0457437109834842
2018-02-28,7. Inverse Volatility,-0.057015688148697376
2018-03-01,7. Inverse Volatility,-0.07008250674747299
2018-03-02,7. Inverse Volatility,-0.06333697868978774
2018-03-05,7. Inverse Volatility,-0.052580020158229414
2018-03-06,7. Inverse Volatility,-0.0520829364161743
2018-03-07,7. Inverse Volatility,-0.0543749964313147
2018-03-08,7. Inverse Volatility,-0.050161274171841734
2018-03-09,7. Inverse Volatility,-0.034815098658937636
2018-03-12,7. Inverse Volatility,-0.0353351442366628
2018-03-13,7. Inverse Volatility,-0.04291649959479367
2018-03-14,7. Inverse Volatility,-0.048809195787467514
2018-03-15,7. Inverse Volatility,-0.04699194526095501
2018-03-16,7. Inverse Volatility,-0.04512454803003426
2018-03-19,7. Inverse Volatility,-0.061096534349362845
2018-03-20,7. Inverse Volatility,-0.058212359038562624
2018-03-21,7. Inverse Volatility,-0.06043620856624559
2018-03-22,7. Inverse Volatility,-0.08230073248183153
2018-03-23,7. Inverse Volatility,-0.10285568380674619
2018-03-26,7. Inverse Volatility,-0.07778984287977574
2018-03-27,7. Inverse Volatility,-0.09838871773446144
2018-03-28,7. Inverse Volatility,-0.10417062210484747
2018-03-29,7. Inverse Volatility,-0.08712695979895262
2018-04-02,7. Inverse Volatility,-0.10966359664260579
2018-04-03,7. Inverse Volatility,-0.09668810919090164
2018-04-04,7. Inverse Volatility,-0.08502987587198278
2018-04-05,7. Inverse Volatility,-0.07736935992184034
2018-04-06,7. Inverse Volatility,-0.09617545949164887
2018-04-09,7. Inverse Volatility,-0.09384029171084586
2018-04-10,7. Inverse Volatility,-0.07652462904119173
2018-04-11,7. Inverse Volatility,-0.08072281573954629
2018-04-12,7. Inverse Volatility,-0.07349150573188463
2018-04-13,7. Inverse Volatility,-0.07435201693766029
2018-04-16,7. Inverse Volatility,-0.07083447130246233
2018-04-17,7. Inverse Volatility,-0.05863862766660506
2018-04-18,7. Inverse Volatility,-0.058784532954917326
2018-04-19,7. Inverse Volatility,-0.06080536385439711
2018-04-20,7. Inverse Volatility,-0.06925453134748927
2018-04-23,7. Inverse Volatility,-0.0718448112965869
2018-04-24,7. Inverse Volatility,-0.08602352692863752
2018-04-25,7. Inverse Volatility,-0.08686282047275047
2018-04-26,7. Inverse Volatility,-0.06837976350963296
2018-04-27,7. Inverse Volatility,-0.07078835229022994
2018-04-30,7. Inverse Volatility,-0.07353713308778644
2018-05-01,7. Inverse Volatility,-0.07357522281186848
2018-05-02,7. Inverse Volatility,-0.07633290562947173
2018-05-03,7. Inverse Volatility,-0.07913536499207381
2018-05-04,7. Inverse Volatility,-0.06662905817396564
2018-05-07,7. Inverse Volatility,-0.060772594162748335
2018-05-08,7. Inverse Volatility,-0.0592127515231656
2018-05-09,7. Inverse Volatility,-0.049564382861554394
2018-05-10,7. Inverse Volatility,-0.04101852919305989
2018-05-11,7. Inverse Volatility,-0.03990787686603582
2018-05-14,7. Inverse Volatility,-0.03918696028703624
2018-05-15,7. Inverse Volatility,-0.04656629426830765
2018-05-16,7. Inverse Volatility,-0.04462975340030705
2018-05-17,7. Inverse Volatility,-0.04742314621021438
2018-05-18,7. Inverse Volatility,-0.05195259405928474
2018-05-21,7. Inverse Volatility,-0.0440848367637605
2018-05-22,7. Inverse Volatility,-0.04743887711143217
2018-05-23,7. Inverse Volatility,-0.04114651954042737
2018-05-24,7. Inverse Volatility,-0.04541652641962449
2018-05-25,7. Inverse Volatility,-0.04778787105782945
2018-05-29,7. Inverse Volatility,-0.0557801258890319
2018-05-30,7. Inverse Volatility,-0.042703606456176615
2018-05-31,7. Inverse Volatility,-0.046651851906456744
2018-06-01,7. Inverse Volatility,-0.034946898558214264
2018-06-04,7. Inverse Volatility,-0.02682856905643899
2018-06-05,7. Inverse Volatility,-0.026904692007790703
2018-06-06,7. Inverse Volatility,-0.016316673063457406
2018-06-07,7. Inverse Volatility,-0.01850964621908574
2018-06-08,7. Inverse Volatility,-0.013902355926140341
2018-06-11,7. Inverse Volatility,-0.014050016327837988
2018-06-12,7. Inverse Volatility,-0.01132775451491325
2018-06-13,7. Inverse Volatility,-0.011586114386312494
2018-06-14,7. Inverse Volatility,-0.007358414781736697
2018-06-15,7. Inverse Volatility,-0.00820987308570383
2018-06-18,7. Inverse Volatility,-0.007745037421422769
2018-06-19,7. Inverse Volatility,-0.009460373874096486
2018-06-20,7. Inverse Volatility,-0.004428366258652186
2018-06-21,7. Inverse Volatility,-0.009810707101176564
2018-06-22,7. Inverse Volatility,-0.010336008606045843
2018-06-25,7. Inverse Volatility,-0.02780912316048939
2018-06-26,7. Inverse Volatility,-0.02122691222889148
2018-06-27,7. Inverse Volatility,-0.02901845975433509
2018-06-28,7. Inverse Volatility,-0.020212951108270143
2018-06-29,7. Inverse Volatility,-0.022586337908587845
2018-07-02,7. Inverse Volatility,-0.01954243135863464
2018-07-03,7. Inverse Volatility,-0.028186007137387763
2018-07-05,7. Inverse Volatility,-0.01675672766083192
2018-07-06,7. Inverse Volatility,-0.010145287911489415
2018-07-09,7. Inverse Volatility,-0.000599867583679231
2018-07-10,7. Inverse Volatility,0.0
2018-07-11,7. Inverse Volatility,-0.0023773886250716995
2018-07-12,7. Inverse Volatility,0.0
2018-07-13,7. Inverse Volatility,-0.001308646465139006
2018-07-16,7. Inverse Volatility,-0.0008319407196404837
2018-07-17,7. Inverse Volatility,0.0
2018-07-18,7. Inverse Volatility,-0.0008216510549745821
2018-07-19,7. Inverse Volatility,-0.007674123406439586
2018-07-20,7. Inverse Volatility,-0.006623218806198726
2018-07-23,7. Inverse Volatility,-0.005178225549157056
2018-07-24,7. Inverse Volatility,0.0
2018-07-25,7. Inverse Volatility,0.0
2018-07-26,7. Inverse Volatility,-0.009525777121512887
2018-07-27,7. Inverse Volatility,-0.018291425942316808
2018-07-30,7. Inverse Volatility,-0.028604445346761122
2018-07-31,7. Inverse Volatility,-0.0242825053126737
2018-08-01,7. Inverse Volatility,-0.020135526365701855
2018-08-02,7. Inverse Volatility,-0.012479718568879158
2018-08-03,7. Inverse Volatility,-0.007630961295001773
2018-08-06,7. Inverse Volatility,-0.0023630103748454485
2018-08-07,7. Inverse Volatility,0.0
2018-08-08,7. Inverse Volatility,0.0
2018-08-09,7. Inverse Volatility,-0.0032161233862817136
2018-08-10,7. Inverse Volatility,-0.009450380268449098
2018-08-13,7. Inverse Volatility,-0.014154388164823806
2018-08-14,7. Inverse Volatility,-0.01192328960667049
2018-08-15,7. Inverse Volatility,-0.018800654704122566
2018-08-16,7. Inverse Volatility,-0.012086781000981012
2018-08-17,7. Inverse Volatility,-0.01317744560496411
2018-08-20,7. Inverse Volatility,-0.009360336858093957
2018-08-21,7. Inverse Volatility,-0.007869586527187986
2018-08-22,7. Inverse Volatility,-0.00458857618123546
2018-08-23,7. Inverse Volatility,-0.005155011113493631
2018-08-24,7. Inverse Volatility,0.0
2018-08-27,7. Inverse Volatility,0.0
2018-08-28,7. Inverse Volatility,-0.0005598621968628332
2018-08-29,7. Inverse Volatility,0.0
2018-08-30,7. Inverse Volatility,-0.0017647452485792037
2018-08-31,7. Inverse Volatility,-0.0030188019323771935
2018-09-04,7. Inverse Volatility,-0.003943520385614181
2018-09-05,7. Inverse Volatility,-0.01224801386054519
2018-09-06,7. Inverse Volatility,-0.014536933763639891
2018-09-07,7. Inverse Volatility,-0.01531416601904536
2018-09-10,7. Inverse Volatility,-0.011749502999230683
2018-09-11,7. Inverse Volatility,-0.0035476514657900252
2018-09-12,7. Inverse Volatility,-0.0027850356873427395
2018-09-13,7. Inverse Volatility,-0.0002929115068513681
2018-09-14,7. Inverse Volatility,0.0
2018-09-17,7. Inverse Volatility,-0.006052251623993634
2018-09-18,7. Inverse Volatility,0.0
2018-09-19,7. Inverse Volatility,0.0
2018-09-20,7. Inverse Volatility,0.0
2018-09-21,7. Inverse Volatility,-0.0016850665038094673
2018-09-24,7. Inverse Volatility,-0.0016482092480390512
2018-09-25,7. Inverse Volatility,-0.001784523468198436
2018-09-26,7. Inverse Volatility,-0.002073527411156451
2018-09-27,7. Inverse Volatility,0.0
2018-09-28,7. Inverse Volatility,-0.003905313383304854
2018-10-01,7. Inverse Volatility,0.0
2018-10-02,7. Inverse Volatility,-0.0017731771104133195
2018-10-03,7. Inverse Volatility,-0.002440033337478936
2018-10-04,7. Inverse Volatility,-0.016267066632689783
2018-10-05,7. Inverse Volatility,-0.025649267138106696
2018-10-08,7. Inverse Volatility,-0.027316198491109875
2018-10-09,7. Inverse Volatility,-0.024063718026841745
2018-10-10,7. Inverse Volatility,-0.05826570575209375
2018-10-11,7. Inverse Volatility,-0.07803764561025296
2018-10-12,7. Inverse Volatility,-0.05969615980556759
2018-10-15,7. Inverse Volatility,-0.06929653863430593
2018-10-16,7. Inverse Volatility,-0.04711541864501009
2018-10-17,7. Inverse Volatility,-0.04248381849906595
2018-10-18,7. Inverse Volatility,-0.05893851999148852
2018-10-19,7. Inverse Volatility,-0.05417706950557247
2018-10-22,7. Inverse Volatility,-0.056596645048291
2018-10-23,7. Inverse Volatility,-0.05855485431645494
2018-10-24,7. Inverse Volatility,-0.08819194524220549
2018-10-25,7. Inverse Volatility,-0.06509471266919545
2018-10-26,7. Inverse Volatility,-0.08354894461614662
2018-10-29,7. Inverse Volatility,-0.09371291238578394
2018-10-30,7. Inverse Volatility,-0.08409366445384799
2018-10-31,7. Inverse Volatility,-0.06681008862312322
2018-11-01,7. Inverse Volatility,-0.055073699194571654
2018-11-02,7. Inverse Volatility,-0.06152591396706424
2018-11-05,7. Inverse Volatility,-0.05888097528901672
2018-11-06,7. Inverse Volatility,-0.05593810552061164
2018-11-07,7. Inverse Volatility,-0.0337444711786971
2018-11-08,7. Inverse Volatility,-0.038506724999908426
2018-11-09,7. Inverse Volatility,-0.0454904721807473
2018-11-12,7. Inverse Volatility,-0.06567650664087617
2018-11-13,7. Inverse Volatility,-0.06759407253454945
2018-11-14,7. Inverse Volatility,-0.07443666974743791
2018-11-15,7. Inverse Volatility,-0.06589633628186375
2018-11-16,7. Inverse Volatility,-0.0708581963656886
2018-11-19,7. Inverse Volatility,-0.08724466262816513
2018-11-20,7. Inverse Volatility,-0.1030029078899622
2018-11-21,7. Inverse Volatility,-0.10558539994723441
2018-11-23,7. Inverse Volatility,-0.11378355594938976
2018-11-26,7. Inverse Volatility,-0.09804197001521268
2018-11-27,7. Inverse Volatility,-0.09216105863228556
2018-11-28,7. Inverse Volatility,-0.06829887586218306
2018-11-29,7. Inverse Volatility,-0.07188655101630095
2018-11-30,7. Inverse Volatility,-0.06002259851143797
2018-12-03,7. Inverse Volatility,-0.049832158884106026
2018-12-04,7. Inverse Volatility,-0.07786217072215579
2018-12-06,7. Inverse Volatility,-0.07621227656861497
2018-12-07,7. Inverse Volatility,-0.09789569294627753
2018-12-10,7. Inverse Volatility,-0.09426633946760758
2018-12-11,7. Inverse Volatility,-0.09464559158172714
2018-12-12,7. Inverse Volatility,-0.09034186763405251
2018-12-13,7. Inverse Volatility,-0.08538114642025499
2018-12-14,7. Inverse Volatility,-0.10499425529402925
2018-12-17,7. Inverse Volatility,-0.12555085384548947
2018-12-18,7. Inverse Volatility,-0.1239284641704477
2018-12-19,7. Inverse Volatility,-0.1384429079155314
2018-12-20,7. Inverse Volatility,-0.15200329603099572
2018-12-21,7. Inverse Volatility,-0.170143474802009
2018-12-24,7. Inverse Volatility,-0.19439664184224908
2018-12-26,7. Inverse Volatility,-0.1500459972747683
2018-12-27,7. Inverse Volatility,-0.14348474882517856
2018-12-28,7. Inverse Volatility,-0.14492936099662715
2018-12-31,7. Inverse Volatility,-0.13671121875430464
2019-01-02,7. Inverse Volatility,-0.13491156947092298
2019-01-03,7. Inverse Volatility,-0.15661013777846805
2019-01-04,7. Inverse Volatility,-0.12502447790684781
2019-01-07,7. Inverse Volatility,-0.11730733358416826
2019-01-08,7. Inverse Volatility,-0.11002266611783325
2019-01-09,7. Inverse Volatility,-0.10777876133148918
2019-01-10,7. Inverse Volatility,-0.10753113385936923
2019-01-11,7. Inverse Volatility,-0.10567714193060837
2019-01-14,7. Inverse Volatility,-0.11060341269535078
2019-01-15,7. Inverse Volatility,-0.09918941297698008
2019-01-16,7. Inverse Volatility,-0.0991274014690963
2019-01-17,7. Inverse Volatility,-0.09511353139447731
2019-01-18,7. Inverse Volatility,-0.09095649122655815
2019-01-22,7. Inverse Volatility,-0.1041539770324216
2019-01-23,7. Inverse Volatility,-0.10292878327279145
2019-01-24,7. Inverse Volatility,-0.1041385693040168
2019-01-25,7. Inverse Volatility,-0.09648294945724457
2019-01-28,7. Inverse Volatility,-0.1068398252578523
2019-01-29,7. Inverse Volatility,-0.10918473781061694
2019-01-30,7. Inverse Volatility,-0.0923474220416988
2019-01-31,7. Inverse Volatility,-0.08129735116172308
2019-02-01,7. Inverse Volatility,-0.07586584975588985
2019-02-04,7. Inverse Volatility,-0.06828201454012235
2019-02-05,7. Inverse Volatility,-0.06371803946806394
2019-02-06,7. Inverse Volatility,-0.06743522315358247
2019-02-07,7. Inverse Volatility,-0.07735393528561775
2019-02-08,7. Inverse Volatility,-0.07604876176188216
2019-02-11,7. Inverse Volatility,-0.07798391449981898
2019-02-12,7. Inverse Volatility,-0.06660863258260859
2019-02-13,7. Inverse Volatility,-0.06454744189214513
2019-02-14,7. Inverse Volatility,-0.07077285299920458
2019-02-15,7. Inverse Volatility,-0.06248777884883497
2019-02-19,7. Inverse Volatility,-0.06023295190382154
2019-02-20,7. Inverse Volatility,-0.061009142745562676
2019-02-21,7. Inverse Volatility,-0.06377952199187245
2019-02-22,7. Inverse Volatility,-0.056142420486025066
2019-02-25,7. Inverse Volatility,-0.05602506728649877
2019-02-26,7. Inverse Volatility,-0.05615560537832412
2019-02-27,7. Inverse Volatility,-0.05651962728194106
2019-02-28,7. Inverse Volatility,-0.05640345220038881
2019-03-01,7. Inverse Volatility,-0.05223271238410247
2019-03-04,7. Inverse Volatility,-0.053005189234989425
2019-03-05,7. Inverse Volatility,-0.05228359616379902
2019-03-06,7. Inverse Volatility,-0.056236331274907375
2019-03-07,7. Inverse Volatility,-0.06409746094674144
2019-03-08,7. Inverse Volatility,-0.06681136157908774
2019-03-11,7. Inverse Volatility,-0.049927502025746286
2019-03-12,7. Inverse Volatility,-0.04702894038955274
2019-03-13,7. Inverse Volatility,-0.04128491965246169
2019-03-14,7. Inverse Volatility,-0.04377836187847017
2019-03-15,7. Inverse Volatility,-0.040872859734187104
2019-03-18,7. Inverse Volatility,-0.0396731097733541
2019-03-19,7. Inverse Volatility,-0.03831303102959873
2019-03-20,7. Inverse Volatility,-0.036015841176911645
2019-03-21,7. Inverse Volatility,-0.02728003676523868
2019-03-22,7. Inverse Volatility,-0.04437263614655747
2019-03-25,7. Inverse Volatility,-0.04532540685107723
2019-03-26,7. Inverse Volatility,-0.03784500076705809
2019-03-27,7. Inverse Volatility,-0.0423362568992277
2019-03-28,7. Inverse Volatility,-0.03850513524020027
2019-03-29,7. Inverse Volatility,-0.03310060040805841
2019-04-01,7. Inverse Volatility,-0.021527329390538558
2019-04-02,7. Inverse Volatility,-0.020263055463491133
2019-04-03,7. Inverse Volatility,-0.017815066369692822
2019-04-04,7. Inverse Volatility,-0.01755513751296996
2019-04-05,7. Inverse Volatility,-0.014642957135153152
2019-04-08,7. Inverse Volatility,-0.012157858380178048
2019-04-09,7. Inverse Volatility,-0.015407070870239676
2019-04-10,7. Inverse Volatility,-0.013409980451271694
2019-04-11,7. Inverse Volatility,-0.01369373260048009
2019-04-12,7. Inverse Volatility,-0.00624707291318443
2019-04-15,7. Inverse Volatility,-0.004761033550603798
2019-04-16,7. Inverse Volatility,-0.0027244998635801566
2019-04-17,7. Inverse Volatility,-0.00017736007593821765
2019-04-18,7. Inverse Volatility,-0.00035809448211391074
2019-04-22,7. Inverse Volatility,0.0
2019-04-23,7. Inverse Volatility,0.0
2019-04-24,7. Inverse Volatility,-0.003484888490937503
2019-04-25,7. Inverse Volatility,-0.0004625295072013784
2019-04-26,7. Inverse Volatility,0.0
2019-04-29,7. Inverse Volatility,0.0
2019-04-30,7. Inverse Volatility,0.0
2019-05-01,7. Inverse Volatility,-0.007045294438484312
2019-05-02,7. Inverse Volatility,-0.009618979675759006
2019-05-03,7. Inverse Volatility,-0.0005419691539888995
2019-05-06,7. Inverse Volatility,-0.003986766979095697
2019-05-07,7. Inverse Volatility,-0.02011733247597776
2019-05-08,7. Inverse Volatility,-0.020871275200667592
2019-05-09,7. Inverse Volatility,-0.02637465715709447
2019-05-10,7. Inverse Volatility,-0.023522471475380658
2019-05-13,7. Inverse Volatility,-0.04615560304748177
2019-05-14,7. Inverse Volatility,-0.03943335690571966
2019-05-15,7. Inverse Volatility,-0.0292968399627346
2019-05-16,7. Inverse Volatility,-0.01994117349945403
2019-05-17,7. Inverse Volatility,-0.027183204437745752
2019-05-20,7. Inverse Volatility,-0.033583003064639703
2019-05-21,7. Inverse Volatility,-0.029812497405961702
2019-05-22,7. Inverse Volatility,-0.02924335219819027
2019-05-23,7. Inverse Volatility,-0.039730514786641795
2019-05-24,7. Inverse Volatility,-0.038053502347433536
2019-05-28,7. Inverse Volatility,-0.04249977944066516
2019-05-29,7. Inverse Volatility,-0.05120902075009132
2019-05-30,7. Inverse Volatility,-0.048831800268537943
2019-05-31,7. Inverse Volatility,-0.061597598627556
2019-06-03,7. Inverse Volatility,-0.07147450626542451
2019-06-04,7. Inverse Volatility,-0.049896067178073024
2019-06-05,7. Inverse Volatility,-0.040939982506676686
2019-06-06,7. Inverse Volatility,-0.03222061756260296
2019-06-07,7. Inverse Volatility,-0.0208365222309505
2019-06-10,7. Inverse Volatility,-0.015811219097912124
2019-06-11,7. Inverse Volatility,-0.01567247230209127
2019-06-12,7. Inverse Volatility,-0.017097715010912194
2019-06-13,7. Inverse Volatility,-0.014591558778461938
2019-06-14,7. Inverse Volatility,-0.01371777593783755
2019-06-17,7. Inverse Volatility,-0.009524053126632575
2019-06-18,7. Inverse Volatility,-0.004105648012843432
2019-06-19,7. Inverse Volatility,-0.0006433411108506984
2019-06-20,7. Inverse Volatility,0.0
2019-06-21,7. Inverse Volatility,-0.0005171019783791883
2019-06-24,7. Inverse Volatility,-0.00025164668899186113
2019-06-25,7. Inverse Volatility,-0.011140667266322497
2019-06-26,7. Inverse Volatility,-0.011815148222107877
2019-06-27,7. Inverse Volatility,-0.009830989922125192
2019-06-28,7. Inverse Volatility,-0.005549178088006227
2019-07-01,7. Inverse Volatility,0.0
2019-07-02,7. Inverse Volatility,0.0
2019-07-03,7. Inverse Volatility,0.0
2019-07-05,7. Inverse Volatility,-0.0029881619738683623
2019-07-08,7. Inverse Volatility,-0.006432375777923569
2019-07-09,7. Inverse Volatility,-0.003715678878318635
2019-07-10,7. Inverse Volatility,0.0
2019-07-11,7. Inverse Volatility,0.0
2019-07-12,7. Inverse Volatility,0.0
2019-07-15,7. Inverse Volatility,0.0
2019-07-16,7. Inverse Volatility,-0.00439857207999039
2019-07-17,7. Inverse Volatility,-0.008426426737324588
2019-07-18,7. Inverse Volatility,-0.012802953428063625
2019-07-19,7. Inverse Volatility,-0.02061952526448344
2019-07-22,7. Inverse Volatility,-0.017051229667112016
2019-07-23,7. Inverse Volatility,-0.008969314037771375
2019-07-24,7. Inverse Volatility,-0.005241805615985311
2019-07-25,7. Inverse Volatility,-0.010927363164925727
2019-07-26,7. Inverse Volatility,0.0
2019-07-29,7. Inverse Volatility,-0.002119865823247265
2019-07-30,7. Inverse Volatility,-0.008166613150069878
2019-07-31,7. Inverse Volatility,-0.00843542126195918
2019-08-01,7. Inverse Volatility,-0.018770842992106778
2019-08-02,7. Inverse Volatility,-0.02489265899758639
2019-08-05,7. Inverse Volatility,-0.05644142707439108
2019-08-06,7. Inverse Volatility,-0.04315409608737505
2019-08-07,7. Inverse Volatility,-0.044496279916810794
2019-08-08,7. Inverse Volatility,-0.025823149888188537
2019-08-09,7. Inverse Volatility,-0.034411734834596266
2019-08-12,7. Inverse Volatility,-0.04792811004074358
2019-08-13,7. Inverse Volatility,-0.03453604061263184
2019-08-14,7. Inverse Volatility,-0.06328404869534487
2019-08-15,7. Inverse Volatility,-0.05465338916312276
2019-08-16,7. Inverse Volatility,-0.04114538634916685
2019-08-19,7. Inverse Volatility,-0.02809285996874444
2019-08-20,7. Inverse Volatility,-0.035134975579014724
2019-08-21,7. Inverse Volatility,-0.028467270651354022
2019-08-22,7. Inverse Volatility,-0.02828481385347595
2019-08-23,7. Inverse Volatility,-0.053462856638477545
2019-08-26,7. Inverse Volatility,-0.041603824527737275
2019-08-27,7. Inverse Volatility,-0.0432134839288399
2019-08-28,7. Inverse Volatility,-0.037159066690856196
2019-08-29,7. Inverse Volatility,-0.02464229781361323
2019-08-30,7. Inverse Volatility,-0.0245419818192147
2019-09-03,7. Inverse Volatility,-0.02926150331657922
2019-09-04,7. Inverse Volatility,-0.019209256682027196
2019-09-05,7. Inverse Volatility,-0.006263262883271616
2019-09-06,7. Inverse Volatility,-0.006948599710354721
2019-09-09,7. Inverse Volatility,-0.005594432527033046
2019-09-10,7. Inverse Volatility,-0.008582837575858265
2019-09-11,7. Inverse Volatility,-0.004101731116579631
2019-09-12,7. Inverse Volatility,0.0
2019-09-13,7. Inverse Volatility,0.0
2019-09-16,7. Inverse Volatility,-0.007554722238211564
2019-09-17,7. Inverse Volatility,-0.004975604322216558
2019-09-18,7. Inverse Volatility,-0.0041831001865069006
2019-09-19,7. Inverse Volatility,-0.005910231990904172
2019-09-20,7. Inverse Volatility,-0.01409436414967275
2019-09-23,7. Inverse Volatility,-0.012880228020512021
2019-09-24,7. Inverse Volatility,-0.02200309287542594
2019-09-25,7. Inverse Volatility,-0.014618632729770096
2019-09-26,7. Inverse Volatility,-0.016470201243957473
2019-09-27,7. Inverse Volatility,-0.019840890601434204
2019-09-30,7. Inverse Volatility,-0.017794590079306737
2019-10-01,7. Inverse Volatility,-0.023409080706370412
2019-10-02,7. Inverse Volatility,-0.0399720139702676
2019-10-03,7. Inverse Volatility,-0.03328663685194157
2019-10-04,7. Inverse Volatility,-0.01861811626859587
2019-10-07,7. Inverse Volatility,-0.022506722135425553
2019-10-08,7. Inverse Volatility,-0.034773990184455233
2019-10-09,7. Inverse Volatility,-0.026254554641289066
2019-10-10,7. Inverse Volatility,-0.01978210839914159
2019-10-11,7. Inverse Volatility,-0.010490979137989785
2019-10-14,7. Inverse Volatility,-0.010296055856442497
2019-10-15,7. Inverse Volatility,-0.0011778175967545213
2019-10-16,7. Inverse Volatility,-0.0009518396943527724
2019-10-17,7. Inverse Volatility,0.0
2019-10-18,7. Inverse Volatility,-0.010043639260078646
2019-10-21,7. Inverse Volatility,-0.0019853031514343493
2019-10-22,7. Inverse Volatility,-0.006230574445001301
2019-10-23,7. Inverse Volatility,-0.002317716188080902
2019-10-24,7. Inverse Volatility,0.0
2019-10-25,7. Inverse Volatility,0.0
2019-10-28,7. Inverse Volatility,0.0
2019-10-29,7. Inverse Volatility,-0.00688113650273107
2019-10-30,7. Inverse Volatility,-0.001366858124237635
2019-10-31,7. Inverse Volatility,-0.003387541909419139
2019-11-01,7. Inverse Volatility,0.0
2019-11-04,7. Inverse Volatility,0.0
2019-11-05,7. Inverse Volatility,-0.0028362436920002124
2019-11-06,7. Inverse Volatility,-0.0017950504977905842
2019-11-07,7. Inverse Volatility,0.0
2019-11-08,7. Inverse Volatility,0.0
2019-11-11,7. Inverse Volatility,-0.0018519286583923936
2019-11-12,7. Inverse Volatility,-0.0006201026434171918
2019-11-13,7. Inverse Volatility,0.0
2019-11-14,7. Inverse Volatility,0.0
2019-11-15,7. Inverse Volatility,0.0
2019-11-18,7. Inverse Volatility,0.0
2019-11-19,7. Inverse Volatility,-0.0020122284848967113
2019-11-20,7. Inverse Volatility,-0.006761167661015197
2019-11-21,7. Inverse Volatility,-0.005924062954718639
2019-11-22,7. Inverse Volatility,-0.005686405263809433
2019-11-25,7. Inverse Volatility,0.0
2019-11-26,7. Inverse Volatility,0.0
2019-11-27,7. Inverse Volatility,0.0
2019-11-29,7. Inverse Volatility,-0.0032294073423571458
2019-12-02,7. Inverse Volatility,-0.009147347983516256
2019-12-03,7. Inverse Volatility,-0.015268681206181137
2019-12-04,7. Inverse Volatility,-0.010350006511963479
2019-12-05,7. Inverse Volatility,-0.009938025549971235
2019-12-06,7. Inverse Volatility,-0.001357695156736662
2019-12-09,7. Inverse Volatility,-0.0027713074864743224
2019-12-10,7. Inverse Volatility,-0.004385172744545249
2019-12-11,7. Inverse Volatility,-0.0020857504273741703
2019-12-12,7. Inverse Volatility,0.0
2019-12-13,7. Inverse Volatility,0.0
2019-12-16,7. Inverse Volatility,0.0
2019-12-17,7. Inverse Volatility,0.0
2019-12-18,7. Inverse Volatility,-0.0010423918055781748
2019-12-19,7. Inverse Volatility,0.0
2019-12-20,7. Inverse Volatility,0.0
2019-12-23,7. Inverse Volatility,-0.0007201059857947465
2019-12-24,7. Inverse Volatility,0.0
2019-12-26,7. Inverse Volatility,0.0
2019-12-27,7. Inverse Volatility,-0.00032867524740725116
2019-12-30,7. Inverse Volatility,-0.009209967611845189
2019-12-31,7. Inverse Volatility,-0.0059983778275839875
2020-01-02,7. Inverse Volatility,0.0
2020-01-03,7. Inverse Volatility,-0.008846761323242547
2020-01-06,7. Inverse Volatility,-0.004521567602518775
2020-01-07,7. Inverse Volatility,-0.0077555295871273135
2020-01-08,7. Inverse Volatility,-0.00022083380055797641
2020-01-09,7. Inverse Volatility,0.0
2020-01-10,7. Inverse Volatility,-0.0021148583854596727
2020-01-13,7. Inverse Volatility,0.0
2020-01-14,7. Inverse Volatility,-0.0004906543569708966
2020-01-15,7. Inverse Volatility,-0.0001085297192437396
2020-01-16,7. Inverse Volatility,0.0
2020-01-17,7. Inverse Volatility,0.0
2020-01-21,7. Inverse Volatility,0.0
2020-01-22,7. Inverse Volatility,0.0
2020-01-23,7. Inverse Volatility,0.0
2020-01-24,7. Inverse Volatility,-0.009214752587901326
2020-01-27,7. Inverse Volatility,-0.021596302519078153
2020-01-28,7. Inverse Volatility,-0.01304203819682737
2020-01-29,7. Inverse Volatility,-0.011886013720830809
2020-01-30,7. Inverse Volatility,-0.0019916948640486105
2020-01-31,7. Inverse Volatility,-0.017631232796769526
2020-02-03,7. Inverse Volatility,0.0
2020-02-04,7. Inverse Volatility,0.0
2020-02-05,7. Inverse Volatility,-0.003067673765696672
2020-02-06,7. Inverse Volatility,0.0
2020-02-07,7. Inverse Volatility,-0.0033936341563344952
2020-02-10,7. Inverse Volatility,0.0
2020-02-11,7. Inverse Volatility,-0.0017965260129892424
2020-02-12,7. Inverse Volatility,0.0
2020-02-13,7. Inverse Volatility,0.0
2020-02-14,7. Inverse Volatility,0.0
2020-02-18,7. Inverse Volatility,0.0
2020-02-19,7. Inverse Volatility,0.0
2020-02-20,7. Inverse Volatility,-0.004831777646829334
2020-02-21,7. Inverse Volatility,-0.015598054164538569
2020-02-24,7. Inverse Volatility,-0.054357499865645295
2020-02-25,7. Inverse Volatility,-0.0823507931609242
2020-02-26,7. Inverse Volatility,-0.08513173552259913
2020-02-27,7. Inverse Volatility,-0.13054462883553644
2020-02-28,7. Inverse Volatility,-0.135024885845437
2020-03-02,7. Inverse Volatility,-0.08945544811477399
2020-03-03,7. Inverse Volatility,-0.11581387174107613
2020-03-04,7. Inverse Volatility,-0.08075240600488316
2020-03-05,7. Inverse Volatility,-0.11009081556494689
2020-03-06,7. Inverse Volatility,-0.12545055883104594
2020-03-09,7. Inverse Volatility,-0.18927934872614008
2020-03-10,7. Inverse Volatility,-0.14576042228816427
2020-03-11,7. Inverse Volatility,-0.18613841244882015
2020-03-12,7. Inverse Volatility,-0.26202754960317864
2020-03-13,7. Inverse Volatility,-0.19286525986275566
2020-03-16,7. Inverse Volatility,-0.28463307768015794
2020-03-17,7. Inverse Volatility,-0.2433381072271399
2020-03-18,7. Inverse Volatility,-0.2733781229846174
2020-03-19,7. Inverse Volatility,-0.26908939738495524
2020-03-20,7. Inverse Volatility,-0.3038227945662497
2020-03-23,7. Inverse Volatility,-0.3141531009845381
2020-03-24,7. Inverse Volatility,-0.252715528478734
2020-03-25,7. Inverse Volatility,-0.24940404833673244
2020-03-26,7. Inverse Volatility,-0.21418608704879824
2020-03-27,7. Inverse Volatility,-0.2403060680748632
2020-03-30,7. Inverse Volatility,-0.2110215086990023
2020-03-31,7. Inverse Volatility,-0.22331413533746802
2020-04-01,7. Inverse Volatility,-0.2521806058969863
2020-04-02,7. Inverse Volatility,-0.23184305914551268
2020-04-03,7. Inverse Volatility,-0.23959458864438737
2020-04-06,7. Inverse Volatility,-0.1893785289754233
2020-04-07,7. Inverse Volatility,-0.19463476335554553
2020-04-08,7. Inverse Volatility,-0.1751918881042325
2020-04-09,7. Inverse Volatility,-0.16555027422036478
2020-04-13,7. Inverse Volatility,-0.1606156421706294
2020-04-14,7. Inverse Volatility,-0.13083312917674922
2020-04-15,7. Inverse Volatility,-0.14411959733593027
2020-04-16,7. Inverse Volatility,-0.1402051662431127
2020-04-17,7. Inverse Volatility,-0.1200085488039956
2020-04-20,7. Inverse Volatility,-0.1371045531305948
2020-04-21,7. Inverse Volatility,-0.16033912683477552
2020-04-22,7. Inverse Volatility,-0.14010971088625135
2020-04-23,7. Inverse Volatility,-0.14180341502971477
2020-04-24,7. Inverse Volatility,-0.13098130562654572
2020-04-27,7. Inverse Volatility,-0.11699276854251557
2020-04-28,7. Inverse Volatility,-0.12647385027805083
2020-04-29,7. Inverse Volatility,-0.10277672252382866
2020-04-30,7. Inverse Volatility,-0.1076536326265213
2020-05-01,7. Inverse Volatility,-0.13083074694142038
2020-05-04,7. Inverse Volatility,-0.12105780998479101
2020-05-05,7. Inverse Volatility,-0.1147540198112159
2020-05-06,7. Inverse Volatility,-0.11629110057796174
2020-05-07,7. Inverse Volatility,-0.1101274070277498
2020-05-08,7. Inverse Volatility,-0.09334804007321093
2020-05-11,7. Inverse Volatility,-0.09215877131821845
2020-05-12,7. Inverse Volatility,-0.1088099979388788
2020-05-13,7. Inverse Volatility,-0.12036031434213351
2020-05-14,7. Inverse Volatility,-0.10839356328957328
2020-05-15,7. Inverse Volatility,-0.0989168644210948
2020-05-18,7. Inverse Volatility,-0.07576076613056726
2020-05-19,7. Inverse Volatility,-0.08636826917406838
2020-05-20,7. Inverse Volatility,-0.07088305806474766
2020-05-21,7. Inverse Volatility,-0.07909389606368832
2020-05-22,7. Inverse Volatility,-0.07892056652305195
2020-05-26,7. Inverse Volatility,-0.07357417220082789
2020-05-27,7. Inverse Volatility,-0.06851783974750625
2020-05-28,7. Inverse Volatility,-0.0718888919686375
2020-05-29,7. Inverse Volatility,-0.06587569908375755
2020-06-01,7. Inverse Volatility,-0.06034424367985249
2020-06-02,7. Inverse Volatility,-0.055186764074133615
2020-06-03,7. Inverse Volatility,-0.04811266186308254
2020-06-04,7. Inverse Volatility,-0.055373689884525824
2020-06-05,7. Inverse Volatility,-0.03439912350718256
2020-06-08,7. Inverse Volatility,-0.023865992348104482
2020-06-09,7. Inverse Volatility,-0.022699756809373563
2020-06-10,7. Inverse Volatility,-0.017181323811721674
2020-06-11,7. Inverse Volatility,-0.06985742700432926
2020-06-12,7. Inverse Volatility,-0.0646802666584379
2020-06-15,7. Inverse Volatility,-0.055108423883662494
2020-06-16,7. Inverse Volatility,-0.04147583418528529
2020-06-17,7. Inverse Volatility,-0.042190948708030265
2020-06-18,7. Inverse Volatility,-0.04093930995640704
2020-06-19,7. Inverse Volatility,-0.04491934555968598
2020-06-22,7. Inverse Volatility,-0.036088610796001896
2020-06-23,7. Inverse Volatility,-0.031027637410586575
2020-06-24,7. Inverse Volatility,-0.05490157232708888
2020-06-25,7. Inverse Volatility,-0.044257961695277105
2020-06-26,7. Inverse Volatility,-0.07281589237169143
2020-06-29,7. Inverse Volatility,-0.05817971496968318
2020-06-30,7. Inverse Volatility,-0.040779540550038906
2020-07-01,7. Inverse Volatility,-0.030346052646597354
2020-07-02,7. Inverse Volatility,-0.0220586523610931
2020-07-06,7. Inverse Volatility,0.0
2020-07-07,7. Inverse Volatility,-0.0016908213786411659
2020-07-08,7. Inverse Volatility,0.0
2020-07-09,7. Inverse Volatility,0.0
2020-07-10,7. Inverse Volatility,0.0
2020-07-13,7. Inverse Volatility,-0.012860772729664481
2020-07-14,7. Inverse Volatility,0.0
2020-07-15,7. Inverse Volatility,0.0
2020-07-16,7. Inverse Volatility,-0.008099882183643551
2020-07-17,7. Inverse Volatility,-0.010537161698095349
2020-07-20,7. Inverse Volatility,0.0
2020-07-21,7. Inverse Volatility,-0.005427720778365188
2020-07-22,7. Inverse Volatility,0.0
2020-07-23,7. Inverse Volatility,-0.019175030931303464
2020-07-24,7. Inverse Volatility,-0.02832699241634148
2020-07-27,7. Inverse Volatility,-0.01432882638531155
2020-07-28,7. Inverse Volatility,-0.02225953864516433
2020-07-29,7. Inverse Volatility,-0.014070620472426174
2020-07-30,7. Inverse Volatility,-0.016342680918435985
2020-07-31,7. Inverse Volatility,-0.01662742793420896
2020-08-03,7. Inverse Volatility,-0.009995745270860166
2020-08-04,7. Inverse Volatility,-0.003727924802150187
2020-08-05,7. Inverse Volatility,0.0
2020-08-06,7. Inverse Volatility,0.0
2020-08-07,7. Inverse Volatility,-0.002492049429445223
2020-08-10,7. Inverse Volatility,-0.003406842366669003
2020-08-11,7. Inverse Volatility,-0.010887317436094382
2020-08-12,7. Inverse Volatility,0.0
2020-08-13,7. Inverse Volatility,-0.0005189298305651014
2020-08-14,7. Inverse Volatility,-0.0003468026676818293
2020-08-17,7. Inverse Volatility,0.0
2020-08-18,7. Inverse Volatility,0.0
2020-08-19,7. Inverse Volatility,-0.005816249678408261
2020-08-20,7. Inverse Volatility,0.0
2020-08-21,7. Inverse Volatility,0.0
2020-08-24,7. Inverse Volatility,0.0
2020-08-25,7. Inverse Volatility,0.0
2020-08-26,7. Inverse Volatility,0.0
2020-08-27,7. Inverse Volatility,0.0
2020-08-28,7. Inverse Volatility,0.0
2020-08-31,7. Inverse Volatility,-0.06756835274695752
2020-09-01,7. Inverse Volatility,-0.05905947943498436
2020-09-02,7. Inverse Volatility,-0.04533624476617878
2020-09-03,7. Inverse Volatility,-0.07939028983509905
2020-09-04,7. Inverse Volatility,-0.08934060210920756
2020-09-08,7. Inverse Volatility,-0.1132273309373615
2020-09-09,7. Inverse Volatility,-0.09696669953742751
2020-09-10,7. Inverse Volatility,-0.11311738603185871
2020-09-11,7. Inverse Volatility,-0.11217620673338313
2020-09-14,7. Inverse Volatility,-0.10401976692635555
2020-09-15,7. Inverse Volatility,-0.09819135700539677
2020-09-16,7. Inverse Volatility,-0.10587024873814191
2020-09-17,7. Inverse Volatility,-0.11376040605657772
2020-09-18,7. Inverse Volatility,-0.12127234477398388
2020-09-21,7. Inverse Volatility,-0.1293723595619811
2020-09-22,7. Inverse Volatility,-0.1204581705766836
2020-09-23,7. Inverse Volatility,-0.142331907252909
2020-09-24,7. Inverse Volatility,-0.13844644877448586
2020-09-25,7. Inverse Volatility,-0.12744012935308385
2020-09-28,7. Inverse Volatility,-0.11626006946243578
2020-09-29,7. Inverse Volatility,-0.11864093475643983
2020-09-30,7. Inverse Volatility,-0.10965860808071165
2020-10-01,7. Inverse Volatility,-0.10280540218056541
2020-10-02,7. Inverse Volatility,-0.11542924846282418
2020-10-05,7. Inverse Volatility,-0.10166683783284314
2020-10-06,7. Inverse Volatility,-0.11453524213241513
2020-10-07,7. Inverse Volatility,-0.10158626347080027
2020-10-08,7. Inverse Volatility,-0.0947309581624651
2020-10-09,7. Inverse Volatility,-0.0850861201057913
2020-10-12,7. Inverse Volatility,-0.07234219319987176
2020-10-13,7. Inverse Volatility,-0.07389521178366008
2020-10-14,7. Inverse Volatility,-0.08312737230948009
2020-10-15,7. Inverse Volatility,-0.08596104527452199
2020-10-16,7. Inverse Volatility,-0.08575195368220773
2020-10-19,7. Inverse Volatility,-0.10168288521575344
2020-10-20,7. Inverse Volatility,-0.09664120723371486
2020-10-21,7. Inverse Volatility,-0.09782407799281553
2020-10-22,7. Inverse Volatility,-0.0952564331522547
2020-10-23,7. Inverse Volatility,-0.0904250250514336
2020-10-26,7. Inverse Volatility,-0.10715404229929595
2020-10-27,7. Inverse Volatility,-0.10537151100697038
2020-10-28,7. Inverse Volatility,-0.14106112429924755
2020-10-29,7. Inverse Volatility,-0.13052759410704323
2020-10-30,7. Inverse Volatility,-0.14131286022648668
2020-11-02,7. Inverse Volatility,-0.13331971541597654
2020-11-03,7. Inverse Volatility,-0.11912461874122081
2020-11-04,7. Inverse Volatility,-0.10007252465863933
2020-11-05,7. Inverse Volatility,-0.08544094795693372
2020-11-06,7. Inverse Volatility,-0.08277491694425294
2020-11-09,7. Inverse Volatility,-0.06993801869893287
2020-11-10,7. Inverse Volatility,-0.07348944582076546
2020-11-11,7. Inverse Volatility,-0.06750912538132967
2020-11-12,7. Inverse Volatility,-0.07479532705977154
2020-11-13,7. Inverse Volatility,-0.06517043127356585
2020-11-16,7. Inverse Volatility,-0.058323344340532705
2020-11-17,7. Inverse Volatility,-0.0661453285527031
2020-11-18,7. Inverse Volatility,-0.07471783693681652
2020-11-19,7. Inverse Volatility,-0.0717791799909926
2020-11-20,7. Inverse Volatility,-0.08029885229197843
2020-11-23,7. Inverse Volatility,-0.07531423406600296
2020-11-24,7. Inverse Volatility,-0.06133056395786499
2020-11-25,7. Inverse Volatility,-0.060760733398778514
2020-11-27,7. Inverse Volatility,-0.059000512477679394
2020-11-30,7. Inverse Volatility,-0.06265656555694911
2020-12-01,7. Inverse Volatility,-0.051339909255006505
2020-12-02,7. Inverse Volatility,-0.047859056005842976
2020-12-03,7. Inverse Volatility,-0.05297477763991985
2020-12-04,7. Inverse Volatility,-0.04716869961115438
2020-12-07,7. Inverse Volatility,-0.04717852606043287
2020-12-08,7. Inverse Volatility,-0.043398519102320086
2020-12-09,7. Inverse Volatility,-0.05290004015775152
2020-12-10,7. Inverse Volatility,-0.05510107060394242
2020-12-11,7. Inverse Volatility,-0.04931125028698607
2020-12-14,7. Inverse Volatility,-0.054636830908817116
2020-12-15,7. Inverse Volatility,-0.04798345713899409
2020-12-16,7. Inverse Volatility,-0.0475444930442877
2020-12-17,7. Inverse Volatility,-0.041138343136568535
2020-12-18,7. Inverse Volatility,-0.04214797293174465
2020-12-21,7. Inverse Volatility,-0.04502103132672731
2020-12-22,7. Inverse Volatility,-0.05154588548725655
2020-12-23,7. Inverse Volatility,-0.051308431111611236
2020-12-24,7. Inverse Volatility,-0.047496681826272875
2020-12-28,7. Inverse Volatility,-0.03592290447617117
2020-12-29,7. Inverse Volatility,-0.03613225193885551
2020-12-30,7. Inverse Volatility,-0.03385991350685472
2020-12-31,7. Inverse Volatility,-0.029391064105093595
2021-01-04,7. Inverse Volatility,-0.03935262281762649
2021-01-05,7. Inverse Volatility,-0.03535409074627397
2021-01-06,7. Inverse Volatility,-0.03936475890700679
2021-01-07,7. Inverse Volatility,-0.02872991447032585
2021-01-08,7. Inverse Volatility,-0.023796181283168374
2021-01-11,7. Inverse Volatility,-0.02878389436805764
2021-01-12,7. Inverse Volatility,-0.031885970598313114
2021-01-13,7. Inverse Volatility,-0.029794549384951807
2021-01-14,7. Inverse Volatility,-0.040038509972212484
2021-01-15,7. Inverse Volatility,-0.047264422599837784
2021-01-19,7. Inverse Volatility,-0.04120151518443229
2021-01-20,7. Inverse Volatility,-0.022662634945494614
2021-01-21,7. Inverse Volatility,-0.022190505876764088
2021-01-22,7. Inverse Volatility,-0.023295769342767225
2021-01-25,7. Inverse Volatility,-0.01975302344029163
2021-01-26,7. Inverse Volatility,-0.015948342004551582
2021-01-27,7. Inverse Volatility,-0.044844781060531386
2021-01-28,7. Inverse Volatility,-0.03292951620235269
2021-01-29,7. Inverse Volatility,-0.05317525334132765
2021-02-01,7. Inverse Volatility,-0.04095451252188824
2021-02-02,7. Inverse Volatility,-0.02880950225101029
2021-02-03,7. Inverse Volatility,-0.023490481240860228
2021-02-04,7. Inverse Volatility,-0.012096547933961551
2021-02-05,7. Inverse Volatility,-0.006593596580857717
2021-02-08,7. Inverse Volatility,0.0
2021-02-09,7. Inverse Volatility,-0.002279675400551281
2021-02-10,7. Inverse Volatility,-0.0004908353023789354
2021-02-11,7. Inverse Volatility,0.0
2021-02-12,7. Inverse Volatility,0.0
2021-02-16,7. Inverse Volatility,0.0
2021-02-17,7. Inverse Volatility,0.0
2021-02-18,7. Inverse Volatility,-0.006181351297190437
2021-02-19,7. Inverse Volatility,-0.01444945724048124
2021-02-22,7. Inverse Volatility,-0.016905083464526238
2021-02-23,7. Inverse Volatility,-0.014488947965595965
2021-02-24,7. Inverse Volatility,-0.0057913121671181005
2021-02-25,7. Inverse Volatility,-0.027975097055120874
2021-02-26,7. Inverse Volatility,-0.03578053853002621
2021-03-01,7. Inverse Volatility,-0.017343076177366558
2021-03-02,7. Inverse Volatility,-0.024746738274320355
2021-03-03,7. Inverse Volatility,-0.036755260771359786
2021-03-04,7. Inverse Volatility,-0.04588802643947407
2021-03-05,7. Inverse Volatility,-0.029160788084477262
2021-03-08,7. Inverse Volatility,-0.030864722077758956
2021-03-09,7. Inverse Volatility,-0.02168244129004214
2021-03-10,7. Inverse Volatility,-0.013321846871728856
2021-03-11,7. Inverse Volatility,-0.003544107391785464
2021-03-12,7. Inverse Volatility,-0.00413241630212446
2021-03-15,7. Inverse Volatility,-0.0010816908817692708
2021-03-16,7. Inverse Volatility,0.0
2021-03-17,7. Inverse Volatility,0.0
2021-03-18,7. Inverse Volatility,-0.01492096089949211
2021-03-19,7. Inverse Volatility,-0.017091002328321638
2021-03-22,7. Inverse Volatility,-0.011154106284289308
2021-03-23,7. Inverse Volatility,-0.011602775166622642
2021-03-24,7. Inverse Volatility,-0.015655379009747138
2021-03-25,7. Inverse Volatility,-0.01466579428835756
2021-03-26,7. Inverse Volatility,-0.0005039562134415669
2021-03-29,7. Inverse Volatility,0.0
2021-03-30,7. Inverse Volatility,-0.004872608485041353
2021-03-31,7. Inverse Volatility,-0.0017962032296007598
2021-04-01,7. Inverse Volatility,0.0
2021-04-05,7. Inverse Volatility,0.0
2021-04-06,7. Inverse Volatility,-0.0010945904603707165
2021-04-07,7. Inverse Volatility,0.0
2021-04-08,7. Inverse Volatility,0.0
2021-04-09,7. Inverse Volatility,0.0
2021-04-12,7. Inverse Volatility,0.0
2021-04-13,7. Inverse Volatility,-0.0005282025503187989
2021-04-14,7. Inverse Volatility,-0.004388409126985016
2021-04-15,7. Inverse Volatility,0.0
2021-04-16,7. Inverse Volatility,0.0
2021-04-19,7. Inverse Volatility,-0.003658402131332203
2021-04-20,7. Inverse Volatility,-0.008411716310267981
2021-04-21,7. Inverse Volatility,-0.004870687003650714
2021-04-22,7. Inverse Volatility,-0.016399547923581597
2021-04-23,7. Inverse Volatility,-0.007862365441451129
2021-04-26,7. Inverse Volatility,-0.00885822414051726
2021-04-27,7. Inverse Volatility,-0.00949743888853187
2021-04-28,7. Inverse Volatility,-0.006029320803101423
2021-04-29,7. Inverse Volatility,0.0
2021-04-30,7. Inverse Volatility,-0.00684365381221552
2021-05-03,7. Inverse Volatility,-0.0033906177374929095
2021-05-04,7. Inverse Volatility,-0.008622991547846352
2021-05-05,7. Inverse Volatility,-0.011342628142084192
2021-05-06,7. Inverse Volatility,-0.0025713231465626894
2021-05-07,7. Inverse Volatility,0.0
2021-05-10,7. Inverse Volatility,-0.009529462689901635
2021-05-11,7. Inverse Volatility,-0.01761024345935974
2021-05-12,7. Inverse Volatility,-0.03651376015019099
2021-05-13,7. Inverse Volatility,-0.025917390468193347
2021-05-14,7. Inverse Volatility,-0.0152488667332091
2021-05-17,7. Inverse Volatility,-0.016775636003312416
2021-05-18,7. Inverse Volatility,-0.02310776874445214
2021-05-19,7. Inverse Volatility,-0.025262574097533203
2021-05-20,7. Inverse Volatility,-0.014918083842310467
2021-05-21,7. Inverse Volatility,-0.014942065887642625
2021-05-24,7. Inverse Volatility,-0.004520429969819597
2021-05-25,7. Inverse Volatility,-0.005679924637296304
2021-05-26,7. Inverse Volatility,-0.006059486643240806
2021-05-27,7. Inverse Volatility,-0.007361784568176198
2021-05-28,7. Inverse Volatility,-0.006119600529527287
2021-06-01,7. Inverse Volatility,-0.007793137391742692
2021-06-02,7. Inverse Volatility,-0.0045835808445238236
2021-06-03,7. Inverse Volatility,-0.006937391466751649
2021-06-04,7. Inverse Volatility,0.0
2021-06-07,7. Inverse Volatility,-7.058460383930306e-05
2021-06-08,7. Inverse Volatility,-0.0026688761275476536
2021-06-09,7. Inverse Volatility,-0.0034095189931810325
2021-06-10,7. Inverse Volatility,0.0
2021-06-11,7. Inverse Volatility,0.0
2021-06-14,7. Inverse Volatility,0.0
2021-06-15,7. Inverse Volatility,-0.004241215334542824
2021-06-16,7. Inverse Volatility,-0.010499623573224558
2021-06-17,7. Inverse Volatility,-0.005432540541738059
2021-06-18,7. Inverse Volatility,-0.01770066596985034
2021-06-21,7. Inverse Volatility,-0.007213366524322746
2021-06-22,7. Inverse Volatility,0.0
2021-06-23,7. Inverse Volatility,-0.0004935453121802429
2021-06-24,7. Inverse Volatility,0.0
2021-06-25,7. Inverse Volatility,0.0
2021-06-28,7. Inverse Volatility,0.0
2021-06-29,7. Inverse Volatility,-0.0014471855412539981
2021-06-30,7. Inverse Volatility,0.0
2021-07-01,7. Inverse Volatility,0.0
2021-07-02,7. Inverse Volatility,0.0
2021-07-06,7. Inverse Volatility,-0.0019060182307951783
2021-07-07,7. Inverse Volatility,-0.0014753312851695005
2021-07-08,7. Inverse Volatility,-0.009615201178374274
2021-07-09,7. Inverse Volatility,-0.00042298803391714634
2021-07-12,7. Inverse Volatility,0.0
2021-07-13,7. Inverse Volatility,-0.0003441875888319218
2021-07-14,7. Inverse Volatility,0.0
2021-07-15,7. Inverse Volatility,-0.004203913451800932
2021-07-16,7. Inverse Volatility,-0.013207946975316773
2021-07-19,7. Inverse Volatility,-0.026740201463069255
2021-07-20,7. Inverse Volatility,-0.06020338776109214
2021-07-21,7. Inverse Volatility,-0.05431392068397842
2021-07-22,7. Inverse Volatility,-0.0528333830619096
2021-07-23,7. Inverse Volatility,-0.039356265249641545
2021-07-26,7. Inverse Volatility,-0.03514609894991545
2021-07-27,7. Inverse Volatility,-0.03895674862772279
2021-07-28,7. Inverse Volatility,-0.03800964776300644
2021-07-29,7. Inverse Volatility,-0.03774219174722402
2021-07-30,7. Inverse Volatility,-0.043280407559354576
2021-08-02,7. Inverse Volatility,-0.046592949637662945
2021-08-03,7. Inverse Volatility,-0.040864743986845684
2021-08-04,7. Inverse Volatility,-0.04468555764413938
2021-08-05,7. Inverse Volatility,-0.03549925874950306
2021-08-06,7. Inverse Volatility,-0.034923155358837804
2021-08-09,7. Inverse Volatility,-0.034001257943057465
2021-08-10,7. Inverse Volatility,-0.030019290649422114
2021-08-11,7. Inverse Volatility,-0.03099654150543082
2021-08-12,7. Inverse Volatility,-0.02892953946559697
2021-08-13,7. Inverse Volatility,-0.025840536622444614
2021-08-16,7. Inverse Volatility,-0.022540235370985692
2021-08-17,7. Inverse Volatility,-0.028991691375091187
2021-08-18,7. Inverse Volatility,-0.03834043778621409
2021-08-19,7. Inverse Volatility,-0.035953165431493884
2021-08-20,7. Inverse Volatility,-0.02874194831247042
2021-08-23,7. Inverse Volatility,-0.020418891699499637
2021-08-24,7. Inverse Volatility,-0.022856231077822278
2021-08-25,7. Inverse Volatility,-0.023282570132207598
2021-08-26,7. Inverse Volatility,-0.02933106505537623
2021-08-27,7. Inverse Volatility,-0.022422862904895
2021-08-30,7. Inverse Volatility,-0.01817079205609531
2021-08-31,7. Inverse Volatility,-0.020677778994533515
2021-09-01,7. Inverse Volatility,-0.018036733494575807
2021-09-02,7. Inverse Volatility,-0.01951359499385265
2021-09-03,7. Inverse Volatility,-0.01800562900485931
2021-09-07,7. Inverse Volatility,-0.01747093204907198
2021-09-08,7. Inverse Volatility,-0.016547525202166822
2021-09-09,7. Inverse Volatility,-0.021912241128902155
2021-09-10,7. Inverse Volatility,-0.028625557483662054
2021-09-13,7. Inverse Volatility,-0.026264098365357837
2021-09-14,7. Inverse Volatility,-0.03168268944287237
2021-09-15,7. Inverse Volatility,-0.02588100250843245
2021-09-16,7. Inverse Volatility,-0.02677659336401162
2021-09-17,7. Inverse Volatility,-0.034753579737261835
2021-09-20,7. Inverse Volatility,-0.05064460021469592
2021-09-21,7. Inverse Volatility,-0.051596228573507125
2021-09-22,7. Inverse Volatility,-0.044279486305563824
2021-09-23,7. Inverse Volatility,-0.03354917251073166
2021-09-24,7. Inverse Volatility,-0.029983193940200565
2021-09-27,7. Inverse Volatility,-0.0309200564492924
2021-09-28,7. Inverse Volatility,-0.04832430307391383
2021-09-29,7. Inverse Volatility,-0.04597433729972766
2021-09-30,7. Inverse Volatility,-0.056336820301527486
2021-10-01,7. Inverse Volatility,-0.044870489528087094
2021-10-04,7. Inverse Volatility,-0.0592722005934238
2021-10-05,7. Inverse Volatility,-0.04974354896977589
2021-10-06,7. Inverse Volatility,-0.043696019696080654
2021-10-07,7. Inverse Volatility,-0.03545847326901291
2021-10-08,7. Inverse Volatility,-0.03543345289992456
2021-10-11,7. Inverse Volatility,-0.04257788585238082
2021-10-12,7. Inverse Volatility,-0.0476155989020956
2021-10-13,7. Inverse Volatility,-0.04744560710058872
2021-10-14,7. Inverse Volatility,-0.03375666475032669
2021-10-15,7. Inverse Volatility,-0.024426772483949373
2021-10-18,7. Inverse Volatility,-0.02185948265996078
2021-10-19,7. Inverse Volatility,-0.014095522652776209
2021-10-20,7. Inverse Volatility,-0.014384812124525782
2021-10-21,7. Inverse Volatility,-0.011688094057867086
2021-10-22,7. Inverse Volatility,-0.013471461386764812
2021-10-25,7. Inverse Volatility,-0.007310720866596529
2021-10-26,7. Inverse Volatility,-0.0037767456074577093
2021-10-27,7. Inverse Volatility,-0.008397186474562675
2021-10-28,7. Inverse Volatility,-0.004488242811322552
2021-10-29,7. Inverse Volatility,0.0
2021-11-01,7. Inverse Volatility,-0.002695187699741452
2021-11-02,7. Inverse Volatility,0.0
2021-11-03,7. Inverse Volatility,0.0
2021-11-04,7. Inverse Volatility,0.0
2021-11-05,7. Inverse Volatility,0.0
2021-11-08,7. Inverse Volatility,0.0
2021-11-09,7. Inverse Volatility,-0.004603151823094974
2021-11-10,7. Inverse Volatility,-0.007505134498341343
2021-11-11,7. Inverse Volatility,-0.010563834632844497
2021-11-12,7. Inverse Volatility,-0.0031916832899573917
2021-11-15,7. Inverse Volatility,-0.004363023937138877
2021-11-16,7. Inverse Volatility,-9.220701855778636e-05
2021-11-17,7. Inverse Volatility,-0.004286843471513048
2021-11-18,7. Inverse Volatility,-0.0005305113318059154
2021-11-19,7. Inverse Volatility,-0.00437952573394631
2021-11-22,7. Inverse Volatility,-0.01082322411479049
2021-11-23,7. Inverse Volatility,-0.007185704807487841
2021-11-24,7. Inverse Volatility,-0.0029182306332666327
2021-11-26,7. Inverse Volatility,-0.021166771842533957
2021-11-29,7. Inverse Volatility,-0.014659320750745173
2021-11-30,7. Inverse Volatility,-0.03388545115218061
2021-12-01,7. Inverse Volatility,-0.04268332030776843
2021-12-02,7. Inverse Volatility,-0.033950791214547714
2021-12-03,7. Inverse Volatility,-0.03758546918318019
2021-12-06,7. Inverse Volatility,-0.02511719417142571
2021-12-07,7. Inverse Volatility,-0.011184398061934796
2021-12-08,7. Inverse Volatility,-0.010096987115397839
2021-12-09,7. Inverse Volatility,-0.010980317887543323
2021-12-10,7. Inverse Volatility,-0.0028569592499273037
2021-12-13,7. Inverse Volatility,-0.006426410330913574
2021-12-14,7. Inverse Volatility,-0.009601362078037723
2021-12-15,7. Inverse Volatility,0.0
2021-12-16,7. Inverse Volatility,-0.004154940498609786
2021-12-17,7. Inverse Volatility,-0.021350963161215115
2021-12-20,7. Inverse Volatility,-0.027269875857818038
2021-12-21,7. Inverse Volatility,-0.014945329614037672
2021-12-22,7. Inverse Volatility,-0.004910206161547122
2021-12-23,7. Inverse Volatility,-0.001990753276692691
2021-12-27,7. Inverse Volatility,0.0
2021-12-28,7. Inverse Volatility,0.0
2021-12-29,7. Inverse Volatility,0.0
2021-12-30,7. Inverse Volatility,-0.0010972315767672747
2021-12-31,7. Inverse Volatility,-0.003172206441245472
2022-01-03,7. Inverse Volatility,0.0
2022-01-04,7. Inverse Volatility,-0.0005948216935288353
2022-01-05,7. Inverse Volatility,-0.013620834317330965
2022-01-06,7. Inverse Volatility,-0.01465629758542407
2022-01-07,7. Inverse Volatility,-0.01584807375438972
2022-01-10,7. Inverse Volatility,-0.01982955168915577
2022-01-11,7. Inverse Volatility,-0.015096237205712657
2022-01-12,7. Inverse Volatility,-0.01314401027033638
2022-01-13,7. Inverse Volatility,-0.025002488256165734
2022-01-14,7. Inverse Volatility,-0.027746253459998437
2022-01-18,7. Inverse Volatility,-0.04428004106039529
2022-01-19,7. Inverse Volatility,-0.04699882660050109
2022-01-20,7. Inverse Volatility,-0.055908244685287205
2022-01-21,7. Inverse Volatility,-0.08087059841235744
2022-01-24,7. Inverse Volatility,-0.0823586164280844
2022-01-25,7. Inverse Volatility,-0.0900505247108984
2022-01-26,7. Inverse Volatility,-0.0874517284768226
2022-01-27,7. Inverse Volatility,-0.08451867943157261
2022-01-28,7. Inverse Volatility,-0.05987611104843021
2022-01-31,7. Inverse Volatility,-0.047644075398395526
2022-02-01,7. Inverse Volatility,-0.037114524074641414
2022-02-02,7. Inverse Volatility,-0.026092169269807734
2022-02-03,7. Inverse Volatility,-0.05262007658353435
2022-02-04,7. Inverse Volatility,-0.04818545803353937
2022-02-07,7. Inverse Volatility,-0.05476772565253962
2022-02-08,7. Inverse Volatility,-0.05278794478139139
2022-02-09,7. Inverse Volatility,-0.04524366958663886
2022-02-10,7. Inverse Volatility,-0.05838740432379247
2022-02-11,7. Inverse Volatility,-0.07340133851710753
2022-02-14,7. Inverse Volatility,-0.07387671866102798
2022-02-15,7. Inverse Volatility,-0.0636132503129258
2022-02-16,7. Inverse Volatility,-0.06342798390312804
2022-02-17,7. Inverse Volatility,-0.07631401852306283
2022-02-18,7. Inverse Volatility,-0.08324301955300299
2022-02-22,7. Inverse Volatility,-0.09833037350124114
2022-02-23,7. Inverse Volatility,-0.11373215491695515
2022-02-24,7. Inverse Volatility,-0.10685043003277374
2022-02-25,7. Inverse Volatility,-0.08774126879401464
2022-02-28,7. Inverse Volatility,-0.0937568331881831
2022-03-01,7. Inverse Volatility,-0.10680007130253234
2022-03-02,7. Inverse Volatility,-0.09664841847754875
2022-03-03,7. Inverse Volatility,-0.10053857926227286
2022-03-04,7. Inverse Volatility,-0.10682491171518599
2022-03-07,7. Inverse Volatility,-0.12964860256684582
2022-03-08,7. Inverse Volatility,-0.13949465286513213
2022-03-09,7. Inverse Volatility,-0.12006918788818313
2022-03-10,7. Inverse Volatility,-0.12179922326486718
2022-03-11,7. Inverse Volatility,-0.13061961956124188
2022-03-14,7. Inverse Volatility,-0.13112172135294856
2022-03-15,7. Inverse Volatility,-0.11212689414720191
2022-03-16,7. Inverse Volatility,-0.09646264830250995
2022-03-17,7. Inverse Volatility,-0.08612012546844361
2022-03-18,7. Inverse Volatility,-0.07705229297837668
2022-03-21,7. Inverse Volatility,-0.07914733084417552
2022-03-22,7. Inverse Volatility,-0.070630406488561
2022-03-23,7. Inverse Volatility,-0.08294740076714037
2022-03-24,7. Inverse Volatility,-0.07279440266260408
2022-03-25,7. Inverse Volatility,-0.06883817752448937
2022-03-28,7. Inverse Volatility,-0.062179061401171506
2022-03-29,7. Inverse Volatility,-0.0519837813869905
2022-03-30,7. Inverse Volatility,-0.05732145128610962
2022-03-31,7. Inverse Volatility,-0.07329088116568036
2022-04-01,7. Inverse Volatility,-0.06724513416399294
2022-04-04,7. Inverse Volatility,-0.05962562597878783
2022-04-05,7. Inverse Volatility,-0.0680714619514711
2022-04-06,7. Inverse Volatility,-0.07632536040332343
2022-04-07,7. Inverse Volatility,-0.07324832129690458
2022-04-08,7. Inverse Volatility,-0.07289862031209689
2022-04-11,7. Inverse Volatility,-0.09017582005909143
2022-04-12,7. Inverse Volatility,-0.09369243125443093
2022-04-13,7. Inverse Volatility,-0.08387844735106557
2022-04-14,7. Inverse Volatility,-0.09395106513023252
2022-04-18,7. Inverse Volatility,-0.09589057089157571
2022-04-19,7. Inverse Volatility,-0.08154091097921708
2022-04-20,7. Inverse Volatility,-0.09042791539576592
2022-04-21,7. Inverse Volatility,-0.1021962467525385
2022-04-22,7. Inverse Volatility,-0.12372066667745392
2022-04-25,7. Inverse Volatility,-0.11502297245574862
2022-04-26,7. Inverse Volatility,-0.1364325771182431
2022-04-27,7. Inverse Volatility,-0.13286058530056757
2022-04-28,7. Inverse Volatility,-0.10850359186652192
2022-04-29,7. Inverse Volatility,-0.13824329255527248
2022-05-02,7. Inverse Volatility,-0.13403067916017603
2022-05-03,7. Inverse Volatility,-0.13278343847685037
2022-05-04,7. Inverse Volatility,-0.109946519956457
2022-05-05,7. Inverse Volatility,-0.14023442318407173
2022-05-06,7. Inverse Volatility,-0.1451384783701617
2022-05-09,7. Inverse Volatility,-0.16499050228838102
2022-05-10,7. Inverse Volatility,-0.16474757274323618
2022-05-11,7. Inverse Volatility,-0.1746319906922551
2022-05-12,7. Inverse Volatility,-0.17522774710796687
2022-05-13,7. Inverse Volatility,-0.1590964610595541
2022-05-16,7. Inverse Volatility,-0.1597902241754849
2022-05-17,7. Inverse Volatility,-0.15396724700674616
2022-05-18,7. Inverse Volatility,-0.18876875192412176
2022-05-19,7. Inverse Volatility,-0.19589659866728373
2022-05-20,7. Inverse Volatility,-0.19290189833818294
2022-05-23,7. Inverse Volatility,-0.17293644586173207
2022-05-24,7. Inverse Volatility,-0.17898915723673758
2022-05-25,7. Inverse Volatility,-0.1742623688572819
2022-05-26,7. Inverse Volatility,-0.16081028469716818
2022-05-27,7. Inverse Volatility,-0.14438906616134403
2022-05-31,7. Inverse Volatility,-0.14734094825328356
2022-06-01,7. Inverse Volatility,-0.15447338753850626
2022-06-02,7. Inverse Volatility,-0.1404159171372085
2022-06-03,7. Inverse Volatility,-0.1516679689954575
2022-06-06,7. Inverse Volatility,-0.17770377338133986
2022-06-07,7. Inverse Volatility,-0.17074659380424495
2022-06-08,7. Inverse Volatility,-0.17520130925457503
2022-06-09,7. Inverse Volatility,-0.19450838631227327
2022-06-10,7. Inverse Volatility,-0.21531983919825165
2022-06-13,7. Inverse Volatility,-0.24087903860344023
2022-06-14,7. Inverse Volatility,-0.24669594022405322
2022-06-15,7. Inverse Volatility,-0.23749854583491486
2022-06-16,7. Inverse Volatility,-0.2532637666716004
2022-06-17,7. Inverse Volatility,-0.25647535050914816
2022-06-21,7. Inverse Volatility,-0.23799315665185872
2022-06-22,7. Inverse Volatility,-0.23785116158275083
2022-06-23,7. Inverse Volatility,-0.2290936103545371
2022-06-24,7. Inverse Volatility,-0.2073085430450673
2022-06-27,7. Inverse Volatility,-0.2099699339518924
2022-06-28,7. Inverse Volatility,-0.22730867106693972
2022-06-29,7. Inverse Volatility,-0.2265622205309806
2022-06-30,7. Inverse Volatility,-0.23238548543020607
2022-07-01,7. Inverse Volatility,-0.2240535468062973
2022-07-05,7. Inverse Volatility,-0.2212701939815931
2022-07-06,7. Inverse Volatility,-0.2185889632398712
2022-07-07,7. Inverse Volatility,-0.2083247257256318
2022-07-08,7. Inverse Volatility,-0.2092096154379315
2022-07-11,7. Inverse Volatility,-0.21609075448614076
2022-07-12,7. Inverse Volatility,-0.22380194397985997
2022-07-13,7. Inverse Volatility,-0.2258724579235847
2022-07-14,7. Inverse Volatility,-0.2280094167469716
2022-07-15,7. Inverse Volatility,-0.21460214985270518
2022-07-18,7. Inverse Volatility,-0.28494339627746124
2022-07-19,7. Inverse Volatility,-0.2718504948433659
2022-07-20,7. Inverse Volatility,-0.2690590700841074
2022-07-21,7. Inverse Volatility,-0.26411513158213673
2022-07-22,7. Inverse Volatility,-0.26807802585009327
2022-07-25,7. Inverse Volatility,-0.26558785535070123
2022-07-26,7. Inverse Volatility,-0.2759222957017284
2022-07-27,7. Inverse Volatility,-0.2629821795540684
2022-07-28,7. Inverse Volatility,-0.2571029478638799
2022-07-29,7. Inverse Volatility,-0.2542885572902919
2022-08-01,7. Inverse Volatility,-0.25385433187072154
2022-08-02,7. Inverse Volatility,-0.26134769547972136
2022-08-03,7. Inverse Volatility,-0.25304478627432947
2022-08-04,7. Inverse Volatility,-0.2573746220660719
2022-08-05,7. Inverse Volatility,-0.2568632917293346
2022-08-08,7. Inverse Volatility,-0.2579782556606791
2022-08-09,7. Inverse Volatility,-0.2594658223224567
2022-08-10,7. Inverse Volatility,-0.24655118299176154
2022-08-11,7. Inverse Volatility,-0.24863795867084762
2022-08-12,7. Inverse Volatility,-0.23861709458342403
2022-08-15,7. Inverse Volatility,-0.23409170459096845
2022-08-16,7. Inverse Volatility,-0.22713090405386044
2022-08-17,7. Inverse Volatility,-0.23174111685800977
2022-08-18,7. Inverse Volatility,-0.2309867600324578
2022-08-19,7. Inverse Volatility,-0.23750303256055294
2022-08-22,7. Inverse Volatility,-0.2515297474939498
2022-08-23,7. Inverse Volatility,-0.2554756318020494
2022-08-24,7. Inverse Volatility,-0.25456607510945134
2022-08-25,7. Inverse Volatility,-0.2540152733303937
2022-08-26,7. Inverse Volatility,-0.27633218201782844
2022-08-29,7. Inverse Volatility,-0.27883773143518664
2022-08-30,7. Inverse Volatility,-0.2857702040546639
2022-08-31,7. Inverse Volatility,-0.29125030175014244
2022-09-01,7. Inverse Volatility,-0.2857867180352694
2022-09-02,7. Inverse Volatility,-0.2936229763516428
2022-09-06,7. Inverse Volatility,-0.296921198342668
2022-09-07,7. Inverse Volatility,-0.28645735231460207
2022-09-08,7. Inverse Volatility,-0.28165416823949335
2022-09-09,7. Inverse Volatility,-0.27226635732317117
2022-09-12,7. Inverse Volatility,-0.26790482264674736
2022-09-13,7. Inverse Volatility,-0.2961972665517228
2022-09-14,7. Inverse Volatility,-0.29276610609563203
2022-09-15,7. Inverse Volatility,-0.30053073196877356
2022-09-16,7. Inverse Volatility,-0.3012732152756583
2022-09-19,7. Inverse Volatility,-0.2990419896993257
2022-09-20,7. Inverse Volatility,-0.30519035064121414
2022-09-21,7. Inverse Volatility,-0.31582564700777715
2022-09-22,7. Inverse Volatility,-0.31783295732357203
2022-09-23,7. Inverse Volatility,-0.32796282255858084
2022-09-26,7. Inverse Volatility,-0.334357534551618
2022-09-27,7. Inverse Volatility,-0.3388774806421874
2022-09-28,7. Inverse Volatility,-0.32586582873651876
2022-09-29,7. Inverse Volatility,-0.3348219458027037
2022-09-30,7. Inverse Volatility,-0.34422234490324694
2022-10-03,7. Inverse Volatility,-0.33006559123663437
2022-10-04,7. Inverse Volatility,-0.31491890126086536
2022-10-05,7. Inverse Volatility,-0.31549833421345264
2022-10-06,7. Inverse Volatility,-0.3219296557636416
2022-10-07,7. Inverse Volatility,-0.3369379397611817
2022-10-10,7. Inverse Volatility,-0.34167384487641295
2022-10-11,7. Inverse Volatility,-0.34538934012953887
2022-10-12,7. Inverse Volatility,-0.34512306872977394
2022-10-13,7. Inverse Volatility,-0.32797642678294187
2022-10-14,7. Inverse Volatility,-0.3376809445207301
2022-10-17,7. Inverse Volatility,-0.3219431977669838
2022-10-18,7. Inverse Volatility,-0.3152182369811975
2022-10-19,7. Inverse Volatility,-0.31706198317779805
2022-10-20,7. Inverse Volatility,-0.32099065261676507
2022-10-21,7. Inverse Volatility,-0.3040338433119485
2022-10-24,7. Inverse Volatility,-0.29609165125117404
2022-10-25,7. Inverse Volatility,-0.2871888027208887
2022-10-26,7. Inverse Volatility,-0.2856310058408329
2022-10-27,7. Inverse Volatility,-0.2904043098132932
2022-10-28,7. Inverse Volatility,-0.27383440733765885
2022-10-31,7. Inverse Volatility,-0.2796892527783278
2022-11-01,7. Inverse Volatility,-0.2786124017373964
2022-11-02,7. Inverse Volatility,-0.2943444596641169
2022-11-03,7. Inverse Volatility,-0.3014134721718695
2022-11-04,7. Inverse Volatility,-0.2923304773764463
2022-11-07,7. Inverse Volatility,-0.28373757034331054
2022-11-08,7. Inverse Volatility,-0.2811756330537247
2022-11-09,7. Inverse Volatility,-0.29834964167228634
2022-11-10,7. Inverse Volatility,-0.2670111180218159
2022-11-11,7. Inverse Volatility,-0.2617991364804967
2022-11-14,7. Inverse Volatility,-0.2646268352947084
2022-11-15,7. Inverse Volatility,-0.2570087938906029
2022-11-16,7. Inverse Volatility,-0.2584900469825439
2022-11-17,7. Inverse Volatility,-0.2605541772688373
2022-11-18,7. Inverse Volatility,-0.2580704248452629
2022-11-21,7. Inverse Volatility,-0.2572253128846146
2022-11-22,7. Inverse Volatility,-0.24770796414646956
2022-11-23,7. Inverse Volatility,-0.24421763435569266
2022-11-25,7. Inverse Volatility,-0.24264979861953073
2022-11-28,7. Inverse Volatility,-0.25166871971677396
2022-11-29,7. Inverse Volatility,-0.2543734414281357
2022-11-30,7. Inverse Volatility,-0.2351065064596969
2022-12-01,7. Inverse Volatility,-0.23284981820857573
2022-12-02,7. Inverse Volatility,-0.2322558075927295
2022-12-05,7. Inverse Volatility,-0.24490458342563906
2022-12-06,7. Inverse Volatility,-0.2579312916352598
2022-12-07,7. Inverse Volatility,-0.2571785102780347
2022-12-08,7. Inverse Volatility,-0.2511131893951818
2022-12-09,7. Inverse Volatility,-0.25566897152615436
2022-12-12,7. Inverse Volatility,-0.24339374497170788
2022-12-13,7. Inverse Volatility,-0.23869270411548732
2022-12-14,7. Inverse Volatility,-0.23866885486334505
2022-12-15,7. Inverse Volatility,-0.2548596446923374
2022-12-16,7. Inverse Volatility,-0.26257390304382155
2022-12-19,7. Inverse Volatility,-0.2673183077624922
2022-12-20,7. Inverse Volatility,-0.265003868988513
2022-12-21,7. Inverse Volatility,-0.25641437356772784
2022-12-22,7. Inverse Volatility,-0.26433522081517447
2022-12-23,7. Inverse Volatility,-0.2600727120326054
2022-12-27,7. Inverse Volatility,-0.2609950703097122
2022-12-28,7. Inverse Volatility,-0.2686186727672584
2022-12-29,7. Inverse Volatility,-0.2586839208016562
2022-12-30,7. Inverse Volatility,-0.26031244564209927
2023-01-03,7. Inverse Volatility,-0.26083086807026173
2023-01-04,7. Inverse Volatility,-0.2562983683742976
2023-01-05,7. Inverse Volatility,-0.26175072321807236
2023-01-06,7. Inverse Volatility,-0.2470757364982324
2023-01-09,7. Inverse Volatility,-0.2539071565270412
2023-01-10,7. Inverse Volatility,-0.2507007122010727
2023-01-11,7. Inverse Volatility,-0.24506824196961324
2023-01-12,7. Inverse Volatility,-0.24253926957325742
2023-01-13,7. Inverse Volatility,-0.23988020105249536
2023-01-17,7. Inverse Volatility,-0.24401899115126213
2023-01-18,7. Inverse Volatility,-0.2587976652620687
2023-01-19,7. Inverse Volatility,-0.2660901774607027
2023-01-20,7. Inverse Volatility,-0.25411406848070905
2023-01-23,7. Inverse Volatility,-0.24926107959151944
2023-01-24,7. Inverse Volatility,-0.2465725506674197
2023-01-25,7. Inverse Volatility,-0.2448612424611477
2023-01-26,7. Inverse Volatility,-0.24102920972921155
2023-01-27,7. Inverse Volatility,-0.23999375307710452
2023-01-30,7. Inverse Volatility,-0.2504918392439534
2023-01-31,7. Inverse Volatility,-0.24120174640320446
2023-02-01,7. Inverse Volatility,-0.23540353022400054
2023-02-02,7. Inverse Volatility,-0.22704949944775943
2023-02-03,7. Inverse Volatility,-0.23170600900608032
2023-02-06,7. Inverse Volatility,-0.23508150448576856
2023-02-07,7. Inverse Volatility,-0.22840553856773263
2023-02-08,7. Inverse Volatility,-0.23337271108853339
2023-02-09,7. Inverse Volatility,-0.239540042814216
2023-02-10,7. Inverse Volatility,-0.23815776981578798
2023-02-13,7. Inverse Volatility,-0.2295459965917237
2023-02-14,7. Inverse Volatility,-0.23191534351343213
2023-02-15,7. Inverse Volatility,-0.23326661666414064
2023-02-16,7. Inverse Volatility,-0.24288367940313607
2023-02-17,7. Inverse Volatility,-0.24450314574636772
2023-02-21,7. Inverse Volatility,-0.2569419199478811
2023-02-22,7. Inverse Volatility,-0.26020428797563183
2023-02-23,7. Inverse Volatility,-0.25729420103181
2023-02-24,7. Inverse Volatility,-0.2627784801800648
2023-02-27,7. Inverse Volatility,-0.26288175855008666
2023-02-28,7. Inverse Volatility,-0.26495088571899283
2023-03-01,7. Inverse Volatility,-0.2708347154614762
2023-03-02,7. Inverse Volatility,-0.2667369303952197
2023-03-03,7. Inverse Volatility,-0.2561639271131644
2023-03-06,7. Inverse Volatility,-0.2533579171924965
2023-03-07,7. Inverse Volatility,-0.26529900836678283
2023-03-08,7. Inverse Volatility,-0.2673190794546265
2023-03-09,7. Inverse Volatility,-0.27959912818312127
2023-03-10,7. Inverse Volatility,-0.2844450070518069
2023-03-13,7. Inverse Volatility,-0.2844245122746508
2023-03-14,7. Inverse Volatility,-0.27484867944780367
2023-03-15,7. Inverse Volatility,-0.2758848859865846
2023-03-16,7. Inverse Volatility,-0.2700454334231154
2023-03-17,7. Inverse Volatility,-0.27451856870715025
2023-03-20,7. Inverse Volatility,-0.26933990834525945
2023-03-21,7. Inverse Volatility,-0.2622861231662903
2023-03-22,7. Inverse Volatility,-0.27213723019518293
2023-03-23,7. Inverse Volatility,-0.2674349488924264
2023-03-24,7. Inverse Volatility,-0.26426000280216716
2023-03-27,7. Inverse Volatility,-0.26063603145265973
2023-03-28,7. Inverse Volatility,-0.2627010570578598
2023-03-29,7. Inverse Volatility,-0.2538222271430259
2023-03-30,7. Inverse Volatility,-0.250475345914363
2023-03-31,7. Inverse Volatility,-0.24079229569230173
2023-04-03,7. Inverse Volatility,-0.2326364265241161
2023-04-04,7. Inverse Volatility,-0.23595094566950797
2023-04-05,7. Inverse Volatility,-0.23219403376259806
2023-04-06,7. Inverse Volatility,-0.2309927633419719
2023-04-10,7. Inverse Volatility,-0.2320265579921375
2023-04-11,7. Inverse Volatility,-0.23176331396131053
2023-04-12,7. Inverse Volatility,-0.2353370699582626
2023-04-13,7. Inverse Volatility,-0.22590152308570277
2023-04-14,7. Inverse Volatility,-0.22402305268549816
2023-04-17,7. Inverse Volatility,-0.22236924171264272
2023-04-18,7. Inverse Volatility,-0.22180563732810463
2023-04-19,7. Inverse Volatility,-0.22369645426990512
2023-04-20,7. Inverse Volatility,-0.22455706118554877
2023-04-21,7. Inverse Volatility,-0.22108672299006907
2023-04-24,7. Inverse Volatility,-0.2200791684980992
2023-04-25,7. Inverse Volatility,-0.22936096148100657
2023-04-26,7. Inverse Volatility,-0.23186845035559064
2023-04-27,7. Inverse Volatility,-0.21885053762071932
2023-04-28,7. Inverse Volatility,-0.2115628015075254
2023-05-01,7. Inverse Volatility,-0.2126077817497742
2023-05-02,7. Inverse Volatility,-0.22108889352733285
2023-05-03,7. Inverse Volatility,-0.22698325355836466
2023-05-04,7. Inverse Volatility,-0.23292813154645817
2023-05-05,7. Inverse Volatility,-0.22158249187193169
2023-05-08,7. Inverse Volatility,-0.22011940801289556
2023-05-09,7. Inverse Volatility,-0.22289358391498615
2023-05-10,7. Inverse Volatility,-0.22303899071868144
2023-05-11,7. Inverse Volatility,-0.22658250133658195
2023-05-12,7. Inverse Volatility,-0.22754444330842535
2023-05-15,7. Inverse Volatility,-0.22731406178874805
2023-05-16,7. Inverse Volatility,-0.23319041801641327
2023-05-17,7. Inverse Volatility,-0.22460730034332743
2023-05-18,7. Inverse Volatility,-0.21845971075309265
2023-05-19,7. Inverse Volatility,-0.22161864347993207
2023-05-22,7. Inverse Volatility,-0.22496443956913606
2023-05-23,7. Inverse Volatility,-0.22974995873824658
2023-05-24,7. Inverse Volatility,-0.23389965933136478
2023-05-25,7. Inverse Volatility,-0.23041875319432598
2023-05-26,7. Inverse Volatility,-0.2234955900357184
2023-05-30,7. Inverse Volatility,-0.2262661204858871
2023-05-31,7. Inverse Volatility,-0.23098788758174477
2023-06-01,7. Inverse Volatility,-0.22156193622192413
2023-06-02,7. Inverse Volatility,-0.21101797750642745
2023-06-05,7. Inverse Volatility,-0.2124277293702893
2023-06-06,7. Inverse Volatility,-0.2114166117444075
2023-06-07,7. Inverse Volatility,-0.21352106302269194
2023-06-08,7. Inverse Volatility,-0.20986490083068876
2023-06-09,7. Inverse Volatility,-0.20904069682351528
2023-06-12,7. Inverse Volatility,-0.20388622844089663
2023-06-13,7. Inverse Volatility,-0.20058084803430432
2023-06-14,7. Inverse Volatility,-0.19777560659553
2023-06-15,7. Inverse Volatility,-0.18830217206101563
2023-06-16,7. Inverse Volatility,-0.19103569635691534
2023-06-20,7. Inverse Volatility,-0.1956421705188517
2023-06-21,7. Inverse Volatility,-0.19787837453305804
2023-06-22,7. Inverse Volatility,-0.1950673625169218
2023-06-23,7. Inverse Volatility,-0.1987155454990529
2023-06-26,7. Inverse Volatility,-0.20391691637856946
2023-06-27,7. Inverse Volatility,-0.19826551753602686
2023-06-28,7. Inverse Volatility,-0.1994536080277117
2023-06-29,7. Inverse Volatility,-0.1959569809511911
2023-06-30,7. Inverse Volatility,-0.1850387721031754
2023-07-03,7. Inverse Volatility,-0.18407846666991462
2023-07-05,7. Inverse Volatility,-0.18354474817338612
2023-07-06,7. Inverse Volatility,-0.1918798194433057
2023-07-07,7. Inverse Volatility,-0.19818118110161578
2023-07-10,7. Inverse Volatility,-0.19547894268772914
2023-07-11,7. Inverse Volatility,-0.19118687549804597
2023-07-12,7. Inverse Volatility,-0.18421014540175418
2023-07-13,7. Inverse Volatility,-0.18057379387824
2023-07-14,7. Inverse Volatility,-0.18169668182123058
2023-07-17,7. Inverse Volatility,-0.18032743936836013
2023-07-18,7. Inverse Volatility,-0.1748081692008891
2023-07-19,7. Inverse Volatility,-0.17153719399887996
2023-07-20,7. Inverse Volatility,-0.17140476413648612
2023-07-21,7. Inverse Volatility,-0.17116295417298097
2023-07-24,7. Inverse Volatility,-0.16520625968854202
2023-07-25,7. Inverse Volatility,-0.16451928894932308
2023-07-26,7. Inverse Volatility,-0.16489703023442356
2023-07-27,7. Inverse Volatility,-0.16981053651321998
2023-07-28,7. Inverse Volatility,-0.16179873351382013
2023-07-31,7. Inverse Volatility,-0.16218408481243113
2023-08-01,7. Inverse Volatility,-0.16263037744901004
2023-08-02,7. Inverse Volatility,-0.1720820497644265
2023-08-03,7. Inverse Volatility,-0.17005132185711708
2023-08-04,7. Inverse Volatility,-0.1740781748825586
2023-08-07,7. Inverse Volatility,-0.16465740178455002
2023-08-08,7. Inverse Volatility,-0.1681575123329
2023-08-09,7. Inverse Volatility,-0.17189088708197534
2023-08-10,7. Inverse Volatility,-0.17080348190537017
2023-08-11,7. Inverse Volatility,-0.1704459382578786
2023-08-14,7. Inverse Volatility,-0.16736779339906507
2023-08-15,7. Inverse Volatility,-0.1763335706954786
2023-08-16,7. Inverse Volatility,-0.18153207980312386
2023-08-17,7. Inverse Volatility,-0.1859175884831709
2023-08-18,7. Inverse Volatility,-0.18428041031826886
2023-08-21,7. Inverse Volatility,-0.18289872258422518
2023-08-22,7. Inverse Volatility,-0.18583550710968047
2023-08-23,7. Inverse Volatility,-0.18025448320356954
2023-08-24,7. Inverse Volatility,-0.18876783945671033
2023-08-25,7. Inverse Volatility,-0.18374429386350832
2023-08-28,7. Inverse Volatility,-0.1799787687143832
2023-08-29,7. Inverse Volatility,-0.17193231086430308
2023-08-30,7. Inverse Volatility,-0.17013888699232255
2023-08-31,7. Inverse Volatility,-0.17262040186911962
2023-09-01,7. Inverse Volatility,-0.17104146750854388
2023-09-05,7. Inverse Volatility,-0.17404978865668325
2023-09-06,7. Inverse Volatility,-0.17788680672514462
2023-09-07,7. Inverse Volatility,-0.1778889220860572
2023-09-08,7. Inverse Volatility,-0.17588710928603435
2023-09-11,7. Inverse Volatility,-0.17139730908245124
2023-09-12,7. Inverse Volatility,-0.1730779304024535
2023-09-13,7. Inverse Volatility,-0.17263443418099458
2023-09-14,7. Inverse Volatility,-0.16926696169711916
2023-09-15,7. Inverse Volatility,-0.17935635524830035
2023-09-18,7. Inverse Volatility,-0.17829447895571776
2023-09-19,7. Inverse Volatility,-0.18069869055439852
2023-09-20,7. Inverse Volatility,-0.18684336083894781
2023-09-21,7. Inverse Volatility,-0.19723438298056928
2023-09-22,7. Inverse Volatility,-0.19970687751559754
2023-09-25,7. Inverse Volatility,-0.1983130557562583
2023-09-26,7. Inverse Volatility,-0.2066873321016762
2023-09-27,7. Inverse Volatility,-0.2071794214102232
2023-09-28,7. Inverse Volatility,-0.20434262484523005
2023-09-29,7. Inverse Volatility,-0.20743575766362177
2023-10-02,7. Inverse Volatility,-0.2061314304260214
2023-10-03,7. Inverse Volatility,-0.2150044037136912
2023-10-04,7. Inverse Volatility,-0.21306606336009137
2023-10-05,7. Inverse Volatility,-0.2167819800100743
2023-10-06,7. Inverse Volatility,-0.21134941787822772
2023-10-09,7. Inverse Volatility,-0.20801627183288618
2023-10-10,7. Inverse Volatility,-0.2033157484893096
2023-10-11,7. Inverse Volatility,-0.2058323752303942
2023-10-12,7. Inverse Volatility,-0.20823284928579938
2023-10-13,7. Inverse Volatility,-0.2091309674053179
2023-10-16,7. Inverse Volatility,-0.20067233685463093
2023-10-17,7. Inverse Volatility,-0.2013645159661808
2023-10-18,7. Inverse Volatility,-0.2091824848297829
2023-10-19,7. Inverse Volatility,-0.2106170080615189
2023-10-20,7. Inverse Volatility,-0.21719987563367726
2023-10-23,7. Inverse Volatility,-0.21713518169708124
2023-10-24,7. Inverse Volatility,-0.2131296261871597
2023-10-25,7. Inverse Volatility,-0.21443378689115403
2023-10-26,7. Inverse Volatility,-0.2273464252598626
2023-10-27,7. Inverse Volatility,-0.23485313081849937
2023-10-30,7. Inverse Volatility,-0.2229903316699074
2023-10-31,7. Inverse Volatility,-0.21881427586196847
2023-11-01,7. Inverse Volatility,-0.21200517927658397
2023-11-02,7. Inverse Volatility,-0.19996709613957148
2023-11-03,7. Inverse Volatility,-0.19550418928166466
2023-11-06,7. Inverse Volatility,-0.19415912567233082
2023-11-07,7. Inverse Volatility,-0.1927200561772049
2023-11-08,7. Inverse Volatility,-0.19365365409381222
2023-11-09,7. Inverse Volatility,-0.19812332163472007
2023-11-10,7. Inverse Volatility,-0.188644504218204
2023-11-13,7. Inverse Volatility,-0.18818310830950713
2023-11-14,7. Inverse Volatility,-0.17874522622905895
2023-11-15,7. Inverse Volatility,-0.17467412187067474
2023-11-16,7. Inverse Volatility,-0.17784628984294998
2023-11-17,7. Inverse Volatility,-0.17744681791173242
2023-11-20,7. Inverse Volatility,-0.1728944738377982
2023-11-21,7. Inverse Volatility,-0.17313846398892502
2023-11-22,7. Inverse Volatility,-0.17065353915007406
2023-11-24,7. Inverse Volatility,-0.16859944240180233
2023-11-27,7. Inverse Volatility,-0.17050769918869368
2023-11-28,7. Inverse Volatility,-0.16857027095234703
2023-11-29,7. Inverse Volatility,-0.17172952949031942
2023-11-30,7. Inverse Volatility,-0.16848552198583142
2023-12-01,7. Inverse Volatility,-0.1687875861934372
2023-12-04,7. Inverse Volatility,-0.17300261963649072
2023-12-05,7. Inverse Volatility,-0.1749679104909872
2023-12-06,7. Inverse Volatility,-0.1798528885098592
2023-12-07,7. Inverse Volatility,-0.17724361548553716
2023-12-08,7. Inverse Volatility,-0.17525340500672298
2023-12-11,7. Inverse Volatility,-0.17491896805238694
2023-12-12,7. Inverse Volatility,-0.17092556040858148
2023-12-13,7. Inverse Volatility,-0.16239546155315268
2023-12-14,7. Inverse Volatility,-0.16391801431470449
2023-12-15,7. Inverse Volatility,-0.1631696975795669
2023-12-18,7. Inverse Volatility,-0.15624386670784923
2023-12-19,7. Inverse Volatility,-0.15094231091461852
2023-12-20,7. Inverse Volatility,-0.1631417939481096
2023-12-21,7. Inverse Volatility,-0.15652378645815948
2023-12-22,7. Inverse Volatility,-0.1551581246216807
2023-12-26,7. Inverse Volatility,-0.1525670205296045
2023-12-27,7. Inverse Volatility,-0.15130235492258856
2023-12-28,7. Inverse Volatility,-0.15122207318868192
2023-12-29,7. Inverse Volatility,-0.15188713722480549
2024-01-02,7. Inverse Volatility,-0.15073668684726402
2024-01-03,7. Inverse Volatility,-0.1530410441650664
2024-01-04,7. Inverse Volatility,-0.15424286750108138
2024-01-05,7. Inverse Volatility,-0.1516602182560077
2024-01-08,7. Inverse Volatility,-0.1429793696794571
2024-01-09,7. Inverse Volatility,-0.1440275064352197
2024-01-10,7. Inverse Volatility,-0.1366622271225163
2024-01-11,7. Inverse Volatility,-0.13726128043640654
2024-01-12,7. Inverse Volatility,-0.1339464063980835
2024-01-16,7. Inverse Volatility,-0.13666041864872983
2024-01-17,7. Inverse Volatility,-0.1396319601274218
2024-01-18,7. Inverse Volatility,-0.13389217914866403
2024-01-19,7. Inverse Volatility,-0.1267375675961051
2024-01-22,7. Inverse Volatility,-0.12657769014934472
2024-01-23,7. Inverse Volatility,-0.12378331467844896
2024-01-24,7. Inverse Volatility,-0.12021175081687897
2024-01-25,7. Inverse Volatility,-0.11245219351188444
2024-01-26,7. Inverse Volatility,-0.11111763867916995
2024-01-29,7. Inverse Volatility,-0.10427330067161593
2024-01-30,7. Inverse Volatility,-0.10078778478046067
2024-01-31,7. Inverse Volatility,-0.11038867679385338
2024-02-01,7. Inverse Volatility,-0.1001288066655544
2024-02-02,7. Inverse Volatility,-0.08838979827619867
2024-02-05,7. Inverse Volatility,-0.09284588858725702
2024-02-06,7. Inverse Volatility,-0.08951021586221386
2024-02-07,7. Inverse Volatility,-0.08201983244303171
2024-02-08,7. Inverse Volatility,-0.08079116919785599
2024-02-09,7. Inverse Volatility,-0.07990117934769521
2024-02-12,7. Inverse Volatility,-0.07833824481290994
2024-02-13,7. Inverse Volatility,-0.08752256309507381
2024-02-14,7. Inverse Volatility,-0.08115603210139719
2024-02-15,7. Inverse Volatility,-0.07213132214015971
2024-02-16,7. Inverse Volatility,-0.07585485488405978
2024-02-20,7. Inverse Volatility,-0.07853671210545618
2024-02-21,7. Inverse Volatility,-0.07731002315978348
2024-02-22,7. Inverse Volatility,-0.05703090956238725
2024-02-23,7. Inverse Volatility,-0.05637715883048409
2024-02-26,7. Inverse Volatility,-0.11041967669695024
2024-02-27,7. Inverse Volatility,-0.10848929316392689
2024-02-28,7. Inverse Volatility,-0.10696083998292921
2024-02-29,7. Inverse Volatility,-0.1049375688903202
2024-03-01,7. Inverse Volatility,-0.09821188630730159
2024-03-04,7. Inverse Volatility,-0.10013128926315049
2024-03-05,7. Inverse Volatility,-0.10418320653102277
2024-03-06,7. Inverse Volatility,-0.0998801674116156
2024-03-07,7. Inverse Volatility,-0.09393509251124837
2024-03-08,7. Inverse Volatility,-0.09800346687047651
2024-03-11,7. Inverse Volatility,-0.09815921706591939
2024-03-12,7. Inverse Volatility,-0.08545821290292765
2024-03-13,7. Inverse Volatility,-0.08432566513276178
2024-03-14,7. Inverse Volatility,-0.08662295373452111
2024-03-15,7. Inverse Volatility,-0.09295983043152628
2024-03-18,7. Inverse Volatility,-0.08725285523189967
2024-03-19,7. Inverse Volatility,-0.08189567958293484
2024-03-20,7. Inverse Volatility,-0.07415662038195922
2024-03-21,7. Inverse Volatility,-0.06937738760282125
2024-03-22,7. Inverse Volatility,-0.07226688043189192
2024-03-25,7. Inverse Volatility,-0.07626984156918912
2024-03-26,7. Inverse Volatility,-0.07908457856574647
2024-03-27,7. Inverse Volatility,-0.07551574617463457
2024-03-28,7. Inverse Volatility,-0.07594802313078831
2024-04-01,7. Inverse Volatility,-0.07953470162348711
2024-04-02,7. Inverse Volatility,-0.08202997097889678
2024-04-03,7. Inverse Volatility,-0.08694153817398094
2024-04-04,7. Inverse Volatility,-0.09641899505320235
2024-04-05,7. Inverse Volatility,-0.08828648559280772
2024-04-08,7. Inverse Volatility,-0.087783386031221
2024-04-09,7. Inverse Volatility,-0.08667532218886054
2024-04-10,7. Inverse Volatility,-0.09432424283664204
2024-04-11,7. Inverse Volatility,-0.09080582558289886
2024-04-12,7. Inverse Volatility,-0.10394332819912068
2024-04-15,7. Inverse Volatility,-0.1128547970517484
2024-04-16,7. Inverse Volatility,-0.1183097022230821
2024-04-17,7. Inverse Volatility,-0.11940938311585476
2024-04-18,7. Inverse Volatility,-0.12022253344015031
2024-04-19,7. Inverse Volatility,-0.12040801647736105
2024-04-22,7. Inverse Volatility,-0.11288128474132614
2024-04-23,7. Inverse Volatility,-0.1034921004338498
2024-04-24,7. Inverse Volatility,-0.10197400788536344
2024-04-25,7. Inverse Volatility,-0.10713030205322281
2024-04-26,7. Inverse Volatility,-0.10282053255849709
2024-04-29,7. Inverse Volatility,-0.10040422007496824
2024-04-30,7. Inverse Volatility,-0.11176600779667728
2024-05-01,7. Inverse Volatility,-0.10806716807758018
2024-05-02,7. Inverse Volatility,-0.10218996174807608
2024-05-03,7. Inverse Volatility,-0.09394664845188391
2024-05-06,7. Inverse Volatility,-0.0861074768703772
2024-05-07,7. Inverse Volatility,-0.0875940703259939
2024-05-08,7. Inverse Volatility,-0.08579045879025589
2024-05-09,7. Inverse Volatility,-0.08017252037473228
2024-05-10,7. Inverse Volatility,-0.0794930058387482
2024-05-13,7. Inverse Volatility,-0.07838173335761575
2024-05-14,7. Inverse Volatility,-0.07707357832364757
2024-05-15,7. Inverse Volatility,-0.07005326502777846
2024-05-16,7. Inverse Volatility,-0.06922283732803819
2024-05-17,7. Inverse Volatility,-0.0668206689692314
2024-05-20,7. Inverse Volatility,-0.07334844834163302
2024-05-21,7. Inverse Volatility,-0.06837522381827041
2024-05-22,7. Inverse Volatility,-0.07007762285480608
2024-05-23,7. Inverse Volatility,-0.08169884928794593
2024-05-24,7. Inverse Volatility,-0.07714853703438636
2024-05-28,7. Inverse Volatility,-0.07980056637364673
2024-05-29,7. Inverse Volatility,-0.08477715162024102
2024-05-30,7. Inverse Volatility,-0.08540187166684587
2024-05-31,7. Inverse Volatility,-0.07584300994614404
2024-06-03,7. Inverse Volatility,-0.07642727122992622
2024-06-04,7. Inverse Volatility,-0.07400306188101381
2024-06-05,7. Inverse Volatility,-0.069792009823975
2024-06-06,7. Inverse Volatility,-0.06780049507651319
2024-06-07,7. Inverse Volatility,-0.06873044474423372
2024-06-10,7. Inverse Volatility,-0.09207493162024406
2024-06-11,7. Inverse Volatility,-0.0910862192618451
2024-06-12,7. Inverse Volatility,-0.09209570395594373
2024-06-13,7. Inverse Volatility,-0.09054058656695814
2024-06-14,7. Inverse Volatility,-0.09150654901532485
2024-06-17,7. Inverse Volatility,-0.08639497671157954
2024-06-18,7. Inverse Volatility,-0.08378931878281645
2024-06-20,7. Inverse Volatility,-0.08150035832393827
2024-06-21,7. Inverse Volatility,-0.08012522906950861
2024-06-24,7. Inverse Volatility,-0.07612229400013934
2024-06-25,7. Inverse Volatility,-0.07896106104194894
2024-06-26,7. Inverse Volatility,-0.0758724479145672
2024-06-27,7. Inverse Volatility,-0.07613373126021937
2024-06-28,7. Inverse Volatility,-0.08085050905494316
2024-07-01,7. Inverse Volatility,-0.07703747945875863
2024-07-02,7. Inverse Volatility,-0.06816181101312259
2024-07-03,7. Inverse Volatility,-0.06528904365236401
2024-07-05,7. Inverse Volatility,-0.05931219349309035
2024-07-08,7. Inverse Volatility,-0.06222787270845645
2024-07-09,7. Inverse Volatility,-0.061358088420560924
2024-07-10,7. Inverse Volatility,-0.05610354292331874
2024-07-11,7. Inverse Volatility,-0.06363118866938146
2024-07-12,7. Inverse Volatility,-0.060366765851577395
2024-07-15,7. Inverse Volatility,-0.05581850011411218
2024-07-16,7. Inverse Volatility,-0.046349184565589854
2024-07-17,7. Inverse Volatility,-0.043264825447713554
2024-07-18,7. Inverse Volatility,-0.05285175566420123
2024-07-19,7. Inverse Volatility,-0.058703742209656316
2024-07-22,7. Inverse Volatility,-0.05630270012702707
2024-07-23,7. Inverse Volatility,-0.06085970171012526
2024-07-24,7. Inverse Volatility,-0.07392786820632806
2024-07-25,7. Inverse Volatility,-0.07477841510662568
2024-07-26,7. Inverse Volatility,-0.0646172683170483
2024-07-29,7. Inverse Volatility,-0.06352535030346715
2024-07-30,7. Inverse Volatility,-0.06113921513588055
2024-07-31,7. Inverse Volatility,-0.06071339693325296
2024-08-01,7. Inverse Volatility,-0.06325093638515547
2024-08-02,7. Inverse Volatility,-0.07186465991969897
2024-08-05,7. Inverse Volatility,-0.09680653864136807
2024-08-06,7. Inverse Volatility,-0.0927589521504874
2024-08-07,7. Inverse Volatility,-0.09424667373897505
2024-08-08,7. Inverse Volatility,-0.08161982860451265
2024-08-09,7. Inverse Volatility,-0.07812268496841594
2024-08-12,7. Inverse Volatility,-0.08163262678852287
2024-08-13,7. Inverse Volatility,-0.07419329237501512
2024-08-14,7. Inverse Volatility,-0.07070627748541396
2024-08-15,7. Inverse Volatility,-0.060931589300477436
2024-08-16,7. Inverse Volatility,-0.05835775394224471
2024-08-19,7. Inverse Volatility,-0.0532619739670203
2024-08-20,7. Inverse Volatility,-0.052746490263221354
2024-08-21,7. Inverse Volatility,-0.05092790526564926
2024-08-22,7. Inverse Volatility,-0.05513303294340205
2024-08-23,7. Inverse Volatility,-0.04838593343148847
2024-08-26,7. Inverse Volatility,-0.045516202831639395
2024-08-27,7. Inverse Volatility,-0.04617962598241779
2024-08-28,7. Inverse Volatility,-0.04933263850177011
2024-08-29,7. Inverse Volatility,-0.04372108386588136
2024-08-30,7. Inverse Volatility,-0.03496053844845674
2024-09-03,7. Inverse Volatility,-0.04322502066477368
2024-09-04,7. Inverse Volatility,-0.04368512278752032
2024-09-05,7. Inverse Volatility,-0.046944552365000086
2024-09-06,7. Inverse Volatility,-0.059285872206326924
2024-09-09,7. Inverse Volatility,-0.04615572790094727
2024-09-10,7. Inverse Volatility,-0.047306946659249206
2024-09-11,7. Inverse Volatility,-0.0473613663648914
2024-09-12,7. Inverse Volatility,-0.04343554200176961
2024-09-13,7. Inverse Volatility,-0.04007390726763536
2024-09-16,7. Inverse Volatility,-0.03321523986943078
2024-09-17,7. Inverse Volatility,-0.029945819811138127
2024-09-18,7. Inverse Volatility,-0.03335042668264821
2024-09-19,7. Inverse Volatility,-0.025870178240442306
2024-09-20,7. Inverse Volatility,-0.02556644845592836
2024-09-23,7. Inverse Volatility,-0.022892278025644454
2024-09-24,7. Inverse Volatility,-0.02672873039651918
2024-09-25,7. Inverse Volatility,-0.03144822647663382
2024-09-26,7. Inverse Volatility,-0.031049512537207762
2024-09-27,7. Inverse Volatility,-0.027223430918574456
2024-09-30,7. Inverse Volatility,-0.0229561935754259
2024-10-01,7. Inverse Volatility,-0.026829526101211
2024-10-02,7. Inverse Volatility,-0.029515764467275787
2024-10-03,7. Inverse Volatility,-0.03379297351549977
2024-10-04,7. Inverse Volatility,-0.02599780032598885
2024-10-07,7. Inverse Volatility,-0.0372179555030015
2024-10-08,7. Inverse Volatility,-0.03184263761958888
2024-10-09,7. Inverse Volatility,-0.02502453563992899
2024-10-10,7. Inverse Volatility,-0.028497655574227305
2024-10-11,7. Inverse Volatility,-0.02177175556751757
2024-10-14,7. Inverse Volatility,-0.01704759379807776
2024-10-15,7. Inverse Volatility,-0.015897034126974147
2024-10-16,7. Inverse Volatility,-0.011714147479914063
2024-10-17,7. Inverse Volatility,-0.014049532303219028
2024-10-18,7. Inverse Volatility,-0.008104606208522389
2024-10-21,7. Inverse Volatility,-0.014967722980071022
2024-10-22,7. Inverse Volatility,-0.013540781378911416
2024-10-23,7. Inverse Volatility,-0.02040385279323021
2024-10-24,7. Inverse Volatility,-0.016291470294694226
2024-10-25,7. Inverse Volatility,-0.0197897674792526
2024-10-28,7. Inverse Volatility,-0.015364692120201404
2024-10-29,7. Inverse Volatility,-0.02032916350017209
2024-10-30,7. Inverse Volatility,-0.017642935001093252
2024-10-31,7. Inverse Volatility,-0.030602747292211595
2024-11-01,7. Inverse Volatility,-0.028706431395776867
2024-11-04,7. Inverse Volatility,-0.032052573708905206
2024-11-05,7. Inverse Volatility,-0.024639742809235563
2024-11-06,7. Inverse Volatility,-0.002141775560818909
2024-11-07,7. Inverse Volatility,0.0
2024-11-08,7. Inverse Volatility,0.0
2024-11-11,7. Inverse Volatility,0.0
2024-11-12,7. Inverse Volatility,-0.003188305317900015
2024-11-13,7. Inverse Volatility,0.0
2024-11-14,7. Inverse Volatility,-0.004023557503281023
2024-11-15,7. Inverse Volatility,-0.005893372205843496
2024-11-18,7. Inverse Volatility,0.0
2024-11-19,7. Inverse Volatility,0.0
2024-11-20,7. Inverse Volatility,-0.0030575469547639116
2024-11-21,7. Inverse Volatility,0.0
2024-11-22,7. Inverse Volatility,0.0
2024-11-25,7. Inverse Volatility,0.0
2024-11-26,7. Inverse Volatility,0.0
2024-11-27,7. Inverse Volatility,0.0
2024-11-29,7. Inverse Volatility,-0.00032218268278578317
2024-12-02,7. Inverse Volatility,0.0
2024-12-03,7. Inverse Volatility,-0.0017538515963239768
2024-12-04,7. Inverse Volatility,-0.003787228282785149
2024-12-05,7. Inverse Volatility,0.0
2024-12-06,7. Inverse Volatility,0.0
2024-12-09,7. Inverse Volatility,-0.006390257508137916
2024-12-10,7. Inverse Volatility,-0.0033205278028546684
2024-12-11,7. Inverse Volatility,0.0
2024-12-12,7. Inverse Volatility,-0.0021685609978651784
2024-12-13,7. Inverse Volatility,-0.005807387973357273
2024-12-16,7. Inverse Volatility,-0.005387162460879962
2024-12-17,7. Inverse Volatility,-0.0007284847285722589
2024-12-18,7. Inverse Volatility,-0.025184633081842395
2024-12-19,7. Inverse Volatility,-0.025257059451191666
2024-12-20,7. Inverse Volatility,-0.01947048465864309
2024-12-23,7. Inverse Volatility,-0.016782709645023493
2024-12-24,7. Inverse Volatility,-0.005529727538638911
2024-12-26,7. Inverse Volatility,-0.006986751276008844
2024-12-27,7. Inverse Volatility,-0.015674859827595724
2024-12-30,7. Inverse Volatility,-0.025966549059099536
2024-12-31,7. Inverse Volatility,-0.026966170554754608
2025-01-02,7. Inverse Volatility,-0.030529507129811534
2025-01-03,7. Inverse Volatility,-0.02479498055103126
2025-01-06,7. Inverse Volatility,-0.022816265659741927
2025-01-07,7. Inverse Volatility,-0.02654892628939508
2025-01-08,7. Inverse Volatility,-0.027930537140751784
2025-01-10,7. Inverse Volatility,-0.03839296321830057
2025-01-13,7. Inverse Volatility,-0.03752681120212189
2025-01-14,7. Inverse Volatility,-0.03805568383311645
2025-01-15,7. Inverse Volatility,-0.021605594561962583
2025-01-16,7. Inverse Volatility,-0.024140415661123075
2025-01-17,7. Inverse Volatility,-0.01726505853829565
2025-01-21,7. Inverse Volatility,-0.011381894331188917
2025-01-22,7. Inverse Volatility,-0.008728598096237949
2025-01-23,7. Inverse Volatility,-0.00017657821710796216
2025-01-24,7. Inverse Volatility,-0.0008115639287043946
2025-01-27,7. Inverse Volatility,0.0
2025-01-28,7. Inverse Volatility,0.0
2025-01-29,7. Inverse Volatility,-0.0001919049060255711
2025-01-30,7. Inverse Volatility,0.0
2025-01-31,7. Inverse Volatility,-0.005632884403636231
2025-02-03,7. Inverse Volatility,-0.006532911242720304
2025-02-04,7. Inverse Volatility,-0.00028884379617942317
2025-02-05,7. Inverse Volatility,0.0
2025-02-06,7. Inverse Volatility,0.0
2025-02-07,7. Inverse Volatility,-0.008674247935180122
2025-02-10,7. Inverse Volatility,-0.003061257735318441
2025-02-11,7. Inverse Volatility,0.0
2025-02-12,7. Inverse Volatility,-0.0008731709012758726
2025-02-13,7. Inverse Volatility,0.0
2025-02-14,7. Inverse Volatility,-0.003515849970429455
2025-02-18,7. Inverse Volatility,-0.005295866972509472
2025-02-19,7. Inverse Volatility,-0.0018646356412354522
2025-02-20,7. Inverse Volatility,-0.010374146540998545
2025-02-21,7. Inverse Volatility,-0.017941587386640527
2025-02-24,7. Inverse Volatility,-0.021100669480220248
2025-02-25,7. Inverse Volatility,-0.019159952838977076
2025-02-26,7. Inverse Volatility,-0.023654451948472977
2025-02-27,7. Inverse Volatility,-0.02942571014061782
2025-02-28,7. Inverse Volatility,-0.013501043400220167
2025-03-03,7. Inverse Volatility,-0.02252933666545083
2025-03-04,7. Inverse Volatility,-0.04100769771470484
2025-03-05,7. Inverse Volatility,-0.03450899353868792
2025-03-06,7. Inverse Volatility,-0.04800923919434916
2025-03-07,7. Inverse Volatility,-0.04772972319835142
2025-03-10,7. Inverse Volatility,-0.06662601071672533
2025-03-11,7. Inverse Volatility,-0.07732115864146048
2025-03-12,7. Inverse Volatility,-0.07961470758249159
2025-03-13,7. Inverse Volatility,-0.09307625849649762
2025-03-14,7. Inverse Volatility,-0.08020667150933321
2025-03-17,7. Inverse Volatility,-0.07378052365330534
2025-03-18,7. Inverse Volatility,-0.08185999193208866
2025-03-19,7. Inverse Volatility,-0.0735852068213249
2025-03-20,7. Inverse Volatility,-0.07441244627626814
2025-03-21,7. Inverse Volatility,-0.07286967017619067
2025-03-24,7. Inverse Volatility,-0.059898568139573866
2025-03-25,7. Inverse Volatility,-0.05994570951488305
2025-03-26,7. Inverse Volatility,-0.06356424759660392
2025-03-27,7. Inverse Volatility,-0.06082341219728237
2025-03-28,7. Inverse Volatility,-0.07806245197026579
2025-03-31,7. Inverse Volatility,-0.06815554708383353
2025-04-01,7. Inverse Volatility,-0.07348552227347675
2025-04-02,7. Inverse Volatility,-0.06996865938425002
2025-04-03,7. Inverse Volatility,-0.10065736788534156
2025-04-04,7. Inverse Volatility,-0.14984774132619277
2025-04-07,7. Inverse Volatility,-0.15510156119621443
2025-04-08,7. Inverse Volatility,-0.16719760539325818
2025-04-09,7. Inverse Volatility,-0.10611761463422527
2025-04-10,7. Inverse Volatility,-0.12885990518522528
2025-04-11,7. Inverse Volatility,-0.1135685627624669
2025-04-14,7. Inverse Volatility,-0.10659201204220659
2025-04-15,7. Inverse Volatility,-0.10685913443497727
2025-04-16,7. Inverse Volatility,-0.12261238926197057
2025-04-17,7. Inverse Volatility,-0.11321997876656367
2025-04-21,7. Inverse Volatility,-0.12726587680676987
2025-04-22,7. Inverse Volatility,-0.10504500298137076
2025-04-23,7. Inverse Volatility,-0.0986757413426194
2025-04-24,7. Inverse Volatility,-0.08890938731642456
2025-04-25,7. Inverse Volatility,-0.08531959286760962
2025-04-28,7. Inverse Volatility,-0.0842829306229679
2025-04-29,7. Inverse Volatility,-0.07755550496459218
2025-04-30,7. Inverse Volatility,-0.07553295070166881
2025-05-01,7. Inverse Volatility,-0.07264866269821312
2025-05-02,7. Inverse Volatility,-0.06075391868917114
2025-05-05,7. Inverse Volatility,-0.06627108116092957
2025-05-06,7. Inverse Volatility,-0.07120906917488574
2025-05-07,7. Inverse Volatility,-0.06399943803370206
2025-05-08,7. Inverse Volatility,-0.061567310749004824
2025-05-09,7. Inverse Volatility,-0.06411508839430835
2025-05-12,7. Inverse Volatility,-0.0423067446742299
2025-05-13,7. Inverse Volatility,-0.04148809674858208
2025-05-14,7. Inverse Volatility,-0.03929298099956997
2025-05-15,7. Inverse Volatility,-0.03162598729173787
2025-05-16,7. Inverse Volatility,-0.025536304741585678
2025-05-19,7. Inverse Volatility,-0.024943297915244952
2025-05-20,7. Inverse Volatility,-0.027315894872239514
2025-05-21,7. Inverse Volatility,-0.03778945974307486
2025-05-22,7. Inverse Volatility,-0.03875607033130086
2025-05-23,7. Inverse Volatility,-0.04331731909532992
2025-05-27,7. Inverse Volatility,-0.027189338695572083
2025-05-28,7. Inverse Volatility,-0.03185873377318315
2025-05-29,7. Inverse Volatility,-0.028508143529471532
2025-05-30,7. Inverse Volatility,-0.023636112926842107
2025-06-02,7. Inverse Volatility,-0.02167428679565762
2025-06-03,7. Inverse Volatility,-0.021546699351441743
2025-06-04,7. Inverse Volatility,-0.020527876794428274
2025-06-05,7. Inverse Volatility,-0.026585953139135015
2025-06-06,7. Inverse Volatility,-0.01673213797164976
2025-06-09,7. Inverse Volatility,-0.015521430555285322
2025-06-10,7. Inverse Volatility,-0.007860260912327846
2025-06-11,7. Inverse Volatility,-0.011280442309031281
2025-06-12,7. Inverse Volatility,-0.010116277758809538
2025-06-13,7. Inverse Volatility,-0.023558638322601144
2025-06-16,7. Inverse Volatility,-0.017804765153899837
2025-06-17,7. Inverse Volatility,-0.024547827232007276
2025-06-18,7. Inverse Volatility,-0.032080409712520165
2025-06-20,7. Inverse Volatility,-0.03387536182301842
2025-06-23,7. Inverse Volatility,-0.023421501254536094
2025-06-24,7. Inverse Volatility,-0.0152037034013195
2025-06-25,7. Inverse Volatility,-0.01647349055947926
2025-06-26,7. Inverse Volatility,-0.010858581289747881
2025-06-27,7. Inverse Volatility,-0.0035251871448823344
2025-06-30,7. Inverse Volatility,0.0
2025-07-01,7. Inverse Volatility,0.0
2025-07-02,7. Inverse Volatility,0.0
2025-07-03,7. Inverse Volatility,0.0
2025-07-07,7. Inverse Volatility,-0.006271844309732375
2025-07-08,7. Inverse Volatility,-0.012362878065848657
2025-07-09,7. Inverse Volatility,-0.009086787756427175
2025-07-10,7. Inverse Volatility,-0.007985715578406098
2025-07-11,7. Inverse Volatility,-0.013118359376301863
2025-07-14,7. Inverse Volatility,-0.013012885506537928
2025-07-15,7. Inverse Volatility,-0.01939230792204126
2025-07-16,7. Inverse Volatility,-0.01387760575387042
2025-07-17,7. Inverse Volatility,-0.00858148622421119
2025-07-18,7. Inverse Volatility,-0.012404916135497053
2025-07-21,7. Inverse Volatility,-0.00733379923847797
2025-07-22,7. Inverse Volatility,-0.0039025045621874847
2025-07-23,7. Inverse Volatility,0.0
2025-07-24,7. Inverse Volatility,0.0
2025-07-25,7. Inverse Volatility,0.0
2025-07-28,7. Inverse Volatility,-0.002689189296828072
2025-07-29,7. Inverse Volatility,-0.0031750601716510674
2025-07-30,7. Inverse Volatility,-0.008090657206315084
2025-07-31,7. Inverse Volatility,-0.007913488551538892
2025-08-01,7. Inverse Volatility,-0.01839317781515121
2025-08-04,7. Inverse Volatility,-0.005918442180227002
2025-08-05,7. Inverse Volatility,-0.008732241103691925
2025-08-06,7. Inverse Volatility,-0.0008010192356382262
2025-08-07,7. Inverse Volatility,-0.0021490176972911567
2025-08-08,7. Inverse Volatility,0.0
2025-08-11,7. Inverse Volatility,0.0
2025-08-12,7. Inverse Volatility,0.0
2025-08-13,7. Inverse Volatility,0.0
2025-08-14,7. Inverse Volatility,0.0
2025-08-15,7. Inverse Volatility,-0.0013585140062855193
2025-08-18,7. Inverse Volatility,-0.0019114468629607365
2025-08-19,7. Inverse Volatility,-0.0017434954112508414
2025-08-20,7. Inverse Volatility,-0.0008099402159849753
2025-08-21,7. Inverse Volatility,-0.00597356843757273
2025-08-22,7. Inverse Volatility,0.0
2025-08-25,7. Inverse Volatility,-0.005327460124874982
2025-08-26,7. Inverse Volatility,-0.005166025847922844
2025-08-27,7. Inverse Volatility,-0.0033564913543790683
2025-08-28,7. Inverse Volatility,-0.0032969757328658008
2025-08-29,7. Inverse Volatility,-0.0023578798017038767
2025-09-02,7. Inverse Volatility,-0.004079827456418267
2025-09-03,7. Inverse Volatility,0.0
2025-09-04,7. Inverse Volatility,0.0
2025-09-05,7. Inverse Volatility,-0.006848670284268917
2025-09-08,7. Inverse Volatility,-0.006568850162214082
2025-09-09,7. Inverse Volatility,-0.0028776625003680417
2025-09-10,7. Inverse Volatility,-0.010201262473327654
2025-09-11,7. Inverse Volatility,-0.0019885981290079222
2025-09-12,7. Inverse Volatility,-0.003747473230389794
2025-09-15,7. Inverse Volatility,0.0
2025-09-16,7. Inverse Volatility,0.0
2025-09-17,7. Inverse Volatility,0.0
2025-09-18,7. Inverse Volatility,-0.006074842523024295
2025-09-19,7. Inverse Volatility,-0.0027959564058159304
2025-09-22,7. Inverse Volatility,-0.004877503986783178
2025-09-23,7. Inverse Volatility,-0.009949373341044883
2025-09-24,7. Inverse Volatility,-0.010851263261309476
2025-09-25,7. Inverse Volatility,-0.013537592579927439
2025-09-26,7. Inverse Volatility,-0.009570268778429402
2025-09-29,7. Inverse Volatility,-0.007458058149929118
2025-09-30,7. Inverse Volatility,-0.0042316768630534934
2025-10-01,7. Inverse Volatility,-0.0036158844862527015
2025-10-02,7. Inverse Volatility,-0.00622647066477208
2025-10-03,7. Inverse Volatility,-0.0033183387935760665
2025-10-06,7. Inverse Volatility,-0.003145304104903014
2025-10-07,7. Inverse Volatility,-0.002728756729715559
2025-10-08,7. Inverse Volatility,-0.004248813617120657
2025-10-09,7. Inverse Volatility,-0.007444557855678469
2025-10-10,7. Inverse Volatility,-0.023059421755993906
2025-10-13,7. Inverse Volatility,-0.015840690917269636
2025-10-14,7. Inverse Volatility,-0.010713350559307236
2025-10-15,7. Inverse Volatility,-0.007738886124340576
2025-10-16,7. Inverse Volatility,-0.01600047024299315
2025-10-17,7. Inverse Volatility,-0.0054318896846296625
2025-10-20,7. Inverse Volatility,0.0
2025-10-21,7. Inverse Volatility,0.0
2025-10-22,7. Inverse Volatility,-0.005766074860921117
2025-10-23,7. Inverse Volatility,-0.004624277495448073
2025-10-24,7. Inverse Volatility,-0.002303782914356822
2025-10-27,7. Inverse Volatility,0.0
2025-10-28,7. Inverse Volatility,-0.0010988089553747526
2025-10-29,7. Inverse Volatility,-0.005477611398325325
2025-10-30,7. Inverse Volatility,-0.010786292245471708
2025-10-31,7. Inverse Volatility,-0.008395337777067623
2025-11-03,7. Inverse Volatility,-0.011971664576520972
2025-11-04,7. Inverse Volatility,-0.01468867073977409
2025-11-05,7. Inverse Volatility,-0.01579453163292552
2025-11-06,7. Inverse Volatility,-0.019376668370512013
2025-11-07,7. Inverse Volatility,-0.018212627624294705
2025-11-10,7. Inverse Volatility,-0.008863118639004106
2025-11-11,7. Inverse Volatility,0.0
2025-11-12,7. Inverse Volatility,-0.0012050158127853818
2025-11-13,7. Inverse Volatility,-0.014662336815536988
2025-11-14,7. Inverse Volatility,-0.020776909447084255
2025-11-17,7. Inverse Volatility,-0.05831510906343949
2025-11-18,7. Inverse Volatility,-0.06564004654290548
2025-11-19,7. Inverse Volatility,-0.06412033514110656
2025-11-20,7. Inverse Volatility,-0.06738619008891979
2025-11-21,7. Inverse Volatility,-0.05667623210600902
2025-11-24,7. Inverse Volatility,-0.0505705045083154
2025-11-25,7. Inverse Volatility,-0.039640622349788206
2025-11-26,7. Inverse Volatility,-0.03570433642571419
2015-11-30,8. Risk Parity,0.0
2015-12-01,8. Risk Parity,0.0
2015-12-02,8. Risk Parity,0.0
2015-12-03,8. Risk Parity,0.0
2015-12-04,8. Risk Parity,0.0
2015-12-07,8. Risk Parity,0.0
2015-12-08,8. Risk Parity,0.0
2015-12-09,8. Risk Parity,0.0
2015-12-10,8. Risk Parity,0.0
2015-12-11,8. Risk Parity,0.0
2015-12-14,8. Risk Parity,0.0
2015-12-15,8. Risk Parity,0.0
2015-12-16,8. Risk Parity,0.0
2015-12-17,8. Risk Parity,0.0
2015-12-18,8. Risk Parity,0.0
2015-12-21,8. Risk Parity,0.0
2015-12-22,8. Risk Parity,0.0
2015-12-23,8. Risk Parity,0.0
2015-12-24,8. Risk Parity,0.0
2015-12-28,8. Risk Parity,0.0
2015-12-29,8. Risk Parity,0.0
2015-12-30,8. Risk Parity,0.0
2015-12-31,8. Risk Parity,-0.0010999999999999899
2016-01-04,8. Risk Parity,-0.02065361496682283
2016-01-05,8. Risk Parity,-0.018524097005745865
2016-01-06,8. Risk Parity,-0.024528030207123352
2016-01-07,8. Risk Parity,-0.04323028089495706
2016-01-08,8. Risk Parity,-0.05572121403469721
2016-01-11,8. Risk Parity,-0.05047830386011132
2016-01-12,8. Risk Parity,-0.04307024889864075
2016-01-13,8. Risk Parity,-0.06962940658182104
2016-01-14,8. Risk Parity,-0.05622900617466309
2016-01-15,8. Risk Parity,-0.07829854835519612
2016-01-19,8. Risk Parity,-0.07568996662195637
2016-01-20,8. Risk Parity,-0.08919861428183518
2016-01-21,8. Risk Parity,-0.08483463072068831
2016-01-22,8. Risk Parity,-0.06596490063716309
2016-01-25,8. Risk Parity,-0.07552494288676792
2016-01-26,8. Risk Parity,-0.06539501572841622
2016-01-27,8. Risk Parity,-0.07934243385830575
2016-01-28,8. Risk Parity,-0.06435570822802983
2016-01-29,8. Risk Parity,-0.04303888523297039
2016-02-01,8. Risk Parity,-0.04223245706694578
2016-02-02,8. Risk Parity,-0.06006615101042878
2016-02-03,8. Risk Parity,-0.06268010197304796
2016-02-04,8. Risk Parity,-0.06591927687916166
2016-02-05,8. Risk Parity,-0.0888214228682801
2016-02-08,8. Risk Parity,-0.10107878728230435
2016-02-09,8. Risk Parity,-0.09954132735441945
2016-02-10,8. Risk Parity,-0.1003449925695179
2016-02-11,8. Risk Parity,-0.10607855342224792
2016-02-12,8. Risk Parity,-0.09151179462323056
2016-02-16,8. Risk Parity,-0.07982780382334687
2016-02-17,8. Risk Parity,-0.06468477134190576
2016-02-18,8. Risk Parity,-0.07151675418868797
2016-02-19,8. Risk Parity,-0.06865201380807184
2016-02-22,8. Risk Parity,-0.05341811233636473
2016-02-23,8. Risk Parity,-0.061925670924924736
2016-02-24,8. Risk Parity,-0.05648054800729618
2016-02-25,8. Risk Parity,-0.04469749948240498
2016-02-26,8. Risk Parity,-0.05085265844241815
2016-02-29,8. Risk Parity,-0.05877766607794355
2016-03-01,8. Risk Parity,-0.037205820371929876
2016-03-02,8. Risk Parity,-0.03488698988278072
2016-03-03,8. Risk Parity,-0.03380692646725725
2016-03-04,8. Risk Parity,-0.03139039604112792
2016-03-07,8. Risk Parity,-0.035388506272644116
2016-03-08,8. Risk Parity,-0.04136270221103888
2016-03-09,8. Risk Parity,-0.03654831917387824
2016-03-10,8. Risk Parity,-0.038735816846787396
2016-03-11,8. Risk Parity,-0.02815933924741154
2016-03-14,8. Risk Parity,-0.02613836470455566
2016-03-15,8. Risk Parity,-0.023143954951755252
2016-03-16,8. Risk Parity,-0.020039919377781157
2016-03-17,8. Risk Parity,-0.016760840957493306
2016-03-18,8. Risk Parity,-0.012817507436068687
2016-03-21,8. Risk Parity,-0.008627944380415697
2016-03-22,8. Risk Parity,-0.010106657821742693
2016-03-23,8. Risk Parity,-0.012015779717973962
2016-03-24,8. Risk Parity,-0.009550964199344647
2016-03-28,8. Risk Parity,-0.008556650781735398
2016-03-29,8. Risk Parity,0.0
2016-03-30,8. Risk Parity,0.0
2016-03-31,8. Risk Parity,-0.00359404250532092
2016-04-01,8. Risk Parity,0.0
2016-04-04,8. Risk Parity,-0.0008540541478499355
2016-04-05,8. Risk Parity,-0.004641168409332575
2016-04-06,8. Risk Parity,0.0
2016-04-07,8. Risk Parity,-0.011641556117602266
2016-04-08,8. Risk Parity,-0.012731520890187567
2016-04-11,8. Risk Parity,-0.01673540159402675
2016-04-12,8. Risk Parity,-0.0068597785519839746
2016-04-13,8. Risk Parity,0.0
2016-04-14,8. Risk Parity,0.0
2016-04-15,8. Risk Parity,0.0
2016-04-18,8. Risk Parity,0.0
2016-04-19,8. Risk Parity,-0.004122715473442452
2016-04-20,8. Risk Parity,-0.004472999892549234
2016-04-21,8. Risk Parity,-0.008886562687732125
2016-04-22,8. Risk Parity,-0.012835703213169522
2016-04-25,8. Risk Parity,-0.012488505980729762
2016-04-26,8. Risk Parity,-0.017143486751261303
2016-04-27,8. Risk Parity,-0.019182023094730914
2016-04-28,8. Risk Parity,-0.026843992230340945
2016-04-29,8. Risk Parity,-0.028774445068249305
2016-05-02,8. Risk Parity,-0.018121540218874514
2016-05-03,8. Risk Parity,-0.02573816574331872
2016-05-04,8. Risk Parity,-0.02951110864779946
2016-05-05,8. Risk Parity,-0.03173418660021574
2016-05-06,8. Risk Parity,-0.023704407078276615
2016-05-09,8. Risk Parity,-0.022496115500568167
2016-05-10,8. Risk Parity,-0.012148831452914012
2016-05-11,8. Risk Parity,-0.02485453103434247
2016-05-12,8. Risk Parity,-0.025097199807585537
2016-05-13,8. Risk Parity,-0.027430527797459678
2016-05-16,8. Risk Parity,-0.017631090782172135
2016-05-17,8. Risk Parity,-0.02812707635374439
2016-05-18,8. Risk Parity,-0.025571710242022115
2016-05-19,8. Risk Parity,-0.018118178588984114
2016-05-20,8. Risk Parity,-0.011787265994549587
2016-05-23,8. Risk Parity,-0.014546515614514005
2016-05-24,8. Risk Parity,-0.0011694753418132911
2016-05-25,8. Risk Parity,0.0
2016-05-26,8. Risk Parity,0.0
2016-05-27,8. Risk Parity,0.0
2016-05-31,8. Risk Parity,-0.0019135499572784773
2016-06-01,8. Risk Parity,-0.0028466015602064063
2016-06-02,8. Risk Parity,-0.00017991215930755143
2016-06-03,8. Risk Parity,-0.004621587306927982
2016-06-06,8. Risk Parity,-0.0012861181583654609
2016-06-07,8. Risk Parity,0.0
2016-06-08,8. Risk Parity,0.0
2016-06-09,8. Risk Parity,-4.2019574865641864e-05
2016-06-10,8. Risk Parity,-0.009545569883432567
2016-06-13,8. Risk Parity,-0.01747623484948034
2016-06-14,8. Risk Parity,-0.01752041529727168
2016-06-15,8. Risk Parity,-0.018187513475968645
2016-06-16,8. Risk Parity,-0.014623417146100557
2016-06-17,8. Risk Parity,-0.024060358436797165
2016-06-20,8. Risk Parity,-0.01879608436360467
2016-06-21,8. Risk Parity,-0.01615062049945305
2016-06-22,8. Risk Parity,-0.02232534906206505
2016-06-23,8. Risk Parity,-0.012090160670819352
2016-06-24,8. Risk Parity,-0.040794786870175244
2016-06-27,8. Risk Parity,-0.052492408658879094
2016-06-28,8. Risk Parity,-0.03550557132537833
2016-06-29,8. Risk Parity,-0.020717235366889283
2016-06-30,8. Risk Parity,-0.015142999405967725
2016-07-01,8. Risk Parity,-0.01127236047230609
2016-07-05,8. Risk Parity,-0.011214236508139363
2016-07-06,8. Risk Parity,-0.007048020660560989
2016-07-07,8. Risk Parity,-0.006365250645728335
2016-07-08,8. Risk Parity,0.0
2016-07-11,8. Risk Parity,0.0
2016-07-12,8. Risk Parity,0.0
2016-07-13,8. Risk Parity,-0.0010106582754142053
2016-07-14,8. Risk Parity,0.0
2016-07-15,8. Risk Parity,-0.0017177632428401497
2016-07-18,8. Risk Parity,0.0
2016-07-19,8. Risk Parity,-0.0017051392479751056
2016-07-20,8. Risk Parity,0.0
2016-07-21,8. Risk Parity,-0.006132871216897794
2016-07-22,8. Risk Parity,-0.0010872287209551757
2016-07-25,8. Risk Parity,-0.000924997794494737
2016-07-26,8. Risk Parity,-0.0006664396663509935
2016-07-27,8. Risk Parity,-0.0014343182211126325
2016-07-28,8. Risk Parity,0.0
2016-07-29,8. Risk Parity,0.0
2016-08-01,8. Risk Parity,0.0
2016-08-02,8. Risk Parity,-0.006116702305497787
2016-08-03,8. Risk Parity,-0.007451710270586391
2016-08-04,8. Risk Parity,-0.004093561608148099
2016-08-05,8. Risk Parity,0.0
2016-08-08,8. Risk Parity,-0.001791658831134842
2016-08-09,8. Risk Parity,-3.4113996186935585e-05
2016-08-10,8. Risk Parity,-0.0029634001654788526
2016-08-11,8. Risk Parity,0.0
2016-08-12,8. Risk Parity,0.0
2016-08-15,8. Risk Parity,-0.00010358758035304386
2016-08-16,8. Risk Parity,-0.005789395786461755
2016-08-17,8. Risk Parity,-0.004512487027980575
2016-08-18,8. Risk Parity,-0.0021866329957258837
2016-08-19,8. Risk Parity,-0.006153100643663668
2016-08-22,8. Risk Parity,-0.0076111380132326155
2016-08-23,8. Risk Parity,-0.0054213408790376155
2016-08-24,8. Risk Parity,-0.00953797697426972
2016-08-25,8. Risk Parity,-0.010926353237120615
2016-08-26,8. Risk Parity,-0.00976113214595816
2016-08-29,8. Risk Parity,-0.006260987400122746
2016-08-30,8. Risk Parity,-0.009649827334549629
2016-08-31,8. Risk Parity,-0.010791144183370228
2016-09-01,8. Risk Parity,-0.007713085820793136
2016-09-02,8. Risk Parity,-0.00630553384779018
2016-09-06,8. Risk Parity,0.0
2016-09-07,8. Risk Parity,-0.0033849298102366712
2016-09-08,8. Risk Parity,-0.0056980013979498
2016-09-09,8. Risk Parity,-0.0283188297021209
2016-09-12,8. Risk Parity,-0.012550642082937252
2016-09-13,8. Risk Parity,-0.024767517565419044
2016-09-14,8. Risk Parity,-0.023297364620869964
2016-09-15,8. Risk Parity,-0.011799701019126597
2016-09-16,8. Risk Parity,-0.01176315268735016
2016-09-19,8. Risk Parity,-0.013510670192255384
2016-09-20,8. Risk Parity,-0.013170473221670797
2016-09-21,8. Risk Parity,-0.0068993928207486364
2016-09-22,8. Risk Parity,-0.0011574045014194332
2016-09-23,8. Risk Parity,-0.005368836626823715
2016-09-26,8. Risk Parity,-0.015219765147537088
2016-09-27,8. Risk Parity,-0.004833123873694552
2016-09-28,8. Risk Parity,0.0
2016-09-29,8. Risk Parity,-0.009633420552687634
2016-09-30,8. Risk Parity,0.0
2016-10-03,8. Risk Parity,0.0
2016-10-04,8. Risk Parity,-0.00207655003758422
2016-10-05,8. Risk Parity,0.0
2016-10-06,8. Risk Parity,-0.004141562878368947
2016-10-07,8. Risk Parity,-0.007387583673992343
2016-10-10,8. Risk Parity,-0.004279597566458613
2016-10-11,8. Risk Parity,-0.014512735036084579
2016-10-12,8. Risk Parity,-0.013357198853875438
2016-10-13,8. Risk Parity,-0.01726082376755154
2016-10-14,8. Risk Parity,-0.016025463209303967
2016-10-17,8. Risk Parity,-0.019650611039718845
2016-10-18,8. Risk Parity,-0.009251321329455336
2016-10-19,8. Risk Parity,-0.006704513807470713
2016-10-20,8. Risk Parity,-0.007163545513826483
2016-10-21,8. Risk Parity,-0.004743508717389378
2016-10-24,8. Risk Parity,0.0
2016-10-25,8. Risk Parity,0.0
2016-10-26,8. Risk Parity,-0.0007790591697606727
2016-10-27,8. Risk Parity,-0.0038114274945912417
2016-10-28,8. Risk Parity,-0.007377099539880347
2016-10-31,8. Risk Parity,-0.009271420014795804
2016-11-01,8. Risk Parity,-0.019961943441212066
2016-11-02,8. Risk Parity,-0.02666323649493109
2016-11-03,8. Risk Parity,-0.032187617631217746
2016-11-04,8. Risk Parity,-0.03607656467080033
2016-11-07,8. Risk Parity,-0.013839558503707956
2016-11-08,8. Risk Parity,-0.01102229210315689
2016-11-09,8. Risk Parity,-0.0051382766884171685
2016-11-10,8. Risk Parity,-0.014522425016917612
2016-11-11,8. Risk Parity,0.0
2016-11-14,8. Risk Parity,-0.015253665637600751
2016-11-15,8. Risk Parity,-0.005439839214148434
2016-11-16,8. Risk Parity,0.0
2016-11-17,8. Risk Parity,0.0
2016-11-18,8. Risk Parity,-0.004087056186476443
2016-11-21,8. Risk Parity,0.0
2016-11-22,8. Risk Parity,0.0
2016-11-23,8. Risk Parity,0.0
2016-11-25,8. Risk Parity,0.0
2016-11-28,8. Risk Parity,-0.0049312334200239
2016-11-29,8. Risk Parity,-0.006605395657243004
2016-11-30,8. Risk Parity,-0.006860748006378822
2016-12-01,8. Risk Parity,-0.015400071105965118
2016-12-02,8. Risk Parity,-0.01246636095366223
2016-12-05,8. Risk Parity,-0.0037423546309421156
2016-12-06,8. Risk Parity,-0.0013861855734672351
2016-12-07,8. Risk Parity,0.0
2016-12-08,8. Risk Parity,-0.0009254360600833303
2016-12-09,8. Risk Parity,0.0
2016-12-12,8. Risk Parity,0.0
2016-12-13,8. Risk Parity,0.0
2016-12-14,8. Risk Parity,-0.00292301142112848
2016-12-15,8. Risk Parity,0.0
2016-12-16,8. Risk Parity,-0.001639029790524034
2016-12-19,8. Risk Parity,0.0
2016-12-20,8. Risk Parity,0.0
2016-12-21,8. Risk Parity,-0.0024229738099857396
2016-12-22,8. Risk Parity,-0.00529794515749082
2016-12-23,8. Risk Parity,-0.002950598471069765
2016-12-27,8. Risk Parity,0.0
2016-12-28,8. Risk Parity,-0.008368181618119364
2016-12-29,8. Risk Parity,-0.008712546775021753
2016-12-30,8. Risk Parity,-0.014832515779646411
2017-01-03,8. Risk Parity,-0.007119506661574279
2017-01-04,8. Risk Parity,-0.001129027997955789
2017-01-05,8. Risk Parity,0.0
2017-01-06,8. Risk Parity,0.0
2017-01-09,8. Risk Parity,0.0
2017-01-10,8. Risk Parity,-0.0026472644128827396
2017-01-11,8. Risk Parity,-0.001202979549699766
2017-01-12,8. Risk Parity,-0.005098657557590455
2017-01-13,8. Risk Parity,-0.002419887922446593
2017-01-17,8. Risk Parity,-0.0037022477419363094
2017-01-18,8. Risk Parity,-0.002463421670672001
2017-01-19,8. Risk Parity,-0.004273128230284659
2017-01-20,8. Risk Parity,0.0
2017-01-23,8. Risk Parity,0.0
2017-01-24,8. Risk Parity,0.0
2017-01-25,8. Risk Parity,0.0
2017-01-26,8. Risk Parity,-0.0005843503214355158
2017-01-27,8. Risk Parity,0.0
2017-01-30,8. Risk Parity,-0.003954441313511354
2017-01-31,8. Risk Parity,-0.006699661754225485
2017-02-01,8. Risk Parity,-0.00433711087094927
2017-02-02,8. Risk Parity,-0.003554899898328491
2017-02-03,8. Risk Parity,0.0
2017-02-06,8. Risk Parity,0.0
2017-02-07,8. Risk Parity,0.0
2017-02-08,8. Risk Parity,0.0
2017-02-09,8. Risk Parity,0.0
2017-02-10,8. Risk Parity,-0.0017452601099416495
2017-02-13,8. Risk Parity,0.0
2017-02-14,8. Risk Parity,0.0
2017-02-15,8. Risk Parity,0.0
2017-02-16,8. Risk Parity,-0.0007162854722640813
2017-02-17,8. Risk Parity,0.0
2017-02-21,8. Risk Parity,0.0
2017-02-22,8. Risk Parity,-0.00016596521431367213
2017-02-23,8. Risk Parity,-0.004612302857241936
2017-02-24,8. Risk Parity,-0.0024334573681865893
2017-02-27,8. Risk Parity,-0.003839699267694881
2017-02-28,8. Risk Parity,-0.006022229545479919
2017-03-01,8. Risk Parity,0.0
2017-03-02,8. Risk Parity,-0.00425885353465826
2017-03-03,8. Risk Parity,-0.004165525544730166
2017-03-06,8. Risk Parity,-0.006271627749756079
2017-03-07,8. Risk Parity,-0.0080832487664069
2017-03-08,8. Risk Parity,-0.008936489836814302
2017-03-09,8. Risk Parity,-0.0065769738124468536
2017-03-10,8. Risk Parity,-0.004071436814687546
2017-03-13,8. Risk Parity,-0.0012328918646695756
2017-03-14,8. Risk Parity,0.0
2017-03-15,8. Risk Parity,0.0
2017-03-16,8. Risk Parity,0.0
2017-03-17,8. Risk Parity,-0.0015237716565633024
2017-03-20,8. Risk Parity,-0.0006949983953879551
2017-03-21,8. Risk Parity,-0.012793988251986596
2017-03-22,8. Risk Parity,-0.009243524679851735
2017-03-23,8. Risk Parity,-0.011431059570834031
2017-03-24,8. Risk Parity,-0.011603025747426662
2017-03-27,8. Risk Parity,-0.00894300199386655
2017-03-28,8. Risk Parity,-0.002369802421553713
2017-03-29,8. Risk Parity,-0.0009376072819679221
2017-03-30,8. Risk Parity,0.0
2017-03-31,8. Risk Parity,-0.002311920105885391
2017-04-03,8. Risk Parity,0.0
2017-04-04,8. Risk Parity,-0.0006144918348104697
2017-04-05,8. Risk Parity,-0.004332362298772874
2017-04-06,8. Risk Parity,-0.003951455095985254
2017-04-07,8. Risk Parity,-0.003939195184980661
2017-04-10,8. Risk Parity,-0.0021906162885186593
2017-04-11,8. Risk Parity,-0.0036279430543675506
2017-04-12,8. Risk Parity,-0.0059573419870634775
2017-04-13,8. Risk Parity,-0.009544040113625623
2017-04-17,8. Risk Parity,-0.00040021208555646105
2017-04-18,8. Risk Parity,-0.0037056009019965485
2017-04-19,8. Risk Parity,-0.0066926790050278046
2017-04-20,8. Risk Parity,-0.00011748867107947278
2017-04-21,8. Risk Parity,-0.0005559422833302784
2017-04-24,8. Risk Parity,0.0
2017-04-25,8. Risk Parity,0.0
2017-04-26,8. Risk Parity,-0.0022158421296230553
2017-04-27,8. Risk Parity,-0.0001637216248936563
2017-04-28,8. Risk Parity,0.0
2017-05-01,8. Risk Parity,0.0
2017-05-02,8. Risk Parity,-5.2917669590257286e-05
2017-05-03,8. Risk Parity,-0.002375475991335647
2017-05-04,8. Risk Parity,-0.003960778686399412
2017-05-05,8. Risk Parity,-0.0012599120869800082
2017-05-08,8. Risk Parity,0.0
2017-05-09,8. Risk Parity,0.0
2017-05-10,8. Risk Parity,0.0
2017-05-11,8. Risk Parity,-0.00046783061723230257
2017-05-12,8. Risk Parity,0.0
2017-05-15,8. Risk Parity,0.0
2017-05-16,8. Risk Parity,-4.3145038444033595e-05
2017-05-17,8. Risk Parity,-0.019444296808030753
2017-05-18,8. Risk Parity,-0.0117808488690564
2017-05-19,8. Risk Parity,-0.006086272883571476
2017-05-22,8. Risk Parity,-0.0028333334033070704
2017-05-23,8. Risk Parity,-0.0026304786816501637
2017-05-24,8. Risk Parity,0.0
2017-05-25,8. Risk Parity,0.0
2017-05-26,8. Risk Parity,0.0
2017-05-30,8. Risk Parity,0.0
2017-05-31,8. Risk Parity,0.0
2017-06-01,8. Risk Parity,0.0
2017-06-02,8. Risk Parity,0.0
2017-06-05,8. Risk Parity,0.0
2017-06-06,8. Risk Parity,-0.002117070842599335
2017-06-07,8. Risk Parity,0.0
2017-06-08,8. Risk Parity,0.0
2017-06-09,8. Risk Parity,-0.008684248454891977
2017-06-12,8. Risk Parity,-0.01277402779742359
2017-06-13,8. Risk Parity,-0.005750886253007735
2017-06-14,8. Risk Parity,-0.004144458276766033
2017-06-15,8. Risk Parity,-0.007570122489893439
2017-06-16,8. Risk Parity,-0.009525418525236085
2017-06-19,8. Risk Parity,-0.0013409309974454252
2017-06-20,8. Risk Parity,-0.004229284097091646
2017-06-21,8. Risk Parity,-0.0006272591269495689
2017-06-22,8. Risk Parity,-0.0019347371497032931
2017-06-23,8. Risk Parity,-0.0006410965033785972
2017-06-26,8. Risk Parity,-0.0032405970177446296
2017-06-27,8. Risk Parity,-0.01402906888395234
2017-06-28,8. Risk Parity,-0.003838711146849044
2017-06-29,8. Risk Parity,-0.016800051703578046
2017-06-30,8. Risk Parity,-0.017753642139793697
2017-07-03,8. Risk Parity,-0.020658329777440306
2017-07-05,8. Risk Parity,-0.021110042611962258
2017-07-06,8. Risk Parity,-0.030600271787434078
2017-07-07,8. Risk Parity,-0.023793924186876397
2017-07-10,8. Risk Parity,-0.02119975403778432
2017-07-11,8. Risk Parity,-0.018273386165046767
2017-07-12,8. Risk Parity,-0.009281079662353343
2017-07-13,8. Risk Parity,-0.008561764930406009
2017-07-14,8. Risk Parity,-0.0013013951969515643
2017-07-17,8. Risk Parity,-0.0025539692358543978
2017-07-18,8. Risk Parity,0.0
2017-07-19,8. Risk Parity,0.0
2017-07-20,8. Risk Parity,0.0
2017-07-21,8. Risk Parity,0.0
2017-07-24,8. Risk Parity,0.0
2017-07-25,8. Risk Parity,0.0
2017-07-26,8. Risk Parity,0.0
2017-07-27,8. Risk Parity,-0.0022734579836452768
2017-07-28,8. Risk Parity,-0.0027657685359215823
2017-07-31,8. Risk Parity,-0.006607563971645702
2017-08-01,8. Risk Parity,-0.0029717184861236174
2017-08-02,8. Risk Parity,-0.0005637961812560891
2017-08-03,8. Risk Parity,0.0
2017-08-04,8. Risk Parity,0.0
2017-08-07,8. Risk Parity,0.0
2017-08-08,8. Risk Parity,0.0
2017-08-09,8. Risk Parity,-0.0010256870713288844
2017-08-10,8. Risk Parity,-0.01615367988343222
2017-08-11,8. Risk Parity,-0.01649991540322537
2017-08-14,8. Risk Parity,-0.005830142544954388
2017-08-15,8. Risk Parity,-0.006214700164364446
2017-08-16,8. Risk Parity,-0.005031139800217029
2017-08-17,8. Risk Parity,-0.01988253152215329
2017-08-18,8. Risk Parity,-0.022172751717642845
2017-08-21,8. Risk Parity,-0.022661351315811023
2017-08-22,8. Risk Parity,-0.01282253949329902
2017-08-23,8. Risk Parity,-0.013885291084513654
2017-08-24,8. Risk Parity,-0.017421316943779717
2017-08-25,8. Risk Parity,-0.018277311899138966
2017-08-28,8. Risk Parity,-0.01714017905126652
2017-08-29,8. Risk Parity,-0.015072285075525072
2017-08-30,8. Risk Parity,-0.011675687449726206
2017-08-31,8. Risk Parity,-0.007388064368605219
2017-09-01,8. Risk Parity,-0.00644056606790801
2017-09-05,8. Risk Parity,-0.01126096035849133
2017-09-06,8. Risk Parity,-0.0070488153586052045
2017-09-07,8. Risk Parity,-0.003749860305023115
2017-09-08,8. Risk Parity,-0.009973911627989373
2017-09-11,8. Risk Parity,0.0
2017-09-12,8. Risk Parity,0.0
2017-09-13,8. Risk Parity,0.0
2017-09-14,8. Risk Parity,-9.739700895281583e-05
2017-09-15,8. Risk Parity,0.0
2017-09-18,8. Risk Parity,0.0
2017-09-19,8. Risk Parity,0.0
2017-09-20,8. Risk Parity,-9.71824569446458e-05
2017-09-21,8. Risk Parity,-0.00699564251417667
2017-09-22,8. Risk Parity,-0.011828457274698473
2017-09-25,8. Risk Parity,-0.022557516985185117
2017-09-26,8. Risk Parity,-0.021900212640637705
2017-09-27,8. Risk Parity,-0.01858848443733355
2017-09-28,8. Risk Parity,-0.017484443080389853
2017-09-29,8. Risk Parity,-0.01358160566348581
2017-10-02,8. Risk Parity,-0.011657228133138629
2017-10-03,8. Risk Parity,-0.005912481174705323
2017-10-04,8. Risk Parity,-0.004141333678877413
2017-10-05,8. Risk Parity,0.0
2017-10-06,8. Risk Parity,0.0
2017-10-09,8. Risk Parity,0.0
2017-10-10,8. Risk Parity,0.0
2017-10-11,8. Risk Parity,0.0
2017-10-12,8. Risk Parity,-0.0004415495304407057
2017-10-13,8. Risk Parity,0.0
2017-10-16,8. Risk Parity,0.0
2017-10-17,8. Risk Parity,0.0
2017-10-18,8. Risk Parity,-0.0010436972866167654
2017-10-19,8. Risk Parity,-0.0037012440048101915
2017-10-20,8. Risk Parity,-0.0037125127276217648
2017-10-23,8. Risk Parity,-0.006575526734749218
2017-10-24,8. Risk Parity,-0.004710375860897717
2017-10-25,8. Risk Parity,-0.008139907451332348
2017-10-26,8. Risk Parity,-0.005437233446177983
2017-10-27,8. Risk Parity,0.0
2017-10-30,8. Risk Parity,-0.0023506968771663346
2017-10-31,8. Risk Parity,-0.0007492076421231627
2017-11-01,8. Risk Parity,0.0
2017-11-02,8. Risk Parity,-0.0035258469568150543
2017-11-03,8. Risk Parity,0.0
2017-11-06,8. Risk Parity,-0.00040779411632642034
2017-11-07,8. Risk Parity,0.0
2017-11-08,8. Risk Parity,0.0
2017-11-09,8. Risk Parity,-0.003252740267600635
2017-11-10,8. Risk Parity,-0.00045822319167628954
2017-11-13,8. Risk Parity,0.0
2017-11-14,8. Risk Parity,-0.0002474513071182054
2017-11-15,8. Risk Parity,-0.00760897060636233
2017-11-16,8. Risk Parity,0.0
2017-11-17,8. Risk Parity,-0.007547675326779398
2017-11-20,8. Risk Parity,-0.006923281557096415
2017-11-21,8. Risk Parity,0.0
2017-11-22,8. Risk Parity,-0.0023223520071787157
2017-11-24,8. Risk Parity,0.0
2017-11-27,8. Risk Parity,0.0
2017-11-28,8. Risk Parity,0.0
2017-11-29,8. Risk Parity,-0.012681659603837376
2017-11-30,8. Risk Parity,-0.006049601221863172
2017-12-01,8. Risk Parity,-0.008344204621415581
2017-12-04,8. Risk Parity,-0.014305426405671059
2017-12-05,8. Risk Parity,-0.014491117782470149
2017-12-06,8. Risk Parity,-0.01128686967508878
2017-12-07,8. Risk Parity,-0.010266474757019046
2017-12-08,8. Risk Parity,-0.006972904185852731
2017-12-11,8. Risk Parity,-0.0006743712635068523
2017-12-12,8. Risk Parity,0.0
2017-12-13,8. Risk Parity,0.0
2017-12-14,8. Risk Parity,-0.00032094348049836746
2017-12-15,8. Risk Parity,0.0
2017-12-18,8. Risk Parity,0.0
2017-12-19,8. Risk Parity,-0.0037261326145759345
2017-12-20,8. Risk Parity,-0.006380473053191539
2017-12-21,8. Risk Parity,-0.0064977579837569265
2017-12-22,8. Risk Parity,-0.008011056497588868
2017-12-26,8. Risk Parity,-0.008565705976909548
2017-12-27,8. Risk Parity,-0.008581553296628606
2017-12-28,8. Risk Parity,-0.006265640242422027
2017-12-29,8. Risk Parity,-0.011969060013524923
2018-01-02,8. Risk Parity,-0.001940304318113898
2018-01-03,8. Risk Parity,0.0
2018-01-04,8. Risk Parity,0.0
2018-01-05,8. Risk Parity,0.0
2018-01-08,8. Risk Parity,0.0
2018-01-09,8. Risk Parity,-0.00045182409851659807
2018-01-10,8. Risk Parity,-0.0008800895676472022
2018-01-11,8. Risk Parity,0.0
2018-01-12,8. Risk Parity,0.0
2018-01-16,8. Risk Parity,-0.0007814684560669297
2018-01-17,8. Risk Parity,0.0
2018-01-18,8. Risk Parity,0.0
2018-01-19,8. Risk Parity,0.0
2018-01-22,8. Risk Parity,0.0
2018-01-23,8. Risk Parity,0.0
2018-01-24,8. Risk Parity,-0.00012528902142406326
2018-01-25,8. Risk Parity,0.0
2018-01-26,8. Risk Parity,0.0
2018-01-29,8. Risk Parity,-0.0019004040125562432
2018-01-30,8. Risk Parity,-0.01220976301670451
2018-01-31,8. Risk Parity,-0.01260398312833133
2018-02-01,8. Risk Parity,-0.010337311044058153
2018-02-02,8. Risk Parity,-0.030935543388901678
2018-02-05,8. Risk Parity,-0.07434705141068858
2018-02-06,8. Risk Parity,-0.05765149159265146
2018-02-07,8. Risk Parity,-0.06281158496652837
2018-02-08,8. Risk Parity,-0.09869235264568198
2018-02-09,8. Risk Parity,-0.08784739683374458
2018-02-12,8. Risk Parity,-0.0757929309749741
2018-02-13,8. Risk Parity,-0.07159302013798094
2018-02-14,8. Risk Parity,-0.06342731919330268
2018-02-15,8. Risk Parity,-0.050790967796065546
2018-02-16,8. Risk Parity,-0.04746101161218082
2018-02-20,8. Risk Parity,-0.058459415509252294
2018-02-21,8. Risk Parity,-0.06704198567702878
2018-02-22,8. Risk Parity,-0.06265517222329939
2018-02-23,8. Risk Parity,-0.04844066158180764
2018-02-26,8. Risk Parity,-0.03810360390585109
2018-02-27,8. Risk Parity,-0.051479633261506744
2018-02-28,8. Risk Parity,-0.06354633909866281
2018-03-01,8. Risk Parity,-0.07467328601537807
2018-03-02,8. Risk Parity,-0.06875576614673287
2018-03-05,8. Risk Parity,-0.0591325620746407
2018-03-06,8. Risk Parity,-0.05942216332558673
2018-03-07,8. Risk Parity,-0.0625274145240288
2018-03-08,8. Risk Parity,-0.05708766306710398
2018-03-09,8. Risk Parity,-0.04374488221003764
2018-03-12,8. Risk Parity,-0.04460639750829841
2018-03-13,8. Risk Parity,-0.050625899680369985
2018-03-14,8. Risk Parity,-0.05774380715356646
2018-03-15,8. Risk Parity,-0.05676338237823276
2018-03-16,8. Risk Parity,-0.05486871290792896
2018-03-19,8. Risk Parity,-0.06944787561096821
2018-03-20,8. Risk Parity,-0.06734660611819308
2018-03-21,8. Risk Parity,-0.06963349187429982
2018-03-22,8. Risk Parity,-0.08896057177540048
2018-03-23,8. Risk Parity,-0.10798974962949175
2018-03-26,8. Risk Parity,-0.08590369677180065
2018-03-27,8. Risk Parity,-0.10164487167138463
2018-03-28,8. Risk Parity,-0.104778999215461
2018-03-29,8. Risk Parity,-0.09010081528017426
2018-04-02,8. Risk Parity,-0.11222774246499305
2018-04-03,8. Risk Parity,-0.0989887918002543
2018-04-04,8. Risk Parity,-0.08681441632295732
2018-04-05,8. Risk Parity,-0.07960294128023349
2018-04-06,8. Risk Parity,-0.09696332084661974
2018-04-09,8. Risk Parity,-0.0957321619664534
2018-04-10,8. Risk Parity,-0.08113437193852123
2018-04-11,8. Risk Parity,-0.0852914539785808
2018-04-12,8. Risk Parity,-0.0801381343325714
2018-04-13,8. Risk Parity,-0.07991555457387588
2018-04-16,8. Risk Parity,-0.07620705936437007
2018-04-17,8. Risk Parity,-0.06672376575209021
2018-04-18,8. Risk Parity,-0.06778493782408454
2018-04-19,8. Risk Parity,-0.07101294573643886
2018-04-20,8. Risk Parity,-0.07971078261360066
2018-04-23,8. Risk Parity,-0.0817182315112589
2018-04-24,8. Risk Parity,-0.09421135586221499
2018-04-25,8. Risk Parity,-0.09479962270616504
2018-04-26,8. Risk Parity,-0.07925908177052432
2018-04-27,8. Risk Parity,-0.08006957615025129
2018-04-30,8. Risk Parity,-0.0824654034398913
2018-05-01,8. Risk Parity,-0.0841303867596225
2018-05-02,8. Risk Parity,-0.08848929133177222
2018-05-03,8. Risk Parity,-0.09172057445378341
2018-05-04,8. Risk Parity,-0.07944322249653928
2018-05-07,8. Risk Parity,-0.07590473375539428
2018-05-08,8. Risk Parity,-0.07566894182251044
2018-05-09,8. Risk Parity,-0.06886556902131584
2018-05-10,8. Risk Parity,-0.06056902867413618
2018-05-11,8. Risk Parity,-0.05849631864548433
2018-05-14,8. Risk Parity,-0.05800232644220056
2018-05-15,8. Risk Parity,-0.0644923675889928
2018-05-16,8. Risk Parity,-0.0617590473745349
2018-05-17,8. Risk Parity,-0.0638592993794372
2018-05-18,8. Risk Parity,-0.06808559186548489
2018-05-21,8. Risk Parity,-0.06096181317923552
2018-05-22,8. Risk Parity,-0.0645568583584872
2018-05-23,8. Risk Parity,-0.06021768895096773
2018-05-24,8. Risk Parity,-0.06456265004219998
2018-05-25,8. Risk Parity,-0.06635345095910493
2018-05-29,8. Risk Parity,-0.07378145012022683
2018-05-30,8. Risk Parity,-0.06151162810691748
2018-05-31,8. Risk Parity,-0.06668256576391728
2018-06-01,8. Risk Parity,-0.057095631221680675
2018-06-04,8. Risk Parity,-0.048545189117271646
2018-06-05,8. Risk Parity,-0.04967107736782018
2018-06-06,8. Risk Parity,-0.03932349122312858
2018-06-07,8. Risk Parity,-0.039469085456037376
2018-06-08,8. Risk Parity,-0.03378204521451944
2018-06-11,8. Risk Parity,-0.033353221441849754
2018-06-12,8. Risk Parity,-0.03096117356569244
2018-06-13,8. Risk Parity,-0.031696625953082036
2018-06-14,8. Risk Parity,-0.02911213413328457
2018-06-15,8. Risk Parity,-0.028247459088171913
2018-06-18,8. Risk Parity,-0.03028965123725829
2018-06-19,8. Risk Parity,-0.03194412999215909
2018-06-20,8. Risk Parity,-0.02862107080558392
2018-06-21,8. Risk Parity,-0.03314128312501747
2018-06-22,8. Risk Parity,-0.03256954166683509
2018-06-25,8. Risk Parity,-0.04491633489807435
2018-06-26,8. Risk Parity,-0.040489178860400155
2018-06-27,8. Risk Parity,-0.04685632673938555
2018-06-28,8. Risk Parity,-0.03919676028279816
2018-06-29,8. Risk Parity,-0.04070187509154843
2018-07-02,8. Risk Parity,-0.03910687673715311
2018-07-03,8. Risk Parity,-0.045922931024112316
2018-07-05,8. Risk Parity,-0.03489276800297318
2018-07-06,8. Risk Parity,-0.030081731326159614
2018-07-09,8. Risk Parity,-0.022613893373968706
2018-07-10,8. Risk Parity,-0.016037584694877413
2018-07-11,8. Risk Parity,-0.018317734280366055
2018-07-12,8. Risk Parity,-0.011674491839375153
2018-07-13,8. Risk Parity,-0.010956720253112924
2018-07-16,8. Risk Parity,-0.010584006638391067
2018-07-17,8. Risk Parity,-0.0025388450569936902
2018-07-18,8. Risk Parity,-0.00348489883576497
2018-07-19,8. Risk Parity,-0.009142406286941167
2018-07-20,8. Risk Parity,-0.008118043151338832
2018-07-23,8. Risk Parity,-0.007798095408947712
2018-07-24,8. Risk Parity,-0.0004284940095355516
2018-07-25,8. Risk Parity,0.0
2018-07-26,8. Risk Parity,-0.006564255077123708
2018-07-27,8. Risk Parity,-0.013079305907490927
2018-07-30,8. Risk Parity,-0.020364526738721914
2018-07-31,8. Risk Parity,-0.015384373230962976
2018-08-01,8. Risk Parity,-0.012826297228538166
2018-08-02,8. Risk Parity,-0.0059429587443946335
2018-08-03,8. Risk Parity,-0.0003398774013919594
2018-08-06,8. Risk Parity,0.0
2018-08-07,8. Risk Parity,0.0
2018-08-08,8. Risk Parity,-0.0010941142510805788
2018-08-09,8. Risk Parity,-0.004428795364779009
2018-08-10,8. Risk Parity,-0.00997150449727564
2018-08-13,8. Risk Parity,-0.01446415755176872
2018-08-14,8. Risk Parity,-0.012384313936777303
2018-08-15,8. Risk Parity,-0.01671138775939666
2018-08-16,8. Risk Parity,-0.007589642594592023
2018-08-17,8. Risk Parity,-0.007597763039166951
2018-08-20,8. Risk Parity,-0.005014562191772407
2018-08-21,8. Risk Parity,-0.004491915977311827
2018-08-22,8. Risk Parity,-0.0034100467161656866
2018-08-23,8. Risk Parity,-0.004096359248780879
2018-08-24,8. Risk Parity,0.0
2018-08-27,8. Risk Parity,0.0
2018-08-28,8. Risk Parity,-0.0005821593937324792
2018-08-29,8. Risk Parity,0.0
2018-08-30,8. Risk Parity,-0.002139036956085798
2018-08-31,8. Risk Parity,-0.003676499948238581
2018-09-04,8. Risk Parity,-0.004652107022367621
2018-09-05,8. Risk Parity,-0.009242848298923545
2018-09-06,8. Risk Parity,-0.010787920320739771
2018-09-07,8. Risk Parity,-0.011913466293935039
2018-09-10,8. Risk Parity,-0.0077737055189557825
2018-09-11,8. Risk Parity,-0.0014330565068632875
2018-09-12,8. Risk Parity,-0.00044893888400579426
2018-09-13,8. Risk Parity,0.0
2018-09-14,8. Risk Parity,-1.6590390329604246e-05
2018-09-17,8. Risk Parity,-0.0037589449649141045
2018-09-18,8. Risk Parity,0.0
2018-09-19,8. Risk Parity,0.0
2018-09-20,8. Risk Parity,0.0
2018-09-21,8. Risk Parity,-0.001188122641848775
2018-09-24,8. Risk Parity,-0.003051897825122633
2018-09-25,8. Risk Parity,-0.004159938769249344
2018-09-26,8. Risk Parity,-0.004025707765753358
2018-09-27,8. Risk Parity,-0.001096723192776688
2018-09-28,8. Risk Parity,-0.004375388740424559
2018-10-01,8. Risk Parity,0.0
2018-10-02,8. Risk Parity,-0.00019697184696103922
2018-10-03,8. Risk Parity,-0.0030372791629349623
2018-10-04,8. Risk Parity,-0.014720697291361095
2018-10-05,8. Risk Parity,-0.022683255550270676
2018-10-08,8. Risk Parity,-0.022091665553168934
2018-10-09,8. Risk Parity,-0.01893543286802692
2018-10-10,8. Risk Parity,-0.04878840431264765
2018-10-11,8. Risk Parity,-0.06928926979198295
2018-10-12,8. Risk Parity,-0.05407957639945757
2018-10-15,8. Risk Parity,-0.06074250060154917
2018-10-16,8. Risk Parity,-0.039879997811401086
2018-10-17,8. Risk Parity,-0.03525228665764409
2018-10-18,8. Risk Parity,-0.05008027608642668
2018-10-19,8. Risk Parity,-0.040236378043926754
2018-10-22,8. Risk Parity,-0.0432248515195937
2018-10-23,8. Risk Parity,-0.04353665748872162
2018-10-24,8. Risk Parity,-0.06737351426653786
2018-10-25,8. Risk Parity,-0.04739160011556147
2018-10-26,8. Risk Parity,-0.0643857536881882
2018-10-29,8. Risk Parity,-0.07057806409639268
2018-10-30,8. Risk Parity,-0.05946386346362506
2018-10-31,8. Risk Parity,-0.04672955959102443
2018-11-01,8. Risk Parity,-0.03627040192929192
2018-11-02,8. Risk Parity,-0.04100675985633786
2018-11-05,8. Risk Parity,-0.03668056001583312
2018-11-06,8. Risk Parity,-0.0329616147870221
2018-11-07,8. Risk Parity,-0.01376886727019148
2018-11-08,8. Risk Parity,-0.01710005893191604
2018-11-09,8. Risk Parity,-0.02069459391102255
2018-11-12,8. Risk Parity,-0.037756599063492186
2018-11-13,8. Risk Parity,-0.03951470169872967
2018-11-14,8. Risk Parity,-0.04547107737373186
2018-11-15,8. Risk Parity,-0.03916038083741357
2018-11-16,8. Risk Parity,-0.042125184989777104
2018-11-19,8. Risk Parity,-0.05460978752771037
2018-11-20,8. Risk Parity,-0.07199919433751578
2018-11-21,8. Risk Parity,-0.07547294271274117
2018-11-23,8. Risk Parity,-0.0816866943587716
2018-11-26,8. Risk Parity,-0.06871150489309003
2018-11-27,8. Risk Parity,-0.06213400596850424
2018-11-28,8. Risk Parity,-0.040441941159735185
2018-11-29,8. Risk Parity,-0.04450262949064664
2018-11-30,8. Risk Parity,-0.03208032856730643
2018-12-03,8. Risk Parity,-0.024955300180049114
2018-12-04,8. Risk Parity,-0.049522525472214654
2018-12-06,8. Risk Parity,-0.04840327312192275
2018-12-07,8. Risk Parity,-0.0678534281938104
2018-12-10,8. Risk Parity,-0.06450069844904627
2018-12-11,8. Risk Parity,-0.06361539812612936
2018-12-12,8. Risk Parity,-0.060632356826640615
2018-12-13,8. Risk Parity,-0.05453850916873355
2018-12-14,8. Risk Parity,-0.07392936031473606
2018-12-17,8. Risk Parity,-0.0956508903059997
2018-12-18,8. Risk Parity,-0.09490263090071863
2018-12-19,8. Risk Parity,-0.10833219470759668
2018-12-20,8. Risk Parity,-0.12179537627936797
2018-12-21,8. Risk Parity,-0.13724140891451858
2018-12-24,8. Risk Parity,-0.163430280253708
2018-12-26,8. Risk Parity,-0.12059332678879504
2018-12-27,8. Risk Parity,-0.11300206031376327
2018-12-28,8. Risk Parity,-0.11424121856258511
2018-12-31,8. Risk Parity,-0.10579515673541172
2019-01-02,8. Risk Parity,-0.10579477905870287
2019-01-03,8. Risk Parity,-0.1258767116421549
2019-01-04,8. Risk Parity,-0.09704971576234679
2019-01-07,8. Risk Parity,-0.09132474841002472
2019-01-08,8. Risk Parity,-0.08357054575918543
2019-01-09,8. Risk Parity,-0.08335271816066132
2019-01-10,8. Risk Parity,-0.08261356542413387
2019-01-11,8. Risk Parity,-0.08097854493215784
2019-01-14,8. Risk Parity,-0.08596903518348863
2019-01-15,8. Risk Parity,-0.07600629742082204
2019-01-16,8. Risk Parity,-0.07732485514619027
2019-01-17,8. Risk Parity,-0.07416222989973342
2019-01-18,8. Risk Parity,-0.0691563417359262
2019-01-22,8. Risk Parity,-0.08047579586027871
2019-01-23,8. Risk Parity,-0.07625189899120743
2019-01-24,8. Risk Parity,-0.07920774209364931
2019-01-25,8. Risk Parity,-0.07393945575492177
2019-01-28,8. Risk Parity,-0.08208586861606569
2019-01-29,8. Risk Parity,-0.0831615261003149
2019-01-30,8. Risk Parity,-0.06894785948620082
2019-01-31,8. Risk Parity,-0.05781993879098919
2019-02-01,8. Risk Parity,-0.053120519698807926
2019-02-04,8. Risk Parity,-0.04624158181017994
2019-02-05,8. Risk Parity,-0.042363200803036676
2019-02-06,8. Risk Parity,-0.04556351633387182
2019-02-07,8. Risk Parity,-0.053752855715272406
2019-02-08,8. Risk Parity,-0.05262012611000091
2019-02-11,8. Risk Parity,-0.05439104604798202
2019-02-12,8. Risk Parity,-0.04444681754372694
2019-02-13,8. Risk Parity,-0.041689945631198454
2019-02-14,8. Risk Parity,-0.05227430230867654
2019-02-15,8. Risk Parity,-0.04415545263225427
2019-02-19,8. Risk Parity,-0.041392581467893326
2019-02-20,8. Risk Parity,-0.04261526239113903
2019-02-21,8. Risk Parity,-0.04366175391643521
2019-02-22,8. Risk Parity,-0.037586771579267424
2019-02-25,8. Risk Parity,-0.03899705459997713
2019-02-26,8. Risk Parity,-0.03961918233206825
2019-02-27,8. Risk Parity,-0.04050924611106422
2019-02-28,8. Risk Parity,-0.03936900012544593
2019-03-01,8. Risk Parity,-0.03598106226030702
2019-03-04,8. Risk Parity,-0.0359077902088495
2019-03-05,8. Risk Parity,-0.0355160134059798
2019-03-06,8. Risk Parity,-0.03888160712558791
2019-03-07,8. Risk Parity,-0.04634721929966368
2019-03-08,8. Risk Parity,-0.049143060644585
2019-03-11,8. Risk Parity,-0.03288989674586318
2019-03-12,8. Risk Parity,-0.03040870443718075
2019-03-13,8. Risk Parity,-0.025359159196597498
2019-03-14,8. Risk Parity,-0.028147417908514483
2019-03-15,8. Risk Parity,-0.02570515632535474
2019-03-18,8. Risk Parity,-0.025230152923693037
2019-03-19,8. Risk Parity,-0.02443739686212702
2019-03-20,8. Risk Parity,-0.023556708833920276
2019-03-21,8. Risk Parity,-0.01645078841143984
2019-03-22,8. Risk Parity,-0.03043887194987809
2019-03-25,8. Risk Parity,-0.031161409966036745
2019-03-26,8. Risk Parity,-0.022443861767568227
2019-03-27,8. Risk Parity,-0.026155411700423244
2019-03-28,8. Risk Parity,-0.022516182712686753
2019-03-29,8. Risk Parity,-0.017110953916198275
2019-04-01,8. Risk Parity,-0.007575797672399452
2019-04-02,8. Risk Parity,-0.0074471834212354055
2019-04-03,8. Risk Parity,-0.005589846918196319
2019-04-04,8. Risk Parity,-0.0045592862132924905
2019-04-05,8. Risk Parity,-0.0013713097021367418
2019-04-08,8. Risk Parity,0.0
2019-04-09,8. Risk Parity,-0.0025711802091137456
2019-04-10,8. Risk Parity,-0.0007017617268868252
2019-04-11,8. Risk Parity,-0.0008526439505906072
2019-04-12,8. Risk Parity,0.0
2019-04-15,8. Risk Parity,0.0
2019-04-16,8. Risk Parity,0.0
2019-04-17,8. Risk Parity,0.0
2019-04-18,8. Risk Parity,-3.125171939600467e-05
2019-04-22,8. Risk Parity,0.0
2019-04-23,8. Risk Parity,0.0
2019-04-24,8. Risk Parity,-0.00209565284616908
2019-04-25,8. Risk Parity,0.0
2019-04-26,8. Risk Parity,0.0
2019-04-29,8. Risk Parity,-9.782410575385139e-05
2019-04-30,8. Risk Parity,0.0
2019-05-01,8. Risk Parity,-0.007664438667937024
2019-05-02,8. Risk Parity,-0.010239763766340898
2019-05-03,8. Risk Parity,-0.0017802031939200915
2019-05-06,8. Risk Parity,-0.004553450186419795
2019-05-07,8. Risk Parity,-0.019716772346484834
2019-05-08,8. Risk Parity,-0.019941189179761072
2019-05-09,8. Risk Parity,-0.026089485141354365
2019-05-10,8. Risk Parity,-0.021323054068068312
2019-05-13,8. Risk Parity,-0.041040964691804176
2019-05-14,8. Risk Parity,-0.034436335057682683
2019-05-15,8. Risk Parity,-0.025262104929384997
2019-05-16,8. Risk Parity,-0.015901467801784964
2019-05-17,8. Risk Parity,-0.022682204289805087
2019-05-20,8. Risk Parity,-0.028294674704309047
2019-05-21,8. Risk Parity,-0.026422627480219035
2019-05-22,8. Risk Parity,-0.02473915550069094
2019-05-23,8. Risk Parity,-0.032544689641999684
2019-05-24,8. Risk Parity,-0.031372308956227335
2019-05-28,8. Risk Parity,-0.037051600399473784
2019-05-29,8. Risk Parity,-0.045893619176908484
2019-05-30,8. Risk Parity,-0.04244440669145202
2019-05-31,8. Risk Parity,-0.05415801313491036
2019-06-03,8. Risk Parity,-0.06002519017798445
2019-06-04,8. Risk Parity,-0.04128032592899037
2019-06-05,8. Risk Parity,-0.03127392381378543
2019-06-06,8. Risk Parity,-0.02227912923294761
2019-06-07,8. Risk Parity,-0.011863864931767897
2019-06-10,8. Risk Parity,-0.007208322048054046
2019-06-11,8. Risk Parity,-0.0071529242124781164
2019-06-12,8. Risk Parity,-0.0068089297951357845
2019-06-13,8. Risk Parity,-0.002825277823254602
2019-06-14,8. Risk Parity,-0.0012610689741279725
2019-06-17,8. Risk Parity,0.0
2019-06-18,8. Risk Parity,0.0
2019-06-19,8. Risk Parity,0.0
2019-06-20,8. Risk Parity,0.0
2019-06-21,8. Risk Parity,-0.001378754322441627
2019-06-24,8. Risk Parity,-0.0006324319735274842
2019-06-25,8. Risk Parity,-0.009081280616998536
2019-06-26,8. Risk Parity,-0.011741758278854986
2019-06-27,8. Risk Parity,-0.01085520572356316
2019-06-28,8. Risk Parity,-0.007719931590356
2019-07-01,8. Risk Parity,0.0
2019-07-02,8. Risk Parity,0.0
2019-07-03,8. Risk Parity,0.0
2019-07-05,8. Risk Parity,-0.0032590469909889994
2019-07-08,8. Risk Parity,-0.005625138483994914
2019-07-09,8. Risk Parity,-0.0042243549773687775
2019-07-10,8. Risk Parity,0.0
2019-07-11,8. Risk Parity,0.0
2019-07-12,8. Risk Parity,0.0
2019-07-15,8. Risk Parity,0.0
2019-07-16,8. Risk Parity,-0.003927088904309141
2019-07-17,8. Risk Parity,-0.007795648730816327
2019-07-18,8. Risk Parity,-0.010779354364486297
2019-07-19,8. Risk Parity,-0.01860376986132838
2019-07-22,8. Risk Parity,-0.016081625474369796
2019-07-23,8. Risk Parity,-0.0066545565944775625
2019-07-24,8. Risk Parity,-0.004939279182632645
2019-07-25,8. Risk Parity,-0.009971807663046103
2019-07-26,8. Risk Parity,0.0
2019-07-29,8. Risk Parity,-0.0006849131919491383
2019-07-30,8. Risk Parity,-0.004484117435586062
2019-07-31,8. Risk Parity,-0.018115701208748853
2019-08-01,8. Risk Parity,-0.02747096336034065
2019-08-02,8. Risk Parity,-0.032367726004783576
2019-08-05,8. Risk Parity,-0.06127312006428652
2019-08-06,8. Risk Parity,-0.04804500527907068
2019-08-07,8. Risk Parity,-0.04871728380360268
2019-08-08,8. Risk Parity,-0.03078350628527446
2019-08-09,8. Risk Parity,-0.03831660232551371
2019-08-12,8. Risk Parity,-0.05052371927359247
2019-08-13,8. Risk Parity,-0.03854619865082565
2019-08-14,8. Risk Parity,-0.06458768017250907
2019-08-15,8. Risk Parity,-0.056090224851769406
2019-08-16,8. Risk Parity,-0.04376199435506882
2019-08-19,8. Risk Parity,-0.03242457931015876
2019-08-20,8. Risk Parity,-0.03945431222522658
2019-08-21,8. Risk Parity,-0.03309701687982272
2019-08-22,8. Risk Parity,-0.03242745470259321
2019-08-23,8. Risk Parity,-0.056350075795361824
2019-08-26,8. Risk Parity,-0.04389941846767204
2019-08-27,8. Risk Parity,-0.04405643037460746
2019-08-28,8. Risk Parity,-0.03752323077634115
2019-08-29,8. Risk Parity,-0.027605915996585156
2019-08-30,8. Risk Parity,-0.028214573512547775
2019-09-03,8. Risk Parity,-0.03109178055918444
2019-09-04,8. Risk Parity,-0.02141880268039861
2019-09-05,8. Risk Parity,-0.01202044367998524
2019-09-06,8. Risk Parity,-0.011907835055700712
2019-09-09,8. Risk Parity,-0.013440406801192224
2019-09-10,8. Risk Parity,-0.01819446760248061
2019-09-11,8. Risk Parity,-0.013147042089825587
2019-09-12,8. Risk Parity,-0.006625517887880377
2019-09-13,8. Risk Parity,-0.00799803480700574
2019-09-16,8. Risk Parity,-0.016072888387764214
2019-09-17,8. Risk Parity,-0.012922848750410373
2019-09-18,8. Risk Parity,-0.01212334503472087
2019-09-19,8. Risk Parity,-0.013349449935377925
2019-09-20,8. Risk Parity,-0.02066254221879874
2019-09-23,8. Risk Parity,-0.01911085694134904
2019-09-24,8. Risk Parity,-0.026248510690286615
2019-09-25,8. Risk Parity,-0.020725580005817583
2019-09-26,8. Risk Parity,-0.021786983888597976
2019-09-27,8. Risk Parity,-0.024749941696889464
2019-09-30,8. Risk Parity,-0.022821121413380295
2019-10-01,8. Risk Parity,-0.027328766823744115
2019-10-02,8. Risk Parity,-0.04451979209766248
2019-10-03,8. Risk Parity,-0.03776524890953482
2019-10-04,8. Risk Parity,-0.022967652897103993
2019-10-07,8. Risk Parity,-0.027729000325278877
2019-10-08,8. Risk Parity,-0.03948227941783667
2019-10-09,8. Risk Parity,-0.03182700857172666
2019-10-10,8. Risk Parity,-0.027058724713712422
2019-10-11,8. Risk Parity,-0.02004736611956979
2019-10-14,8. Risk Parity,-0.02045546839609054
2019-10-15,8. Risk Parity,-0.014676224424122999
2019-10-16,8. Risk Parity,-0.013909610739540893
2019-10-17,8. Risk Parity,-0.011044006746214127
2019-10-18,8. Risk Parity,-0.01874948002561111
2019-10-21,8. Risk Parity,-0.012875742111077813
2019-10-22,8. Risk Parity,-0.015488518380730013
2019-10-23,8. Risk Parity,-0.010790048848165909
2019-10-24,8. Risk Parity,-0.005135687096808772
2019-10-25,8. Risk Parity,-0.001978505146507219
2019-10-28,8. Risk Parity,0.0
2019-10-29,8. Risk Parity,-0.00553417657658858
2019-10-30,8. Risk Parity,0.0
2019-10-31,8. Risk Parity,-0.0008332757040422327
2019-11-01,8. Risk Parity,0.0
2019-11-04,8. Risk Parity,-0.0035256364341603175
2019-11-05,8. Risk Parity,-0.008096221401215926
2019-11-06,8. Risk Parity,-0.005922238594246527
2019-11-07,8. Risk Parity,-0.0035078144959167657
2019-11-08,8. Risk Parity,-0.00027808283453339364
2019-11-11,8. Risk Parity,-0.0028053374081408906
2019-11-12,8. Risk Parity,-0.001565942355214614
2019-11-13,8. Risk Parity,0.0
2019-11-14,8. Risk Parity,0.0
2019-11-15,8. Risk Parity,0.0
2019-11-18,8. Risk Parity,0.0
2019-11-19,8. Risk Parity,-0.0014712947796824336
2019-11-20,8. Risk Parity,-0.005457812906495961
2019-11-21,8. Risk Parity,-0.0059838083688396266
2019-11-22,8. Risk Parity,-0.00514589813841125
2019-11-25,8. Risk Parity,0.0
2019-11-26,8. Risk Parity,0.0
2019-11-27,8. Risk Parity,0.0
2019-11-29,8. Risk Parity,-0.0033289917198248715
2019-12-02,8. Risk Parity,-0.00783650681869799
2019-12-03,8. Risk Parity,-0.012981728248274928
2019-12-04,8. Risk Parity,-0.007573439070929534
2019-12-05,8. Risk Parity,-0.007314858891985755
2019-12-06,8. Risk Parity,-0.00032704741615094374
2019-12-09,8. Risk Parity,-0.0017959503609767077
2019-12-10,8. Risk Parity,-0.0039743463966448195
2019-12-11,8. Risk Parity,-0.00154515968838898
2019-12-12,8. Risk Parity,0.0
2019-12-13,8. Risk Parity,0.0
2019-12-16,8. Risk Parity,0.0
2019-12-17,8. Risk Parity,0.0
2019-12-18,8. Risk Parity,-0.0024191937071650037
2019-12-19,8. Risk Parity,0.0
2019-12-20,8. Risk Parity,0.0
2019-12-23,8. Risk Parity,-0.0011635801911728675
2019-12-24,8. Risk Parity,-0.0005088131967302573
2019-12-26,8. Risk Parity,0.0
2019-12-27,8. Risk Parity,0.0
2019-12-30,8. Risk Parity,-0.008667298177032318
2019-12-31,8. Risk Parity,-0.005432498643519129
2020-01-02,8. Risk Parity,0.0
2020-01-03,8. Risk Parity,-0.008253897221013369
2020-01-06,8. Risk Parity,-0.004588117185517684
2020-01-07,8. Risk Parity,-0.008085998278288823
2020-01-08,8. Risk Parity,-0.001094054730325944
2020-01-09,8. Risk Parity,0.0
2020-01-10,8. Risk Parity,-0.0009844458174345521
2020-01-13,8. Risk Parity,0.0
2020-01-14,8. Risk Parity,-0.00036828615207679116
2020-01-15,8. Risk Parity,0.0
2020-01-16,8. Risk Parity,0.0
2020-01-17,8. Risk Parity,0.0
2020-01-21,8. Risk Parity,0.0
2020-01-22,8. Risk Parity,0.0
2020-01-23,8. Risk Parity,0.0
2020-01-24,8. Risk Parity,-0.008003221691140209
2020-01-27,8. Risk Parity,-0.018973183308022713
2020-01-28,8. Risk Parity,-0.012809509079870322
2020-01-29,8. Risk Parity,-0.012287924381975105
2020-01-30,8. Risk Parity,-0.001730614640089687
2020-01-31,8. Risk Parity,-0.015664111793697727
2020-02-03,8. Risk Parity,0.0
2020-02-04,8. Risk Parity,0.0
2020-02-05,8. Risk Parity,-0.0024766225642448353
2020-02-06,8. Risk Parity,0.0
2020-02-07,8. Risk Parity,-0.0036386867687986926
2020-02-10,8. Risk Parity,0.0
2020-02-11,8. Risk Parity,-0.0032729138694049384
2020-02-12,8. Risk Parity,0.0
2020-02-13,8. Risk Parity,0.0
2020-02-14,8. Risk Parity,0.0
2020-02-18,8. Risk Parity,0.0
2020-02-19,8. Risk Parity,0.0
2020-02-20,8. Risk Parity,-0.00373039942194081
2020-02-21,8. Risk Parity,-0.012089524726820575
2020-02-24,8. Risk Parity,-0.04885994104049144
2020-02-25,8. Risk Parity,-0.07484322485655694
2020-02-26,8. Risk Parity,-0.07886930492869744
2020-02-27,8. Risk Parity,-0.12400323528974645
2020-02-28,8. Risk Parity,-0.13024293465758846
2020-03-02,8. Risk Parity,-0.08535481256018562
2020-03-03,8. Risk Parity,-0.10873673379332878
2020-03-04,8. Risk Parity,-0.07173610242795675
2020-03-05,8. Risk Parity,-0.10115875822244152
2020-03-06,8. Risk Parity,-0.11532604260408715
2020-03-09,8. Risk Parity,-0.1774438277834836
2020-03-10,8. Risk Parity,-0.13499317950905262
2020-03-11,8. Risk Parity,-0.17670276191307557
2020-03-12,8. Risk Parity,-0.25303725359350415
2020-03-13,8. Risk Parity,-0.1860832147342515
2020-03-16,8. Risk Parity,-0.2708930526557382
2020-03-17,8. Risk Parity,-0.23101358537577474
2020-03-18,8. Risk Parity,-0.26003849132452933
2020-03-19,8. Risk Parity,-0.26340841586863695
2020-03-20,8. Risk Parity,-0.30299884795492177
2020-03-23,8. Risk Parity,-0.31569799849616154
2020-03-24,8. Risk Parity,-0.2567036612138557
2020-03-25,8. Risk Parity,-0.25085129329518807
2020-03-26,8. Risk Parity,-0.21315332355594466
2020-03-27,8. Risk Parity,-0.23811670802418164
2020-03-30,8. Risk Parity,-0.2073920027921119
2020-03-31,8. Risk Parity,-0.2215363294561892
2020-04-01,8. Risk Parity,-0.24879716275467875
2020-04-02,8. Risk Parity,-0.2271911841387173
2020-04-03,8. Risk Parity,-0.2333116510321457
2020-04-06,8. Risk Parity,-0.18532902238385668
2020-04-07,8. Risk Parity,-0.1918735728901294
2020-04-08,8. Risk Parity,-0.17231921329183822
2020-04-09,8. Risk Parity,-0.16292543210746332
2020-04-13,8. Risk Parity,-0.16190646785270355
2020-04-14,8. Risk Parity,-0.13091773044664023
2020-04-15,8. Risk Parity,-0.14407335563707216
2020-04-16,8. Risk Parity,-0.1424259656419064
2020-04-17,8. Risk Parity,-0.12151515665680783
2020-04-20,8. Risk Parity,-0.14018713225575646
2020-04-21,8. Risk Parity,-0.16139670343475035
2020-04-22,8. Risk Parity,-0.14397449903810067
2020-04-23,8. Risk Parity,-0.14518129820897124
2020-04-24,8. Risk Parity,-0.13571014210187635
2020-04-27,8. Risk Parity,-0.12245729484955763
2020-04-28,8. Risk Parity,-0.13116009334656528
2020-04-29,8. Risk Parity,-0.10830233699849418
2020-04-30,8. Risk Parity,-0.11332017957619908
2020-05-01,8. Risk Parity,-0.13402239938303245
2020-05-04,8. Risk Parity,-0.12757362003841963
2020-05-05,8. Risk Parity,-0.12155504267167835
2020-05-06,8. Risk Parity,-0.12490971857144118
2020-05-07,8. Risk Parity,-0.11984298628868513
2020-05-08,8. Risk Parity,-0.10195501775351777
2020-05-11,8. Risk Parity,-0.10180750700589912
2020-05-12,8. Risk Parity,-0.11777956130947784
2020-05-13,8. Risk Parity,-0.12911063237083492
2020-05-14,8. Risk Parity,-0.11896745413098746
2020-05-15,8. Risk Parity,-0.11122348658390185
2020-05-18,8. Risk Parity,-0.08820297266876635
2020-05-19,8. Risk Parity,-0.09972992871754813
2020-05-20,8. Risk Parity,-0.08405060398953244
2020-05-21,8. Risk Parity,-0.09274651071130585
2020-05-22,8. Risk Parity,-0.09264880590099299
2020-05-26,8. Risk Parity,-0.08646522481254426
2020-05-27,8. Risk Parity,-0.08068583187688577
2020-05-28,8. Risk Parity,-0.08227935346363509
2020-05-29,8. Risk Parity,-0.07800802840733546
2020-06-01,8. Risk Parity,-0.07346967547528026
2020-06-02,8. Risk Parity,-0.06822753075991654
2020-06-03,8. Risk Parity,-0.060626303163424114
2020-06-04,8. Risk Parity,-0.06829822963420774
2020-06-05,8. Risk Parity,-0.048106243941937375
2020-06-08,8. Risk Parity,-0.03749964115366339
2020-06-09,8. Risk Parity,-0.038617159108159924
2020-06-10,8. Risk Parity,-0.03423387563850903
2020-06-11,8. Risk Parity,-0.08605371684734563
2020-06-12,8. Risk Parity,-0.08083031849382685
2020-06-15,8. Risk Parity,-0.07231329882916306
2020-06-16,8. Risk Parity,-0.05837149521063287
2020-06-17,8. Risk Parity,-0.05933851654707803
2020-06-18,8. Risk Parity,-0.057100173829359786
2020-06-19,8. Risk Parity,-0.06312808171268879
2020-06-22,8. Risk Parity,-0.056289850585013686
2020-06-23,8. Risk Parity,-0.051747119197049246
2020-06-24,8. Risk Parity,-0.07467356255692417
2020-06-25,8. Risk Parity,-0.06559845694442273
2020-06-26,8. Risk Parity,-0.09238295038339558
2020-06-29,8. Risk Parity,-0.07712698948061598
2020-06-30,8. Risk Parity,-0.06179289611621598
2020-07-01,8. Risk Parity,-0.05183235935596121
2020-07-02,8. Risk Parity,-0.044451000524586684
2020-07-06,8. Risk Parity,-0.021640990695247584
2020-07-07,8. Risk Parity,-0.024467760191569425
2020-07-08,8. Risk Parity,-0.01819467104979614
2020-07-09,8. Risk Parity,-0.018675372369592155
2020-07-10,8. Risk Parity,0.0
2020-07-13,8. Risk Parity,-0.010158870989639362
2020-07-14,8. Risk Parity,0.0
2020-07-15,8. Risk Parity,0.0
2020-07-16,8. Risk Parity,-0.007364426738795167
2020-07-17,8. Risk Parity,-0.007820013016643926
2020-07-20,8. Risk Parity,0.0
2020-07-21,8. Risk Parity,-0.003391151198865186
2020-07-22,8. Risk Parity,0.0
2020-07-23,8. Risk Parity,-0.01690420626973807
2020-07-24,8. Risk Parity,-0.025005764428894555
2020-07-27,8. Risk Parity,-0.0134640722266797
2020-07-28,8. Risk Parity,-0.019413219422971553
2020-07-29,8. Risk Parity,-0.012905380265860364
2020-07-30,8. Risk Parity,-0.013897619166985089
2020-07-31,8. Risk Parity,-0.00975637505330698
2020-08-03,8. Risk Parity,-0.0024906645021724135
2020-08-04,8. Risk Parity,0.0
2020-08-05,8. Risk Parity,0.0
2020-08-06,8. Risk Parity,0.0
2020-08-07,8. Risk Parity,-0.004071818808160247
2020-08-10,8. Risk Parity,-0.006237652103726023
2020-08-11,8. Risk Parity,-0.01431935476637209
2020-08-12,8. Risk Parity,0.0
2020-08-13,8. Risk Parity,0.0
2020-08-14,8. Risk Parity,0.0
2020-08-17,8. Risk Parity,0.0
2020-08-18,8. Risk Parity,0.0
2020-08-19,8. Risk Parity,-0.006193912097973382
2020-08-20,8. Risk Parity,0.0
2020-08-21,8. Risk Parity,0.0
2020-08-24,8. Risk Parity,0.0
2020-08-25,8. Risk Parity,0.0
2020-08-26,8. Risk Parity,0.0
2020-08-27,8. Risk Parity,0.0
2020-08-28,8. Risk Parity,0.0
2020-08-31,8. Risk Parity,-0.135162760842301
2020-09-01,8. Risk Parity,-0.13009174312236074
2020-09-02,8. Risk Parity,-0.11835128584751135
2020-09-03,8. Risk Parity,-0.14878420633796036
2020-09-04,8. Risk Parity,-0.15613655613656938
2020-09-08,8. Risk Parity,-0.17950858513026507
2020-09-09,8. Risk Parity,-0.16405701192789512
2020-09-10,8. Risk Parity,-0.17750284358899326
2020-09-11,8. Risk Parity,-0.17584737250284826
2020-09-14,8. Risk Parity,-0.16772223308801473
2020-09-15,8. Risk Parity,-0.1616035768420387
2020-09-16,8. Risk Parity,-0.16833502788723195
2020-09-17,8. Risk Parity,-0.17598870498910135
2020-09-18,8. Risk Parity,-0.1821027266188435
2020-09-21,8. Risk Parity,-0.19015712335364648
2020-09-22,8. Risk Parity,-0.181979711728962
2020-09-23,8. Risk Parity,-0.20372390110103575
2020-09-24,8. Risk Parity,-0.20010240784364808
2020-09-25,8. Risk Parity,-0.18994456571576235
2020-09-28,8. Risk Parity,-0.1792546881024273
2020-09-29,8. Risk Parity,-0.18234726781131186
2020-09-30,8. Risk Parity,-0.17430693641575745
2020-10-01,8. Risk Parity,-0.16837823132351587
2020-10-02,8. Risk Parity,-0.17967742318912797
2020-10-05,8. Risk Parity,-0.16796600181247837
2020-10-06,8. Risk Parity,-0.18008045081674628
2020-10-07,8. Risk Parity,-0.16773200578054373
2020-10-08,8. Risk Parity,-0.16126301912958388
2020-10-09,8. Risk Parity,-0.15198074562525765
2020-10-12,8. Risk Parity,-0.14072299365218063
2020-10-13,8. Risk Parity,-0.14185749851954446
2020-10-14,8. Risk Parity,-0.14930846726617986
2020-10-15,8. Risk Parity,-0.15223135799376764
2020-10-16,8. Risk Parity,-0.15231809241575114
2020-10-19,8. Risk Parity,-0.16666913138366096
2020-10-20,8. Risk Parity,-0.16242798726143023
2020-10-21,8. Risk Parity,-0.1633387902693437
2020-10-22,8. Risk Parity,-0.1611741798091693
2020-10-23,8. Risk Parity,-0.15744295637295935
2020-10-26,8. Risk Parity,-0.17228071644351795
2020-10-27,8. Risk Parity,-0.17035858783705954
2020-10-28,8. Risk Parity,-0.20366193700561155
2020-10-29,8. Risk Parity,-0.19463115083664106
2020-10-30,8. Risk Parity,-0.19494235739619464
2020-11-02,8. Risk Parity,-0.18647051976935047
2020-11-03,8. Risk Parity,-0.17368175624168783
2020-11-04,8. Risk Parity,-0.15722476941426738
2020-11-05,8. Risk Parity,-0.14326129663718293
2020-11-06,8. Risk Parity,-0.1421841073854649
2020-11-09,8. Risk Parity,-0.1272316992082808
2020-11-10,8. Risk Parity,-0.13067917460436645
2020-11-11,8. Risk Parity,-0.12528789633990378
2020-11-12,8. Risk Parity,-0.13356551465349897
2020-11-13,8. Risk Parity,-0.12458325943782854
2020-11-16,8. Risk Parity,-0.11787996479598471
2020-11-17,8. Risk Parity,-0.12303845297377332
2020-11-18,8. Risk Parity,-0.12892784782167066
2020-11-19,8. Risk Parity,-0.12558128536929683
2020-11-20,8. Risk Parity,-0.1328110018670305
2020-11-23,8. Risk Parity,-0.12639410382002592
2020-11-24,8. Risk Parity,-0.11001819684313441
2020-11-25,8. Risk Parity,-0.10931989811142669
2020-11-27,8. Risk Parity,-0.10726170456514461
2020-11-30,8. Risk Parity,-0.1119983341806595
2020-12-01,8. Risk Parity,-0.09925623302128048
2020-12-02,8. Risk Parity,-0.0949567034593108
2020-12-03,8. Risk Parity,-0.09852986056774944
2020-12-04,8. Risk Parity,-0.09253908442393116
2020-12-07,8. Risk Parity,-0.08951727777689869
2020-12-08,8. Risk Parity,-0.08428052913130464
2020-12-09,8. Risk Parity,-0.09560304794554053
2020-12-10,8. Risk Parity,-0.09492783844177703
2020-12-11,8. Risk Parity,-0.09089499973607204
2020-12-14,8. Risk Parity,-0.0956976611765491
2020-12-15,8. Risk Parity,-0.08921555092421671
2020-12-16,8. Risk Parity,-0.08912221453934381
2020-12-17,8. Risk Parity,-0.08240252700376255
2020-12-18,8. Risk Parity,-0.08240952151753823
2020-12-21,8. Risk Parity,-0.08711572729597848
2020-12-22,8. Risk Parity,-0.09354825468797127
2020-12-23,8. Risk Parity,-0.09211556134007268
2020-12-24,8. Risk Parity,-0.08884506158477246
2020-12-28,8. Risk Parity,-0.07747254204202714
2020-12-29,8. Risk Parity,-0.07728091653902378
2020-12-30,8. Risk Parity,-0.07477389910095547
2020-12-31,8. Risk Parity,-0.07032457724221575
2021-01-04,8. Risk Parity,-0.07903771736681289
2021-01-05,8. Risk Parity,-0.07404515516378292
2021-01-06,8. Risk Parity,-0.07662732356306987
2021-01-07,8. Risk Parity,-0.06398337185727265
2021-01-08,8. Risk Parity,-0.05658610166267974
2021-01-11,8. Risk Parity,-0.06376937514529356
2021-01-12,8. Risk Parity,-0.06404073302403489
2021-01-13,8. Risk Parity,-0.06098703534330724
2021-01-14,8. Risk Parity,-0.06876008504610068
2021-01-15,8. Risk Parity,-0.07823481034902477
2021-01-19,8. Risk Parity,-0.07189165491728669
2021-01-20,8. Risk Parity,-0.05194893010786886
2021-01-21,8. Risk Parity,-0.05267045034695497
2021-01-22,8. Risk Parity,-0.054369681759908646
2021-01-25,8. Risk Parity,-0.050073331707996376
2021-01-26,8. Risk Parity,-0.04717851761745527
2021-01-27,8. Risk Parity,-0.07487824443671758
2021-01-28,8. Risk Parity,-0.0666654139280818
2021-01-29,8. Risk Parity,-0.08679141926012625
2021-02-01,8. Risk Parity,-0.07385333504438414
2021-02-02,8. Risk Parity,-0.06106519503429024
2021-02-03,8. Risk Parity,-0.058102501136938677
2021-02-04,8. Risk Parity,-0.04694736276223926
2021-02-05,8. Risk Parity,-0.04139225886644038
2021-02-08,8. Risk Parity,-0.033050180696623306
2021-02-09,8. Risk Parity,-0.035932560950648514
2021-02-10,8. Risk Parity,-0.03673793053593247
2021-02-11,8. Risk Parity,-0.03611884077971127
2021-02-12,8. Risk Parity,-0.034273680529303074
2021-02-16,8. Risk Parity,-0.03200935908520036
2021-02-17,8. Risk Parity,-0.030262260058387315
2021-02-18,8. Risk Parity,-0.03765465933339004
2021-02-19,8. Risk Parity,-0.04462239426946804
2021-02-22,8. Risk Parity,-0.048341911244728565
2021-02-23,8. Risk Parity,-0.04540558791871646
2021-02-24,8. Risk Parity,-0.035486226238387236
2021-02-25,8. Risk Parity,-0.057813747404478734
2021-02-26,8. Risk Parity,-0.06688480686742772
2021-03-01,8. Risk Parity,-0.04609485676261287
2021-03-02,8. Risk Parity,-0.05465938776149621
2021-03-03,8. Risk Parity,-0.06603690370434807
2021-03-04,8. Risk Parity,-0.07413488102654264
2021-03-05,8. Risk Parity,-0.05995656878219167
2021-03-08,8. Risk Parity,-0.06394630527929715
2021-03-09,8. Risk Parity,-0.051608393163256876
2021-03-10,8. Risk Parity,-0.04312951221683443
2021-03-11,8. Risk Parity,-0.033502360472412694
2021-03-12,8. Risk Parity,-0.03374187561232904
2021-03-15,8. Risk Parity,-0.03110502876868024
2021-03-16,8. Risk Parity,-0.03054688665880364
2021-03-17,8. Risk Parity,-0.028400740126572763
2021-03-18,8. Risk Parity,-0.04573831528948921
2021-03-19,8. Risk Parity,-0.04697943961097231
2021-03-22,8. Risk Parity,-0.041212390439857256
2021-03-23,8. Risk Parity,-0.04294509534233531
2021-03-24,8. Risk Parity,-0.04840757920392698
2021-03-25,8. Risk Parity,-0.04764809501424412
2021-03-26,8. Risk Parity,-0.035505848372355084
2021-03-29,8. Risk Parity,-0.03207187668172355
2021-03-30,8. Risk Parity,-0.03562339205514452
2021-03-31,8. Risk Parity,-0.031801364009841494
2021-04-01,8. Risk Parity,-0.019136566930779694
2021-04-05,8. Risk Parity,-0.006044645791991876
2021-04-06,8. Risk Parity,-0.006766778924114435
2021-04-07,8. Risk Parity,-0.0028052068823040802
2021-04-08,8. Risk Parity,0.0
2021-04-09,8. Risk Parity,0.0
2021-04-12,8. Risk Parity,0.0
2021-04-13,8. Risk Parity,0.0
2021-04-14,8. Risk Parity,-0.004773652324081218
2021-04-15,8. Risk Parity,0.0
2021-04-16,8. Risk Parity,0.0
2021-04-19,8. Risk Parity,-0.0034787432193016826
2021-04-20,8. Risk Parity,-0.00924083144851391
2021-04-21,8. Risk Parity,-0.005921708036977049
2021-04-22,8. Risk Parity,-0.018093670833521373
2021-04-23,8. Risk Parity,-0.009938448868738244
2021-04-26,8. Risk Parity,-0.00948827685485044
2021-04-27,8. Risk Parity,-0.011035432917125856
2021-04-28,8. Risk Parity,-0.00706194357884018
2021-04-29,8. Risk Parity,0.0
2021-04-30,8. Risk Parity,-0.005323302691054832
2021-05-03,8. Risk Parity,-0.002427729486856933
2021-05-04,8. Risk Parity,-0.008046003824747789
2021-05-05,8. Risk Parity,-0.009705462291784386
2021-05-06,8. Risk Parity,-0.002122431784387669
2021-05-07,8. Risk Parity,0.0
2021-05-10,8. Risk Parity,-0.011215616771917679
2021-05-11,8. Risk Parity,-0.019714619958478834
2021-05-12,8. Risk Parity,-0.03745201053942793
2021-05-13,8. Risk Parity,-0.02902197943234983
2021-05-14,8. Risk Parity,-0.017582899727438175
2021-05-17,8. Risk Parity,-0.018420245474687354
2021-05-18,8. Risk Parity,-0.02527853993713645
2021-05-19,8. Risk Parity,-0.02877619537918794
2021-05-20,8. Risk Parity,-0.018318105425391393
2021-05-21,8. Risk Parity,-0.01923281231930031
2021-05-24,8. Risk Parity,-0.00862687610802998
2021-05-25,8. Risk Parity,-0.011073009465872526
2021-05-26,8. Risk Parity,-0.010474445192726053
2021-05-27,8. Risk Parity,-0.010738295736049676
2021-05-28,8. Risk Parity,-0.010837325628315122
2021-06-01,8. Risk Parity,-0.010800180857415796
2021-06-02,8. Risk Parity,-0.00859033373341761
2021-06-03,8. Risk Parity,-0.012610755030589763
2021-06-04,8. Risk Parity,-0.003434095077620076
2021-06-07,8. Risk Parity,-0.003805493165322919
2021-06-08,8. Risk Parity,-0.005240768209023759
2021-06-09,8. Risk Parity,-0.005765375720509609
2021-06-10,8. Risk Parity,-4.910350316662622e-05
2021-06-11,8. Risk Parity,0.0
2021-06-14,8. Risk Parity,0.0
2021-06-15,8. Risk Parity,-0.0034439347376235803
2021-06-16,8. Risk Parity,-0.008454332169030182
2021-06-17,8. Risk Parity,-0.005469112773996379
2021-06-18,8. Risk Parity,-0.017885167792702005
2021-06-21,8. Risk Parity,-0.0072144565456160065
2021-06-22,8. Risk Parity,0.0
2021-06-23,8. Risk Parity,0.0
2021-06-24,8. Risk Parity,0.0
2021-06-25,8. Risk Parity,0.0
2021-06-28,8. Risk Parity,0.0
2021-06-29,8. Risk Parity,-0.0024021247941355783
2021-06-30,8. Risk Parity,0.0
2021-07-01,8. Risk Parity,0.0
2021-07-02,8. Risk Parity,0.0
2021-07-06,8. Risk Parity,-0.003103790787195396
2021-07-07,8. Risk Parity,-0.004000555990819893
2021-07-08,8. Risk Parity,-0.010905520952101134
2021-07-09,8. Risk Parity,-0.0007753572485022572
2021-07-12,8. Risk Parity,0.0
2021-07-13,8. Risk Parity,-0.0015540846493491873
2021-07-14,8. Risk Parity,0.0
2021-07-15,8. Risk Parity,-0.0041115941337251825
2021-07-16,8. Risk Parity,-0.014463270636408308
2021-07-19,8. Risk Parity,-0.028577581213905703
2021-07-20,8. Risk Parity,-0.04693250624568461
2021-07-21,8. Risk Parity,-0.04161878821664525
2021-07-22,8. Risk Parity,-0.04079489009352274
2021-07-23,8. Risk Parity,-0.029494212848764845
2021-07-26,8. Risk Parity,-0.023605867686507045
2021-07-27,8. Risk Parity,-0.02799178647803456
2021-07-28,8. Risk Parity,-0.026227063596544725
2021-07-29,8. Risk Parity,-0.02524182554107935
2021-07-30,8. Risk Parity,-0.032020035307182726
2021-08-02,8. Risk Parity,-0.033396799893608456
2021-08-03,8. Risk Parity,-0.026920865439926275
2021-08-04,8. Risk Parity,-0.03109597529255645
2021-08-05,8. Risk Parity,-0.02208386686333541
2021-08-06,8. Risk Parity,-0.021394327775272233
2021-08-09,8. Risk Parity,-0.019731221459247016
2021-08-10,8. Risk Parity,-0.014219122639757565
2021-08-11,8. Risk Parity,-0.016173568756414406
2021-08-12,8. Risk Parity,-0.01320506684239542
2021-08-13,8. Risk Parity,-0.01045435040269288
2021-08-16,8. Risk Parity,-0.009278927141440407
2021-08-17,8. Risk Parity,-0.0151874109533152
2021-08-18,8. Risk Parity,-0.024282595741254777
2021-08-19,8. Risk Parity,-0.024067316166619546
2021-08-20,8. Risk Parity,-0.017733671123535577
2021-08-23,8. Risk Parity,-0.006498674209532844
2021-08-24,8. Risk Parity,-0.008541807888522629
2021-08-25,8. Risk Parity,-0.009158000147847074
2021-08-26,8. Risk Parity,-0.015130484143211073
2021-08-27,8. Risk Parity,-0.007775368473080823
2021-08-30,8. Risk Parity,-0.0026484553921471633
2021-08-31,8. Risk Parity,-0.0048138036388537175
2021-09-01,8. Risk Parity,-0.002481302796964437
2021-09-02,8. Risk Parity,-0.002203176926922695
2021-09-03,8. Risk Parity,-0.0009893788208382873
2021-09-07,8. Risk Parity,0.0
2021-09-08,8. Risk Parity,-0.00012629493364739542
2021-09-09,8. Risk Parity,-0.005349879802006413
2021-09-10,8. Risk Parity,-0.013122769020174029
2021-09-13,8. Risk Parity,-0.010930868380810796
2021-09-14,8. Risk Parity,-0.017349480428153024
2021-09-15,8. Risk Parity,-0.010451621451061743
2021-09-16,8. Risk Parity,-0.011536494592385708
2021-09-17,8. Risk Parity,-0.019172913989477333
2021-09-20,8. Risk Parity,-0.03691700847397973
2021-09-21,8. Risk Parity,-0.038135379935567065
2021-09-22,8. Risk Parity,-0.029339214075167173
2021-09-23,8. Risk Parity,-0.017804235318361176
2021-09-24,8. Risk Parity,-0.013396708401415647
2021-09-27,8. Risk Parity,-0.011949486643225891
2021-09-28,8. Risk Parity,-0.028132926194808415
2021-09-29,8. Risk Parity,-0.025237967072282385
2021-09-30,8. Risk Parity,-0.03496011430574681
2021-10-01,8. Risk Parity,-0.02372990838396044
2021-10-04,8. Risk Parity,-0.03656181800440842
2021-10-05,8. Risk Parity,-0.026718127133547383
2021-10-06,8. Risk Parity,-0.022076968672436678
2021-10-07,8. Risk Parity,-0.014572650963744068
2021-10-08,8. Risk Parity,-0.0140242641102343
2021-10-11,8. Risk Parity,-0.021448204612635167
2021-10-12,8. Risk Parity,-0.02560075428611811
2021-10-13,8. Risk Parity,-0.02602988001656655
2021-10-14,8. Risk Parity,-0.012600096580185906
2021-10-15,8. Risk Parity,-0.002727310964109336
2021-10-18,8. Risk Parity,0.0
2021-10-19,8. Risk Parity,0.0
2021-10-20,8. Risk Parity,0.0
2021-10-21,8. Risk Parity,0.0
2021-10-22,8. Risk Parity,-0.0003641703230025113
2021-10-25,8. Risk Parity,0.0
2021-10-26,8. Risk Parity,0.0
2021-10-27,8. Risk Parity,-0.005690085192726146
2021-10-28,8. Risk Parity,0.0
2021-10-29,8. Risk Parity,0.0
2021-11-01,8. Risk Parity,0.0
2021-11-02,8. Risk Parity,0.0
2021-11-03,8. Risk Parity,0.0
2021-11-04,8. Risk Parity,0.0
2021-11-05,8. Risk Parity,0.0
2021-11-08,8. Risk Parity,-0.002020991898234047
2021-11-09,8. Risk Parity,-0.011179624748541662
2021-11-10,8. Risk Parity,-0.01295185068478068
2021-11-11,8. Risk Parity,-0.014912368023634487
2021-11-12,8. Risk Parity,-0.009845033867405152
2021-11-15,8. Risk Parity,-0.011144080039986284
2021-11-16,8. Risk Parity,-0.006564393851185223
2021-11-17,8. Risk Parity,-0.007848259345104218
2021-11-18,8. Risk Parity,-0.004617651467463321
2021-11-19,8. Risk Parity,-0.008555556144256826
2021-11-22,8. Risk Parity,-0.012306221776488087
2021-11-23,8. Risk Parity,-0.010093338157801737
2021-11-24,8. Risk Parity,-0.006349395459190712
2021-11-26,8. Risk Parity,-0.023154851617367543
2021-11-29,8. Risk Parity,-0.01657777154951497
2021-11-30,8. Risk Parity,-0.032856237888721634
2021-12-01,8. Risk Parity,-0.04370537240545386
2021-12-02,8. Risk Parity,-0.03731737731012741
2021-12-03,8. Risk Parity,-0.043883923983841645
2021-12-06,8. Risk Parity,-0.033933804123483596
2021-12-07,8. Risk Parity,-0.018983769522880667
2021-12-08,8. Risk Parity,-0.016888190597936295
2021-12-09,8. Risk Parity,-0.020533230105214816
2021-12-10,8. Risk Parity,-0.012513647733639862
2021-12-13,8. Risk Parity,-0.017174916266326175
2021-12-14,8. Risk Parity,-0.019621276114504413
2021-12-15,8. Risk Parity,-0.004921661476718504
2021-12-16,8. Risk Parity,-0.009845012161378924
2021-12-17,8. Risk Parity,-0.02562964074264235
2021-12-20,8. Risk Parity,-0.03213842646121283
2021-12-21,8. Risk Parity,-0.01949057019514521
2021-12-22,8. Risk Parity,-0.00770644570657984
2021-12-23,8. Risk Parity,-0.003262831921400384
2021-12-27,8. Risk Parity,0.0
2021-12-28,8. Risk Parity,-0.00042716099973912465
2021-12-29,8. Risk Parity,-0.0012650090601280608
2021-12-30,8. Risk Parity,-0.002370869269734494
2021-12-31,8. Risk Parity,-0.004745972509182976
2022-01-03,8. Risk Parity,0.0
2022-01-04,8. Risk Parity,-0.0023079579078299287
2022-01-05,8. Risk Parity,-0.015621513279996502
2022-01-06,8. Risk Parity,-0.017302909517505217
2022-01-07,8. Risk Parity,-0.018373788261259683
2022-01-10,8. Risk Parity,-0.02034591743410021
2022-01-11,8. Risk Parity,-0.013291052581107295
2022-01-12,8. Risk Parity,-0.010743528510399987
2022-01-13,8. Risk Parity,-0.025143039557486473
2022-01-14,8. Risk Parity,-0.02658262507006414
2022-01-18,8. Risk Parity,-0.04262421550619365
2022-01-19,8. Risk Parity,-0.04699021556163571
2022-01-20,8. Risk Parity,-0.054908721794161376
2022-01-21,8. Risk Parity,-0.0851012870126106
2022-01-24,8. Risk Parity,-0.08797796321621364
2022-01-25,8. Risk Parity,-0.09378318752811596
2022-01-26,8. Risk Parity,-0.09209353388267677
2022-01-27,8. Risk Parity,-0.09251345133323323
2022-01-28,8. Risk Parity,-0.07013653799629727
2022-01-31,8. Risk Parity,-0.053736712108493595
2022-02-01,8. Risk Parity,-0.04077565863534332
2022-02-02,8. Risk Parity,-0.0349563946174882
2022-02-03,8. Risk Parity,-0.061772571477140464
2022-02-04,8. Risk Parity,-0.05299708946098752
2022-02-07,8. Risk Parity,-0.05826325347975874
2022-02-08,8. Risk Parity,-0.0571402726069357
2022-02-09,8. Risk Parity,-0.051248564258479
2022-02-10,8. Risk Parity,-0.0638309162240138
2022-02-11,8. Risk Parity,-0.07836553848930895
2022-02-14,8. Risk Parity,-0.07935109283157865
2022-02-15,8. Risk Parity,-0.06865910642210529
2022-02-16,8. Risk Parity,-0.06871608057847492
2022-02-17,8. Risk Parity,-0.0825458411946586
2022-02-18,8. Risk Parity,-0.0894790705957457
2022-02-22,8. Risk Parity,-0.10471872499193552
2022-02-23,8. Risk Parity,-0.12118894937470127
2022-02-24,8. Risk Parity,-0.11459337694063261
2022-02-25,8. Risk Parity,-0.09563081361351868
2022-02-28,8. Risk Parity,-0.09879507429309253
2022-03-01,8. Risk Parity,-0.1115437866552325
2022-03-02,8. Risk Parity,-0.10036134752297374
2022-03-03,8. Risk Parity,-0.10580656434657686
2022-03-04,8. Risk Parity,-0.11001555569771906
2022-03-07,8. Risk Parity,-0.13144259682995674
2022-03-08,8. Risk Parity,-0.13934225438792514
2022-03-09,8. Risk Parity,-0.12216163967993535
2022-03-10,8. Risk Parity,-0.12247496512646282
2022-03-11,8. Risk Parity,-0.13233511492297836
2022-03-14,8. Risk Parity,-0.13509211748157843
2022-03-15,8. Risk Parity,-0.1197860762819739
2022-03-16,8. Risk Parity,-0.1030828204162147
2022-03-17,8. Risk Parity,-0.09032639055949107
2022-03-18,8. Risk Parity,-0.08086654578389801
2022-03-21,8. Risk Parity,-0.08007414626725151
2022-03-22,8. Risk Parity,-0.06956341132731711
2022-03-23,8. Risk Parity,-0.07942825741394616
2022-03-24,8. Risk Parity,-0.06996018358044277
2022-03-25,8. Risk Parity,-0.0650565478859748
2022-03-28,8. Risk Parity,-0.05701873559477785
2022-03-29,8. Risk Parity,-0.048206141194609954
2022-03-30,8. Risk Parity,-0.05259593129052787
2022-03-31,8. Risk Parity,-0.06869160838042773
2022-04-01,8. Risk Parity,-0.06360107800228776
2022-04-04,8. Risk Parity,-0.053755802968524585
2022-04-05,8. Risk Parity,-0.06433373525356427
2022-04-06,8. Risk Parity,-0.07219920660179953
2022-04-07,8. Risk Parity,-0.06758534996693977
2022-04-08,8. Risk Parity,-0.06806303898980282
2022-04-11,8. Risk Parity,-0.08704985442261094
2022-04-12,8. Risk Parity,-0.08880662078584618
2022-04-13,8. Risk Parity,-0.07830339495869956
2022-04-14,8. Risk Parity,-0.08873804753884128
2022-04-18,8. Risk Parity,-0.0895281638607979
2022-04-19,8. Risk Parity,-0.07696213009996367
2022-04-20,8. Risk Parity,-0.09260282911252882
2022-04-21,8. Risk Parity,-0.10273148329417305
2022-04-22,8. Risk Parity,-0.1230864675811703
2022-04-25,8. Risk Parity,-0.11800968412848284
2022-04-26,8. Risk Parity,-0.14202445252494267
2022-04-27,8. Risk Parity,-0.13846120375888737
2022-04-28,8. Risk Parity,-0.11499421894606923
2022-04-29,8. Risk Parity,-0.1444931822672747
2022-05-02,8. Risk Parity,-0.13934421080259687
2022-05-03,8. Risk Parity,-0.13557073318602764
2022-05-04,8. Risk Parity,-0.11160736753151822
2022-05-05,8. Risk Parity,-0.14311350129892722
2022-05-06,8. Risk Parity,-0.14680017400982273
2022-05-09,8. Risk Parity,-0.17176358416296766
2022-05-10,8. Risk Parity,-0.1703955094285639
2022-05-11,8. Risk Parity,-0.18180607557287345
2022-05-12,8. Risk Parity,-0.1823172137107337
2022-05-13,8. Risk Parity,-0.16494689592854833
2022-05-16,8. Risk Parity,-0.16634277417144033
2022-05-17,8. Risk Parity,-0.15884696625690972
2022-05-18,8. Risk Parity,-0.19335804502974635
2022-05-19,8. Risk Parity,-0.19938016076697948
2022-05-20,8. Risk Parity,-0.19713687191954984
2022-05-23,8. Risk Parity,-0.17731822681986456
2022-05-24,8. Risk Parity,-0.18439285326485394
2022-05-25,8. Risk Parity,-0.17750349312316743
2022-05-26,8. Risk Parity,-0.16311221954859728
2022-05-27,8. Risk Parity,-0.1462435640920829
2022-05-31,8. Risk Parity,-0.14936120681418136
2022-06-01,8. Risk Parity,-0.15565555499739264
2022-06-02,8. Risk Parity,-0.1417719668513318
2022-06-03,8. Risk Parity,-0.15429896144339458
2022-06-06,8. Risk Parity,-0.18798476303078776
2022-06-07,8. Risk Parity,-0.17913758177899328
2022-06-08,8. Risk Parity,-0.18199143118039113
2022-06-09,8. Risk Parity,-0.2019745592133272
2022-06-10,8. Risk Parity,-0.22293153622154407
2022-06-13,8. Risk Parity,-0.2504506955348135
2022-06-14,8. Risk Parity,-0.25484954931612547
2022-06-15,8. Risk Parity,-0.24537789098637353
2022-06-16,8. Risk Parity,-0.2636547577653167
2022-06-17,8. Risk Parity,-0.2690384636060651
2022-06-21,8. Risk Parity,-0.24754331333153218
2022-06-22,8. Risk Parity,-0.24896121800943768
2022-06-23,8. Risk Parity,-0.24291434522275707
2022-06-24,8. Risk Parity,-0.22180816489578853
2022-06-27,8. Risk Parity,-0.22253592867795366
2022-06-28,8. Risk Parity,-0.23751314115188263
2022-06-29,8. Risk Parity,-0.23921267857698048
2022-06-30,8. Risk Parity,-0.2455995949719056
2022-07-01,8. Risk Parity,-0.23678235546963292
2022-07-05,8. Risk Parity,-0.2357011920285779
2022-07-06,8. Risk Parity,-0.23411959711832495
2022-07-07,8. Risk Parity,-0.22179065145903998
2022-07-08,8. Risk Parity,-0.22192259671205014
2022-07-11,8. Risk Parity,-0.23078403969933067
2022-07-12,8. Risk Parity,-0.23775892074027472
2022-07-13,8. Risk Parity,-0.23904857045208583
2022-07-14,8. Risk Parity,-0.24212888706859043
2022-07-15,8. Risk Parity,-0.22823137476497105
2022-07-18,8. Risk Parity,-0.27710201469856655
2022-07-19,8. Risk Parity,-0.2628310554506611
2022-07-20,8. Risk Parity,-0.2590649735310542
2022-07-21,8. Risk Parity,-0.25211342919404245
2022-07-22,8. Risk Parity,-0.2562778799352971
2022-07-25,8. Risk Parity,-0.2528758895223547
2022-07-26,8. Risk Parity,-0.2632802458299752
2022-07-27,8. Risk Parity,-0.24846066698247798
2022-07-28,8. Risk Parity,-0.24343736985140782
2022-07-29,8. Risk Parity,-0.24365959508903798
2022-08-01,8. Risk Parity,-0.24321824766607147
2022-08-02,8. Risk Parity,-0.25027481039351374
2022-08-03,8. Risk Parity,-0.24151752807563903
2022-08-04,8. Risk Parity,-0.24641148056581078
2022-08-05,8. Risk Parity,-0.24718763823021422
2022-08-08,8. Risk Parity,-0.24778332447138127
2022-08-09,8. Risk Parity,-0.24908682128668366
2022-08-10,8. Risk Parity,-0.2350903179201442
2022-08-11,8. Risk Parity,-0.2373596111047798
2022-08-12,8. Risk Parity,-0.22577392829184198
2022-08-15,8. Risk Parity,-0.22169929466951602
2022-08-16,8. Risk Parity,-0.2150363087723459
2022-08-17,8. Risk Parity,-0.2199828699097917
2022-08-18,8. Risk Parity,-0.21923995308775052
2022-08-19,8. Risk Parity,-0.22650674732307746
2022-08-22,8. Risk Parity,-0.24086970162586135
2022-08-23,8. Risk Parity,-0.2441632936181338
2022-08-24,8. Risk Parity,-0.24299468127187696
2022-08-25,8. Risk Parity,-0.24732423893502076
2022-08-26,8. Risk Parity,-0.2702185696778276
2022-08-29,8. Risk Parity,-0.272765140395892
2022-08-30,8. Risk Parity,-0.2799145092726414
2022-08-31,8. Risk Parity,-0.2852566778409337
2022-09-01,8. Risk Parity,-0.2793411712722561
2022-09-02,8. Risk Parity,-0.2873022642625286
2022-09-06,8. Risk Parity,-0.29095879682379316
2022-09-07,8. Risk Parity,-0.2800921537583928
2022-09-08,8. Risk Parity,-0.27522920159474135
2022-09-09,8. Risk Parity,-0.2655657316423378
2022-09-12,8. Risk Parity,-0.26035632222026295
2022-09-13,8. Risk Parity,-0.28942213761887625
2022-09-14,8. Risk Parity,-0.28528659851909544
2022-09-15,8. Risk Parity,-0.29189415877914987
2022-09-16,8. Risk Parity,-0.293031976260876
2022-09-19,8. Risk Parity,-0.29019652746787095
2022-09-20,8. Risk Parity,-0.2964269972275282
2022-09-21,8. Risk Parity,-0.30736410795999497
2022-09-22,8. Risk Parity,-0.3095836924213948
2022-09-23,8. Risk Parity,-0.3208798128990778
2022-09-26,8. Risk Parity,-0.32684513779335433
2022-09-27,8. Risk Parity,-0.3310208285658252
2022-09-28,8. Risk Parity,-0.3177883841494554
2022-09-29,8. Risk Parity,-0.32805920410669864
2022-09-30,8. Risk Parity,-0.3378595891436008
2022-10-03,8. Risk Parity,-0.32401171296916864
2022-10-04,8. Risk Parity,-0.308750044877755
2022-10-05,8. Risk Parity,-0.31017367531451256
2022-10-06,8. Risk Parity,-0.3165205335294917
2022-10-07,8. Risk Parity,-0.3322232896758768
2022-10-10,8. Risk Parity,-0.33638492614461174
2022-10-11,8. Risk Parity,-0.3402146569938756
2022-10-12,8. Risk Parity,-0.3393311817899067
2022-10-13,8. Risk Parity,-0.32241297256133483
2022-10-14,8. Risk Parity,-0.3325584967227135
2022-10-17,8. Risk Parity,-0.31564652389882564
2022-10-18,8. Risk Parity,-0.30866591213494277
2022-10-19,8. Risk Parity,-0.3094875937291592
2022-10-20,8. Risk Parity,-0.3133787185141516
2022-10-21,8. Risk Parity,-0.29515909075251895
2022-10-24,8. Risk Parity,-0.2877970417083952
2022-10-25,8. Risk Parity,-0.2789668374785531
2022-10-26,8. Risk Parity,-0.27796603354656624
2022-10-27,8. Risk Parity,-0.28371249725167325
2022-10-28,8. Risk Parity,-0.2680318924963451
2022-10-31,8. Risk Parity,-0.2740637281871763
2022-11-01,8. Risk Parity,-0.2737347056614887
2022-11-02,8. Risk Parity,-0.28955500540292817
2022-11-03,8. Risk Parity,-0.29612085138503397
2022-11-04,8. Risk Parity,-0.2877689867853586
2022-11-07,8. Risk Parity,-0.280593558396725
2022-11-08,8. Risk Parity,-0.278132797161826
2022-11-09,8. Risk Parity,-0.2959186770104057
2022-11-10,8. Risk Parity,-0.26502873130108556
2022-11-11,8. Risk Parity,-0.25855862103453175
2022-11-14,8. Risk Parity,-0.2607812478723909
2022-11-15,8. Risk Parity,-0.25282598331478523
2022-11-16,8. Risk Parity,-0.2552154096774219
2022-11-17,8. Risk Parity,-0.257668715553223
2022-11-18,8. Risk Parity,-0.25560381852632874
2022-11-21,8. Risk Parity,-0.2550972163180163
2022-11-22,8. Risk Parity,-0.24601424023543464
2022-11-23,8. Risk Parity,-0.24210083849451564
2022-11-25,8. Risk Parity,-0.24160620256694362
2022-11-28,8. Risk Parity,-0.24998019520023723
2022-11-29,8. Risk Parity,-0.2526230459750374
2022-11-30,8. Risk Parity,-0.23354438023115998
2022-12-01,8. Risk Parity,-0.23125085266845893
2022-12-02,8. Risk Parity,-0.23110455795683713
2022-12-05,8. Risk Parity,-0.24383252565893979
2022-12-06,8. Risk Parity,-0.25724560204259106
2022-12-07,8. Risk Parity,-0.25673374540120375
2022-12-08,8. Risk Parity,-0.25062301488141014
2022-12-09,8. Risk Parity,-0.2548378233281412
2022-12-12,8. Risk Parity,-0.24396341411274108
2022-12-13,8. Risk Parity,-0.23885049281973547
2022-12-14,8. Risk Parity,-0.23926186508508296
2022-12-15,8. Risk Parity,-0.2561778431919912
2022-12-16,8. Risk Parity,-0.2642388082696637
2022-12-19,8. Risk Parity,-0.2687483903704835
2022-12-20,8. Risk Parity,-0.2664841592921181
2022-12-21,8. Risk Parity,-0.25754113188679095
2022-12-22,8. Risk Parity,-0.2656553600601537
2022-12-23,8. Risk Parity,-0.261369418589745
2022-12-27,8. Risk Parity,-0.2637011386000031
2022-12-28,8. Risk Parity,-0.27159038651097134
2022-12-29,8. Risk Parity,-0.2613716357087786
2022-12-30,8. Risk Parity,-0.2624741155550378
2023-01-03,8. Risk Parity,-0.2630529016580282
2023-01-04,8. Risk Parity,-0.25805712901899525
2023-01-05,8. Risk Parity,-0.26309218370873405
2023-01-06,8. Risk Parity,-0.2482662290165393
2023-01-09,8. Risk Parity,-0.2558752018342756
2023-01-10,8. Risk Parity,-0.25258413892185405
2023-01-11,8. Risk Parity,-0.24713876489749276
2023-01-12,8. Risk Parity,-0.24490660785426135
2023-01-13,8. Risk Parity,-0.2412149088558984
2023-01-17,8. Risk Parity,-0.24605577982333637
2023-01-18,8. Risk Parity,-0.260539360908136
2023-01-19,8. Risk Parity,-0.2672734841980777
2023-01-20,8. Risk Parity,-0.2545988384548585
2023-01-23,8. Risk Parity,-0.2485323783066278
2023-01-24,8. Risk Parity,-0.2459488566876207
2023-01-25,8. Risk Parity,-0.2441793008709124
2023-01-26,8. Risk Parity,-0.2399220760072454
2023-01-27,8. Risk Parity,-0.238745188161373
2023-01-30,8. Risk Parity,-0.24965186172573312
2023-01-31,8. Risk Parity,-0.24041110489007897
2023-02-01,8. Risk Parity,-0.23452602111781176
2023-02-02,8. Risk Parity,-0.225315766802989
2023-02-03,8. Risk Parity,-0.23017333660273193
2023-02-06,8. Risk Parity,-0.2338838644899779
2023-02-07,8. Risk Parity,-0.22716801895809757
2023-02-08,8. Risk Parity,-0.23282599520232386
2023-02-09,8. Risk Parity,-0.23945386666746854
2023-02-10,8. Risk Parity,-0.2383295407899919
2023-02-13,8. Risk Parity,-0.23028040391037688
2023-02-14,8. Risk Parity,-0.23226408526501524
2023-02-15,8. Risk Parity,-0.23266175365618713
2023-02-16,8. Risk Parity,-0.24271929934727252
2023-02-17,8. Risk Parity,-0.24362496258019398
2023-02-21,8. Risk Parity,-0.255692828003366
2023-02-22,8. Risk Parity,-0.2589525140299377
2023-02-23,8. Risk Parity,-0.25655468360176553
2023-02-24,8. Risk Parity,-0.26213138366850947
2023-02-27,8. Risk Parity,-0.2621820670640365
2023-02-28,8. Risk Parity,-0.26415655828061557
2023-03-01,8. Risk Parity,-0.2701929969424838
2023-03-02,8. Risk Parity,-0.26669556499974006
2023-03-03,8. Risk Parity,-0.2559569484486362
2023-03-06,8. Risk Parity,-0.25370064129422093
2023-03-07,8. Risk Parity,-0.26548427815047976
2023-03-08,8. Risk Parity,-0.2671723077617331
2023-03-09,8. Risk Parity,-0.28081145796860696
2023-03-10,8. Risk Parity,-0.2852828250317012
2023-03-13,8. Risk Parity,-0.2853565325235612
2023-03-14,8. Risk Parity,-0.2758669784243583
2023-03-15,8. Risk Parity,-0.2767263602863182
2023-03-16,8. Risk Parity,-0.27035668918772177
2023-03-17,8. Risk Parity,-0.276008012453633
2023-03-20,8. Risk Parity,-0.26968286724949064
2023-03-21,8. Risk Parity,-0.2619196481852259
2023-03-22,8. Risk Parity,-0.2723246683375506
2023-03-23,8. Risk Parity,-0.2674307590933785
2023-03-24,8. Risk Parity,-0.26416586928296676
2023-03-27,8. Risk Parity,-0.26029714207120336
2023-03-28,8. Risk Parity,-0.26263967559649304
2023-03-29,8. Risk Parity,-0.2536898129209826
2023-03-30,8. Risk Parity,-0.2501449382275192
2023-03-31,8. Risk Parity,-0.24049306050403074
2023-04-03,8. Risk Parity,-0.23250732523527218
2023-04-04,8. Risk Parity,-0.2357989829578604
2023-04-05,8. Risk Parity,-0.2320610393489698
2023-04-06,8. Risk Parity,-0.2307415522186045
2023-04-10,8. Risk Parity,-0.23190388848554727
2023-04-11,8. Risk Parity,-0.23185913571909494
2023-04-12,8. Risk Parity,-0.23615496468809954
2023-04-13,8. Risk Parity,-0.22635191877468497
2023-04-14,8. Risk Parity,-0.22386743202463363
2023-04-17,8. Risk Parity,-0.2228490267557385
2023-04-18,8. Risk Parity,-0.2223882992456977
2023-04-19,8. Risk Parity,-0.22431426718272113
2023-04-20,8. Risk Parity,-0.22564977220631807
2023-04-21,8. Risk Parity,-0.22182702482330266
2023-04-24,8. Risk Parity,-0.22035154440095872
2023-04-25,8. Risk Parity,-0.22975953990098053
2023-04-26,8. Risk Parity,-0.23392466406780002
2023-04-27,8. Risk Parity,-0.22065926313157905
2023-04-28,8. Risk Parity,-0.21449739565616566
2023-05-01,8. Risk Parity,-0.21537815311188188
2023-05-02,8. Risk Parity,-0.22382757606154155
2023-05-03,8. Risk Parity,-0.22988126017305588
2023-05-04,8. Risk Parity,-0.23611658308591482
2023-05-05,8. Risk Parity,-0.22473589867218532
2023-05-08,8. Risk Parity,-0.22225390449566626
2023-05-09,8. Risk Parity,-0.22526718667149212
2023-05-10,8. Risk Parity,-0.2246606891434385
2023-05-11,8. Risk Parity,-0.22734191714019725
2023-05-12,8. Risk Parity,-0.22892822595509202
2023-05-15,8. Risk Parity,-0.22888187248055777
2023-05-16,8. Risk Parity,-0.23407801423837007
2023-05-17,8. Risk Parity,-0.2255526410438434
2023-05-18,8. Risk Parity,-0.21835038440537746
2023-05-19,8. Risk Parity,-0.22151390255107997
2023-05-22,8. Risk Parity,-0.22441416570820572
2023-05-23,8. Risk Parity,-0.22838064776967185
2023-05-24,8. Risk Parity,-0.23193950598476282
2023-05-25,8. Risk Parity,-0.22869961055535473
2023-05-26,8. Risk Parity,-0.22147162214201996
2023-05-30,8. Risk Parity,-0.22271780626320448
2023-05-31,8. Risk Parity,-0.22686923094629566
2023-06-01,8. Risk Parity,-0.21760827218301798
2023-06-02,8. Risk Parity,-0.2073601208140103
2023-06-05,8. Risk Parity,-0.20811168430929033
2023-06-06,8. Risk Parity,-0.20735817599835354
2023-06-07,8. Risk Parity,-0.20919035752611517
2023-06-08,8. Risk Parity,-0.20422720649835083
2023-06-09,8. Risk Parity,-0.20312211992693277
2023-06-12,8. Risk Parity,-0.1978491573610128
2023-06-13,8. Risk Parity,-0.19344877609647407
2023-06-14,8. Risk Parity,-0.1909437697053157
2023-06-15,8. Risk Parity,-0.18248528146404774
2023-06-16,8. Risk Parity,-0.18550493997512094
2023-06-20,8. Risk Parity,-0.18938233510368463
2023-06-21,8. Risk Parity,-0.1924514447802718
2023-06-22,8. Risk Parity,-0.18955717878844944
2023-06-23,8. Risk Parity,-0.19343987503314095
2023-06-26,8. Risk Parity,-0.19962482129824105
2023-06-27,8. Risk Parity,-0.19457182482519142
2023-06-28,8. Risk Parity,-0.19502321973707992
2023-06-29,8. Risk Parity,-0.19250845117537763
2023-06-30,8. Risk Parity,-0.1812012816356903
2023-07-03,8. Risk Parity,-0.17971464766631487
2023-07-05,8. Risk Parity,-0.17928069518830397
2023-07-06,8. Risk Parity,-0.18853275594049543
2023-07-07,8. Risk Parity,-0.1940576920800799
2023-07-10,8. Risk Parity,-0.19216404134769133
2023-07-11,8. Risk Parity,-0.18802590295800614
2023-07-12,8. Risk Parity,-0.1809587026770771
2023-07-13,8. Risk Parity,-0.17612146928078667
2023-07-14,8. Risk Parity,-0.17784453955901924
2023-07-17,8. Risk Parity,-0.17600205103141525
2023-07-18,8. Risk Parity,-0.17068767376156646
2023-07-19,8. Risk Parity,-0.16670357349524478
2023-07-20,8. Risk Parity,-0.16792161704533975
2023-07-21,8. Risk Parity,-0.16772888791006324
2023-07-24,8. Risk Parity,-0.16206440314036075
2023-07-25,8. Risk Parity,-0.1616519907838306
2023-07-26,8. Risk Parity,-0.1599071359020746
2023-07-27,8. Risk Parity,-0.16422412185119353
2023-07-28,8. Risk Parity,-0.15561546682476976
2023-07-31,8. Risk Parity,-0.155322660274526
2023-08-01,8. Risk Parity,-0.1567962140659397
2023-08-02,8. Risk Parity,-0.16660924126606907
2023-08-03,8. Risk Parity,-0.16476956824260997
2023-08-04,8. Risk Parity,-0.16842010746491368
2023-08-07,8. Risk Parity,-0.15876561867243866
2023-08-08,8. Risk Parity,-0.161866965568469
2023-08-09,8. Risk Parity,-0.16659339864994885
2023-08-10,8. Risk Parity,-0.16562201614192484
2023-08-11,8. Risk Parity,-0.1654923017843062
2023-08-14,8. Risk Parity,-0.16194060626907592
2023-08-15,8. Risk Parity,-0.17174215926057257
2023-08-16,8. Risk Parity,-0.17770969687159863
2023-08-17,8. Risk Parity,-0.18172365901214127
2023-08-18,8. Risk Parity,-0.1802733099999188
2023-08-21,8. Risk Parity,-0.17811896543206188
2023-08-22,8. Risk Parity,-0.1816568418011802
2023-08-23,8. Risk Parity,-0.1753871377688648
2023-08-24,8. Risk Parity,-0.1845729023574997
2023-08-25,8. Risk Parity,-0.1797969553619804
2023-08-28,8. Risk Parity,-0.17601498946277022
2023-08-29,8. Risk Parity,-0.1670478961261439
2023-08-30,8. Risk Parity,-0.1649146610370963
2023-08-31,8. Risk Parity,-0.16703834193623876
2023-09-01,8. Risk Parity,-0.16600751394146718
2023-09-05,8. Risk Parity,-0.16881457917657924
2023-09-06,8. Risk Parity,-0.17417530197471867
2023-09-07,8. Risk Parity,-0.17456838109823664
2023-09-08,8. Risk Parity,-0.17290320356058492
2023-09-11,8. Risk Parity,-0.16793473125881248
2023-09-12,8. Risk Parity,-0.1695834580215175
2023-09-13,8. Risk Parity,-0.16977902314063847
2023-09-14,8. Risk Parity,-0.165900324498421
2023-09-15,8. Risk Parity,-0.17573507972658275
2023-09-18,8. Risk Parity,-0.17477089376640145
2023-09-19,8. Risk Parity,-0.17696714036041658
2023-09-20,8. Risk Parity,-0.18346191172986825
2023-09-21,8. Risk Parity,-0.19463217029017335
2023-09-22,8. Risk Parity,-0.19682539980311836
2023-09-25,8. Risk Parity,-0.19454629401690895
2023-09-26,8. Risk Parity,-0.20326017240124994
2023-09-27,8. Risk Parity,-0.20365767534680435
2023-09-28,8. Risk Parity,-0.20083078662114137
2023-09-29,8. Risk Parity,-0.2035924755014323
2023-10-02,8. Risk Parity,-0.20170425571386688
2023-10-03,8. Risk Parity,-0.21032519103624525
2023-10-04,8. Risk Parity,-0.20852390745120541
2023-10-05,8. Risk Parity,-0.2126622209385518
2023-10-06,8. Risk Parity,-0.207266532291517
2023-10-09,8. Risk Parity,-0.2037563580069696
2023-10-10,8. Risk Parity,-0.1994843347875974
2023-10-11,8. Risk Parity,-0.20159454680713895
2023-10-12,8. Risk Parity,-0.20403467919562832
2023-10-13,8. Risk Parity,-0.20569169830995912
2023-10-16,8. Risk Parity,-0.1972227725314055
2023-10-17,8. Risk Parity,-0.19856697302523435
2023-10-18,8. Risk Parity,-0.20708094995698131
2023-10-19,8. Risk Parity,-0.20682683732620652
2023-10-20,8. Risk Parity,-0.21417977041493363
2023-10-23,8. Risk Parity,-0.21349175751525903
2023-10-24,8. Risk Parity,-0.20908352439834896
2023-10-25,8. Risk Parity,-0.21456596436186423
2023-10-26,8. Risk Parity,-0.22588120789073396
2023-10-27,8. Risk Parity,-0.23301895005224815
2023-10-30,8. Risk Parity,-0.22122327529305486
2023-10-31,8. Risk Parity,-0.21741513010538496
2023-11-01,8. Risk Parity,-0.21039798973693016
2023-11-02,8. Risk Parity,-0.19829904393886644
2023-11-03,8. Risk Parity,-0.19354796596161206
2023-11-06,8. Risk Parity,-0.1919167905554839
2023-11-07,8. Risk Parity,-0.1904005036706361
2023-11-08,8. Risk Parity,-0.19151198554500845
2023-11-09,8. Risk Parity,-0.19566888108250613
2023-11-10,8. Risk Parity,-0.18632833917540292
2023-11-13,8. Risk Parity,-0.18560930499471906
2023-11-14,8. Risk Parity,-0.1761092360633122
2023-11-15,8. Risk Parity,-0.17159838904573474
2023-11-16,8. Risk Parity,-0.17553074820757864
2023-11-17,8. Risk Parity,-0.17450481054677386
2023-11-20,8. Risk Parity,-0.1701436975340408
2023-11-21,8. Risk Parity,-0.1703317345441258
2023-11-22,8. Risk Parity,-0.1684152643000643
2023-11-24,8. Risk Parity,-0.16682176946577276
2023-11-27,8. Risk Parity,-0.16871359189470123
2023-11-28,8. Risk Parity,-0.16726968898716407
2023-11-29,8. Risk Parity,-0.17040374926728982
2023-11-30,8. Risk Parity,-0.168176342208254
2023-12-01,8. Risk Parity,-0.16876969838846848
2023-12-04,8. Risk Parity,-0.17333163866127338
2023-12-05,8. Risk Parity,-0.17460605896512227
2023-12-06,8. Risk Parity,-0.18032762028288823
2023-12-07,8. Risk Parity,-0.17662554542020353
2023-12-08,8. Risk Parity,-0.17463471751086265
2023-12-11,8. Risk Parity,-0.17509123597570816
2023-12-12,8. Risk Parity,-0.17154846068653737
2023-12-13,8. Risk Parity,-0.16317580681534255
2023-12-14,8. Risk Parity,-0.16372378407000532
2023-12-15,8. Risk Parity,-0.16290878622252045
2023-12-18,8. Risk Parity,-0.15486494284121066
2023-12-19,8. Risk Parity,-0.1490599924519889
2023-12-20,8. Risk Parity,-0.16139570587796323
2023-12-21,8. Risk Parity,-0.15448253662320602
2023-12-22,8. Risk Parity,-0.1532510457040264
2023-12-26,8. Risk Parity,-0.15049161050334725
2023-12-27,8. Risk Parity,-0.1490381538476429
2023-12-28,8. Risk Parity,-0.14924006540057144
2023-12-29,8. Risk Parity,-0.1504556014419303
2024-01-02,8. Risk Parity,-0.14962728020400165
2024-01-03,8. Risk Parity,-0.151689757833787
2024-01-04,8. Risk Parity,-0.1538210396249757
2024-01-05,8. Risk Parity,-0.1511374367719722
2024-01-08,8. Risk Parity,-0.1417752125320952
2024-01-09,8. Risk Parity,-0.14270270729995485
2024-01-10,8. Risk Parity,-0.136411614191819
2024-01-11,8. Risk Parity,-0.13688577023533538
2024-01-12,8. Risk Parity,-0.13405709583323752
2024-01-16,8. Risk Parity,-0.13769579541970195
2024-01-17,8. Risk Parity,-0.14126181037267985
2024-01-18,8. Risk Parity,-0.1349616884943804
2024-01-19,8. Risk Parity,-0.1276986832021727
2024-01-22,8. Risk Parity,-0.1269276327139833
2024-01-23,8. Risk Parity,-0.12359974378096497
2024-01-24,8. Risk Parity,-0.1184256365003984
2024-01-25,8. Risk Parity,-0.11037816153565372
2024-01-26,8. Risk Parity,-0.10857528939842324
2024-01-29,8. Risk Parity,-0.10204139117290702
2024-01-30,8. Risk Parity,-0.09994242439900661
2024-01-31,8. Risk Parity,-0.11047655028719044
2024-02-01,8. Risk Parity,-0.10077915107644021
2024-02-02,8. Risk Parity,-0.08768560450297445
2024-02-05,8. Risk Parity,-0.09084663338486053
2024-02-06,8. Risk Parity,-0.08769662353066716
2024-02-07,8. Risk Parity,-0.08097185963767263
2024-02-08,8. Risk Parity,-0.07913606118339082
2024-02-09,8. Risk Parity,-0.07761959897343212
2024-02-12,8. Risk Parity,-0.07596719164379538
2024-02-13,8. Risk Parity,-0.08530101487669
2024-02-14,8. Risk Parity,-0.0781923263945741
2024-02-15,8. Risk Parity,-0.06936132842818739
2024-02-16,8. Risk Parity,-0.07324125016825986
2024-02-20,8. Risk Parity,-0.07568315592181998
2024-02-21,8. Risk Parity,-0.07498202431690189
2024-02-22,8. Risk Parity,-0.05387390993659871
2024-02-23,8. Risk Parity,-0.053333899918178884
2024-02-26,8. Risk Parity,-0.11262548951126398
2024-02-27,8. Risk Parity,-0.110281063431804
2024-02-28,8. Risk Parity,-0.10989962805224977
2024-02-29,8. Risk Parity,-0.110215143828579
2024-03-01,8. Risk Parity,-0.10686087757741658
2024-03-04,8. Risk Parity,-0.11243898658777293
2024-03-05,8. Risk Parity,-0.11645637103478358
2024-03-06,8. Risk Parity,-0.11368345145860682
2024-03-07,8. Risk Parity,-0.11048114862187383
2024-03-08,8. Risk Parity,-0.11088758296700749
2024-03-11,8. Risk Parity,-0.10574255820415907
2024-03-12,8. Risk Parity,-0.09835197826374813
2024-03-13,8. Risk Parity,-0.09708167972063887
2024-03-14,8. Risk Parity,-0.09891363231466481
2024-03-15,8. Risk Parity,-0.10476564347582176
2024-03-18,8. Risk Parity,-0.09849586912845314
2024-03-19,8. Risk Parity,-0.09470895724463146
2024-03-20,8. Risk Parity,-0.08737008847974403
2024-03-21,8. Risk Parity,-0.08629105589384606
2024-03-22,8. Risk Parity,-0.08923062451461346
2024-03-25,8. Risk Parity,-0.0913723476050765
2024-03-26,8. Risk Parity,-0.09162937931391303
2024-03-27,8. Risk Parity,-0.08533376647488762
2024-03-28,8. Risk Parity,-0.08540970861243186
2024-04-01,8. Risk Parity,-0.08836373268662825
2024-04-02,8. Risk Parity,-0.09054058448602446
2024-04-03,8. Risk Parity,-0.09615982569080286
2024-04-04,8. Risk Parity,-0.10538885505201015
2024-04-05,8. Risk Parity,-0.09744224836294116
2024-04-08,8. Risk Parity,-0.09793246107842837
2024-04-09,8. Risk Parity,-0.09639697251316276
2024-04-10,8. Risk Parity,-0.10264852703199352
2024-04-11,8. Risk Parity,-0.09947680663027444
2024-04-12,8. Risk Parity,-0.11170490332744441
2024-04-15,8. Risk Parity,-0.12001945590747017
2024-04-16,8. Risk Parity,-0.12469518124122693
2024-04-17,8. Risk Parity,-0.12632031980260813
2024-04-18,8. Risk Parity,-0.12677019913555923
2024-04-19,8. Risk Parity,-0.127716680155915
2024-04-22,8. Risk Parity,-0.12022616707534722
2024-04-23,8. Risk Parity,-0.11161775331303242
2024-04-24,8. Risk Parity,-0.11035620544944921
2024-04-25,8. Risk Parity,-0.11605883639597354
2024-04-26,8. Risk Parity,-0.1119678623440105
2024-04-29,8. Risk Parity,-0.10928078572029062
2024-04-30,8. Risk Parity,-0.11969595999377018
2024-05-01,8. Risk Parity,-0.11510204205598462
2024-05-02,8. Risk Parity,-0.10851832360815974
2024-05-03,8. Risk Parity,-0.10063208356110036
2024-05-06,8. Risk Parity,-0.09279408856535194
2024-05-07,8. Risk Parity,-0.0955127715485622
2024-05-08,8. Risk Parity,-0.09396173966534586
2024-05-09,8. Risk Parity,-0.08895374948835595
2024-05-10,8. Risk Parity,-0.08849318728970877
2024-05-13,8. Risk Parity,-0.08698351765097972
2024-05-14,8. Risk Parity,-0.08624010473109733
2024-05-15,8. Risk Parity,-0.07950465888465981
2024-05-16,8. Risk Parity,-0.0770877043959499
2024-05-17,8. Risk Parity,-0.07515538965403139
2024-05-20,8. Risk Parity,-0.08051385552870223
2024-05-21,8. Risk Parity,-0.07594477202912463
2024-05-22,8. Risk Parity,-0.07671427577227106
2024-05-23,8. Risk Parity,-0.08789007079660938
2024-05-24,8. Risk Parity,-0.08355980825458838
2024-05-28,8. Risk Parity,-0.0853461038954686
2024-05-29,8. Risk Parity,-0.09030890882384177
2024-05-30,8. Risk Parity,-0.0910033587442147
2024-05-31,8. Risk Parity,-0.08132421677210114
2024-06-03,8. Risk Parity,-0.08068760305857096
2024-06-04,8. Risk Parity,-0.07754950585333839
2024-06-05,8. Risk Parity,-0.07303108536477564
2024-06-06,8. Risk Parity,-0.07162476931577288
2024-06-07,8. Risk Parity,-0.07384718513404713
2024-06-10,8. Risk Parity,-0.10755256936053198
2024-06-11,8. Risk Parity,-0.10664139359479384
2024-06-12,8. Risk Parity,-0.10839862795391005
2024-06-13,8. Risk Parity,-0.10725743999998434
2024-06-14,8. Risk Parity,-0.10808659307036367
2024-06-17,8. Risk Parity,-0.10396004958725785
2024-06-18,8. Risk Parity,-0.1013878225051687
2024-06-20,8. Risk Parity,-0.09890845815144417
2024-06-21,8. Risk Parity,-0.09728847629675748
2024-06-24,8. Risk Parity,-0.09256156908960174
2024-06-25,8. Risk Parity,-0.09538716477177539
2024-06-26,8. Risk Parity,-0.09262433783985091
2024-06-27,8. Risk Parity,-0.09239862754720886
2024-06-28,8. Risk Parity,-0.09743288056626061
2024-07-01,8. Risk Parity,-0.0947992698004069
2024-07-02,8. Risk Parity,-0.08786270459606672
2024-07-03,8. Risk Parity,-0.08518759629482593
2024-07-05,8. Risk Parity,-0.07821622729171133
2024-07-08,8. Risk Parity,-0.08144950520800325
2024-07-09,8. Risk Parity,-0.0811977335843699
2024-07-10,8. Risk Parity,-0.07507674972381369
2024-07-11,8. Risk Parity,-0.08221740563490344
2024-07-12,8. Risk Parity,-0.07919401027526343
2024-07-15,8. Risk Parity,-0.07564570906992431
2024-07-16,8. Risk Parity,-0.06676492094114322
2024-07-17,8. Risk Parity,-0.06311771286016434
2024-07-18,8. Risk Parity,-0.07084447384086183
2024-07-19,8. Risk Parity,-0.07623607710045113
2024-07-22,8. Risk Parity,-0.0747269895922405
2024-07-23,8. Risk Parity,-0.07958210556266226
2024-07-24,8. Risk Parity,-0.08946441356307593
2024-07-25,8. Risk Parity,-0.08971839429199442
2024-07-26,8. Risk Parity,-0.08035194504559583
2024-07-29,8. Risk Parity,-0.07954718872273439
2024-07-30,8. Risk Parity,-0.077809933920135
2024-07-31,8. Risk Parity,-0.07870630464862025
2024-08-01,8. Risk Parity,-0.07872698327647117
2024-08-02,8. Risk Parity,-0.08521473914124404
2024-08-05,8. Risk Parity,-0.10837649192098371
2024-08-06,8. Risk Parity,-0.10558503109445201
2024-08-07,8. Risk Parity,-0.10746043864199908
2024-08-08,8. Risk Parity,-0.09574627143352538
2024-08-09,8. Risk Parity,-0.09262337941192274
2024-08-12,8. Risk Parity,-0.09626426071590387
2024-08-13,8. Risk Parity,-0.08980404858443071
2024-08-14,8. Risk Parity,-0.08641984301842578
2024-08-15,8. Risk Parity,-0.07676744271625456
2024-08-16,8. Risk Parity,-0.0748925854300578
2024-08-19,8. Risk Parity,-0.06945621588621607
2024-08-20,8. Risk Parity,-0.06894692046226435
2024-08-21,8. Risk Parity,-0.06682710026346263
2024-08-22,8. Risk Parity,-0.07086141946864248
2024-08-23,8. Risk Parity,-0.06450418631107474
2024-08-26,8. Risk Parity,-0.06106443150399342
2024-08-27,8. Risk Parity,-0.06239498216714179
2024-08-28,8. Risk Parity,-0.06561802647347893
2024-08-29,8. Risk Parity,-0.06063566824953009
2024-08-30,8. Risk Parity,-0.05228292232429797
2024-09-03,8. Risk Parity,-0.06024328863770742
2024-09-04,8. Risk Parity,-0.06063788588872931
2024-09-05,8. Risk Parity,-0.06384801579186111
2024-09-06,8. Risk Parity,-0.07482724333513423
2024-09-09,8. Risk Parity,-0.06241036792483476
2024-09-10,8. Risk Parity,-0.06234969569929523
2024-09-11,8. Risk Parity,-0.06334886888259486
2024-09-12,8. Risk Parity,-0.05949407126102852
2024-09-13,8. Risk Parity,-0.05563316910716239
2024-09-16,8. Risk Parity,-0.04824953845601688
2024-09-17,8. Risk Parity,-0.04630440068762047
2024-09-18,8. Risk Parity,-0.04916016917562134
2024-09-19,8. Risk Parity,-0.043421999286969305
2024-09-20,8. Risk Parity,-0.042435754816840386
2024-09-23,8. Risk Parity,-0.03983914822761782
2024-09-24,8. Risk Parity,-0.04203930373057904
2024-09-25,8. Risk Parity,-0.04676072127448257
2024-09-26,8. Risk Parity,-0.04700731982955466
2024-09-27,8. Risk Parity,-0.043092990073800734
2024-09-30,8. Risk Parity,-0.03887796177797123
2024-10-01,8. Risk Parity,-0.041871859440408096
2024-10-02,8. Risk Parity,-0.04467348968133611
2024-10-03,8. Risk Parity,-0.048601842621497096
2024-10-04,8. Risk Parity,-0.041502815145194924
2024-10-07,8. Risk Parity,-0.05215937433383785
2024-10-08,8. Risk Parity,-0.04751408330820917
2024-10-09,8. Risk Parity,-0.04054266567844382
2024-10-10,8. Risk Parity,-0.04446625332714169
2024-10-11,8. Risk Parity,-0.039022537587334906
2024-10-14,8. Risk Parity,-0.03448848172841953
2024-10-15,8. Risk Parity,-0.03332239870291165
2024-10-16,8. Risk Parity,-0.03014378963627536
2024-10-17,8. Risk Parity,-0.0331605306466658
2024-10-18,8. Risk Parity,-0.027282660512417928
2024-10-21,8. Risk Parity,-0.033831028007924556
2024-10-22,8. Risk Parity,-0.0320813654617512
2024-10-23,8. Risk Parity,-0.03826476416020015
2024-10-24,8. Risk Parity,-0.035519952516552045
2024-10-25,8. Risk Parity,-0.038915749864219716
2024-10-28,8. Risk Parity,-0.03489885913159194
2024-10-29,8. Risk Parity,-0.040174012796742146
2024-10-30,8. Risk Parity,-0.03859499785507806
2024-10-31,8. Risk Parity,-0.0498357569066283
2024-11-01,8. Risk Parity,-0.049016661003561134
2024-11-04,8. Risk Parity,-0.051508130776648335
2024-11-05,8. Risk Parity,-0.044179158390786594
2024-11-06,8. Risk Parity,-0.028695315883682616
2024-11-07,8. Risk Parity,-0.02425998424819761
2024-11-08,8. Risk Parity,-0.020247960823795715
2024-11-11,8. Risk Parity,-0.01816459314604277
2024-11-12,8. Risk Parity,-0.020825171121105254
2024-11-13,8. Risk Parity,-0.016291865642345475
2024-11-14,8. Risk Parity,-0.02040110426210581
2024-11-15,8. Risk Parity,-0.023232308774078704
2024-11-18,8. Risk Parity,-0.01711489913931381
2024-11-19,8. Risk Parity,-0.014282835128779073
2024-11-20,8. Risk Parity,-0.015587320311163388
2024-11-21,8. Risk Parity,-0.009748787196056758
2024-11-22,8. Risk Parity,-0.0017654053024920861
2024-11-25,8. Risk Parity,0.0
2024-11-26,8. Risk Parity,0.0
2024-11-27,8. Risk Parity,0.0
2024-11-29,8. Risk Parity,0.0
2024-12-02,8. Risk Parity,0.0
2024-12-03,8. Risk Parity,-0.0037837114750368414
2024-12-04,8. Risk Parity,-0.0073102500750668615
2024-12-05,8. Risk Parity,-0.0019862274060709886
2024-12-06,8. Risk Parity,0.0
2024-12-09,8. Risk Parity,-0.005731343788255
2024-12-10,8. Risk Parity,-0.0021612930004364485
2024-12-11,8. Risk Parity,0.0
2024-12-12,8. Risk Parity,-0.0017567112795921689
2024-12-13,8. Risk Parity,-0.00370630744966505
2024-12-16,8. Risk Parity,-0.002311160350268975
2024-12-17,8. Risk Parity,0.0
2024-12-18,8. Risk Parity,-0.025722748091078232
2024-12-19,8. Risk Parity,-0.025968133908331623
2024-12-20,8. Risk Parity,-0.020842613800807062
2024-12-23,8. Risk Parity,-0.01802418782821302
2024-12-24,8. Risk Parity,-0.005564783390902508
2024-12-26,8. Risk Parity,-0.007237222760895629
2024-12-27,8. Risk Parity,-0.016346647859310188
2024-12-30,8. Risk Parity,-0.027232003054938444
2024-12-31,8. Risk Parity,-0.027982854788193203
2025-01-02,8. Risk Parity,-0.03388414851583218
2025-01-03,8. Risk Parity,-0.027519932807091897
2025-01-06,8. Risk Parity,-0.02784492341664489
2025-01-07,8. Risk Parity,-0.029883997680527696
2025-01-08,8. Risk Parity,-0.03153512538966986
2025-01-10,8. Risk Parity,-0.04264494511445837
2025-01-13,8. Risk Parity,-0.03924825109603226
2025-01-14,8. Risk Parity,-0.039229439488174235
2025-01-15,8. Risk Parity,-0.022754403499456666
2025-01-16,8. Risk Parity,-0.025119026345512236
2025-01-17,8. Risk Parity,-0.017760176537258827
2025-01-21,8. Risk Parity,-0.012829187167569147
2025-01-22,8. Risk Parity,-0.011365818083193877
2025-01-23,8. Risk Parity,-0.002989725650545006
2025-01-24,8. Risk Parity,-0.004605079729845195
2025-01-27,8. Risk Parity,0.0
2025-01-28,8. Risk Parity,-0.002314471233354562
2025-01-29,8. Risk Parity,-0.002172951030701369
2025-01-30,8. Risk Parity,0.0
2025-01-31,8. Risk Parity,-0.005101523190643276
2025-02-03,8. Risk Parity,-0.007265144575017228
2025-02-04,8. Risk Parity,-0.0009830652450638305
2025-02-05,8. Risk Parity,-0.000495830829786224
2025-02-06,8. Risk Parity,0.0
2025-02-07,8. Risk Parity,-0.008590472683543428
2025-02-10,8. Risk Parity,-0.004928877107898222
2025-02-11,8. Risk Parity,-0.0005951367696290079
2025-02-12,8. Risk Parity,-0.0010108234294615049
2025-02-13,8. Risk Parity,0.0
2025-02-14,8. Risk Parity,-0.004769224101368575
2025-02-18,8. Risk Parity,-0.005411613071525359
2025-02-19,8. Risk Parity,-0.0009882741004086776
2025-02-20,8. Risk Parity,-0.008891162201329211
2025-02-21,8. Risk Parity,-0.014785452653869472
2025-02-24,8. Risk Parity,-0.01746858350839542
2025-02-25,8. Risk Parity,-0.01780522577662871
2025-02-26,8. Risk Parity,-0.023749162420241453
2025-02-27,8. Risk Parity,-0.02821802575006665
2025-02-28,8. Risk Parity,-0.01249529336980953
2025-03-03,8. Risk Parity,-0.019908784048083807
2025-03-04,8. Risk Parity,-0.03931776124795078
2025-03-05,8. Risk Parity,-0.03364169675731759
2025-03-06,8. Risk Parity,-0.04627779261947111
2025-03-07,8. Risk Parity,-0.04514874056375823
2025-03-10,8. Risk Parity,-0.0637728607934731
2025-03-11,8. Risk Parity,-0.0744641976565448
2025-03-12,8. Risk Parity,-0.07728789693132403
2025-03-13,8. Risk Parity,-0.09003366322802643
2025-03-14,8. Risk Parity,-0.07758506570468036
2025-03-17,8. Risk Parity,-0.07094634580190594
2025-03-18,8. Risk Parity,-0.07816227769176515
2025-03-19,8. Risk Parity,-0.06927961549659374
2025-03-20,8. Risk Parity,-0.07015891203157282
2025-03-21,8. Risk Parity,-0.06814132594866372
2025-03-24,8. Risk Parity,-0.05503708305494759
2025-03-25,8. Risk Parity,-0.05403870723585792
2025-03-26,8. Risk Parity,-0.056758958292658285
2025-03-27,8. Risk Parity,-0.05372959922728683
2025-03-28,8. Risk Parity,-0.07021030031929301
2025-03-31,8. Risk Parity,-0.06046903020299433
2025-04-01,8. Risk Parity,-0.06653811008508845
2025-04-02,8. Risk Parity,-0.062431872945006725
2025-04-03,8. Risk Parity,-0.09118721455974818
2025-04-04,8. Risk Parity,-0.14255438811633994
2025-04-07,8. Risk Parity,-0.1490730529378886
2025-04-08,8. Risk Parity,-0.16093673641198433
2025-04-09,8. Risk Parity,-0.10284209624445406
2025-04-10,8. Risk Parity,-0.12530005921012122
2025-04-11,8. Risk Parity,-0.10977099156146188
2025-04-14,8. Risk Parity,-0.1024654139878562
2025-04-15,8. Risk Parity,-0.10201126687113034
2025-04-16,8. Risk Parity,-0.11617949953746513
2025-04-17,8. Risk Parity,-0.10569907278760755
2025-04-21,8. Risk Parity,-0.11947176429212432
2025-04-22,8. Risk Parity,-0.09690670121778824
2025-04-23,8. Risk Parity,-0.09133335654166636
2025-04-24,8. Risk Parity,-0.08272706427787291
2025-04-25,8. Risk Parity,-0.07846533609106769
2025-04-28,8. Risk Parity,-0.07690075663771911
2025-04-29,8. Risk Parity,-0.06984075024833518
2025-04-30,8. Risk Parity,-0.06883350298492664
2025-05-01,8. Risk Parity,-0.06828841940180692
2025-05-02,8. Risk Parity,-0.05731058261456729
2025-05-05,8. Risk Parity,-0.06427006055878383
2025-05-06,8. Risk Parity,-0.06910066378278432
2025-05-07,8. Risk Parity,-0.06306317847734183
2025-05-08,8. Risk Parity,-0.06003739043530167
2025-05-09,8. Risk Parity,-0.06181018170780133
2025-05-12,8. Risk Parity,-0.041252091596148385
2025-05-13,8. Risk Parity,-0.040360952632413065
2025-05-14,8. Risk Parity,-0.038633908714004364
2025-05-15,8. Risk Parity,-0.029318680103609936
2025-05-16,8. Risk Parity,-0.023110229861477764
2025-05-19,8. Risk Parity,-0.02336760455633071
2025-05-20,8. Risk Parity,-0.024795731011471964
2025-05-21,8. Risk Parity,-0.035173444616985974
2025-05-22,8. Risk Parity,-0.036268312009463864
2025-05-23,8. Risk Parity,-0.03968329429151946
2025-05-27,8. Risk Parity,-0.023396841288774294
2025-05-28,8. Risk Parity,-0.028821274091092072
2025-05-29,8. Risk Parity,-0.02591909228483364
2025-05-30,8. Risk Parity,-0.021621905842166434
2025-06-02,8. Risk Parity,-0.02092256520893227
2025-06-03,8. Risk Parity,-0.021308740315649218
2025-06-04,8. Risk Parity,-0.021865006741535686
2025-06-05,8. Risk Parity,-0.03077260381368246
2025-06-06,8. Risk Parity,-0.02034347540171125
2025-06-09,8. Risk Parity,-0.01827266841771144
2025-06-10,8. Risk Parity,-0.009941890463266982
2025-06-11,8. Risk Parity,-0.012170803965062033
2025-06-12,8. Risk Parity,-0.011247439399115584
2025-06-13,8. Risk Parity,-0.022942763827224502
2025-06-16,8. Risk Parity,-0.01765242342318137
2025-06-17,8. Risk Parity,-0.025255311469195817
2025-06-18,8. Risk Parity,-0.03132029361965554
2025-06-20,8. Risk Parity,-0.03179834660960096
2025-06-23,8. Risk Parity,-0.020725080682825688
2025-06-24,8. Risk Parity,-0.014519022988431149
2025-06-25,8. Risk Parity,-0.017118240606332637
2025-06-26,8. Risk Parity,-0.011122328861849851
2025-06-27,8. Risk Parity,-0.00505125678130366
2025-06-30,8. Risk Parity,-0.0015957833113732418
2025-07-01,8. Risk Parity,0.0
2025-07-02,8. Risk Parity,0.0
2025-07-03,8. Risk Parity,0.0
2025-07-07,8. Risk Parity,-0.0079874099624198
2025-07-08,8. Risk Parity,-0.014393223254800818
2025-07-09,8. Risk Parity,-0.01230431780574825
2025-07-10,8. Risk Parity,-0.009507520618183309
2025-07-11,8. Risk Parity,-0.013983717667892515
2025-07-14,8. Risk Parity,-0.014542691003052693
2025-07-15,8. Risk Parity,-0.02232107219074478
2025-07-16,8. Risk Parity,-0.01644281976262343
2025-07-17,8. Risk Parity,-0.010640819244380784
2025-07-18,8. Risk Parity,-0.015039529640547175
2025-07-21,8. Risk Parity,-0.010314788575244194
2025-07-22,8. Risk Parity,-0.005848238234309683
2025-07-23,8. Risk Parity,-0.0014799103810482954
2025-07-24,8. Risk Parity,-0.001744598515527758
2025-07-25,8. Risk Parity,-0.0007280767569918875
2025-07-28,8. Risk Parity,-0.003917879067203934
2025-07-29,8. Risk Parity,-0.003940228666834402
2025-07-30,8. Risk Parity,-0.009388920370968765
2025-07-31,8. Risk Parity,-0.013809203323755414
2025-08-01,8. Risk Parity,-0.02363846491212944
2025-08-04,8. Risk Parity,-0.013284614271708104
2025-08-05,8. Risk Parity,-0.015360039907526189
2025-08-06,8. Risk Parity,-0.00780653288995286
2025-08-07,8. Risk Parity,-0.008515977208661889
2025-08-08,8. Risk Parity,0.0
2025-08-11,8. Risk Parity,0.0
2025-08-12,8. Risk Parity,0.0
2025-08-13,8. Risk Parity,0.0
2025-08-14,8. Risk Parity,0.0
2025-08-15,8. Risk Parity,-0.001410604526765409
2025-08-18,8. Risk Parity,-0.0013217376573667933
2025-08-19,8. Risk Parity,-0.00014026827436115115
2025-08-20,8. Risk Parity,0.0
2025-08-21,8. Risk Parity,-0.003867321524765372
2025-08-22,8. Risk Parity,0.0
2025-08-25,8. Risk Parity,-0.005304439196294803
2025-08-26,8. Risk Parity,-0.00461857771366482
2025-08-27,8. Risk Parity,-0.002460307717056738
2025-08-28,8. Risk Parity,-0.002726532148691946
2025-08-29,8. Risk Parity,-0.0014840928881114342
2025-09-02,8. Risk Parity,-0.002759751138718605
2025-09-03,8. Risk Parity,0.0
2025-09-04,8. Risk Parity,0.0
2025-09-05,8. Risk Parity,-0.006255946968387631
2025-09-08,8. Risk Parity,-0.007462350281708368
2025-09-09,8. Risk Parity,-0.0032675932538379277
2025-09-10,8. Risk Parity,-0.010349720647354808
2025-09-11,8. Risk Parity,-0.0018817693579968994
2025-09-12,8. Risk Parity,-0.002949268829489511
2025-09-15,8. Risk Parity,0.0
2025-09-16,8. Risk Parity,0.0
2025-09-17,8. Risk Parity,0.0
2025-09-18,8. Risk Parity,-0.007432541133588162
2025-09-19,8. Risk Parity,-0.003433429431796398
2025-09-22,8. Risk Parity,-0.00615100261754516
2025-09-23,8. Risk Parity,-0.009777100033857225
2025-09-24,8. Risk Parity,-0.009755543896150609
2025-09-25,8. Risk Parity,-0.013260954254936032
2025-09-26,8. Risk Parity,-0.007910431506699078
2025-09-29,8. Risk Parity,-0.006444132458483231
2025-09-30,8. Risk Parity,-0.0032602992524617767
2025-10-01,8. Risk Parity,-0.0015095800571039875
2025-10-02,8. Risk Parity,-0.0065938579800890115
2025-10-03,8. Risk Parity,-0.00309306573283511
2025-10-06,8. Risk Parity,-0.0023785930375078675
2025-10-07,8. Risk Parity,-0.0023504802692745023
2025-10-08,8. Risk Parity,-0.004613040077775156
2025-10-09,8. Risk Parity,-0.00781634954242564
2025-10-10,8. Risk Parity,-0.0229227883944478
2025-10-13,8. Risk Parity,-0.015434380432952824
2025-10-14,8. Risk Parity,-0.011353854071927036
2025-10-15,8. Risk Parity,-0.008724759541800697
2025-10-16,8. Risk Parity,-0.01704900615795227
2025-10-17,8. Risk Parity,-0.00629862999866202
2025-10-20,8. Risk Parity,0.0
2025-10-21,8. Risk Parity,0.0
2025-10-22,8. Risk Parity,-0.007510068484673102
2025-10-23,8. Risk Parity,-0.006027294586801453
2025-10-24,8. Risk Parity,-0.0048598741494123065
2025-10-27,8. Risk Parity,0.0
2025-10-28,8. Risk Parity,-0.001550302324931795
2025-10-29,8. Risk Parity,-0.0065702287229162494
2025-10-30,8. Risk Parity,-0.009857413183364057
2025-10-31,8. Risk Parity,-0.0051012366983638514
2025-11-03,8. Risk Parity,-0.009053069738718732
2025-11-04,8. Risk Parity,-0.012252270830871196
2025-11-05,8. Risk Parity,-0.01174765079939234
2025-11-06,8. Risk Parity,-0.01403519428004683
2025-11-07,8. Risk Parity,-0.013286259594941783
2025-11-10,8. Risk Parity,-0.004908832787485795
2025-11-11,8. Risk Parity,0.0
2025-11-12,8. Risk Parity,-0.0008527354080220337
2025-11-13,8. Risk Parity,-0.01475550257475459
2025-11-14,8. Risk Parity,-0.02187286397335688
2025-11-17,8. Risk Parity,-0.07009578343083878
2025-11-18,8. Risk Parity,-0.07511158758358284
2025-11-19,8. Risk Parity,-0.07382932238821911
2025-11-20,8. Risk Parity,-0.07835892076860726
2025-11-21,8. Risk Parity,-0.06739116387021599
2025-11-24,8. Risk Parity,-0.0612034557266311
2025-11-25,8. Risk Parity,-0.051089046034478745
2025-11-26,8. Risk Parity,-0.04715434682596258
2015-11-30,9. Max Diversification,0.0
2015-12-01,9. Max Diversification,0.0
2015-12-02,9. Max Diversification,0.0
2015-12-03,9. Max Diversification,0.0
2015-12-04,9. Max Diversification,0.0
2015-12-07,9. Max Diversification,0.0
2015-12-08,9. Max Diversification,0.0
2015-12-09,9. Max Diversification,0.0
2015-12-10,9. Max Diversification,0.0
2015-12-11,9. Max Diversification,0.0
2015-12-14,9. Max Diversification,0.0
2015-12-15,9. Max Diversification,0.0
2015-12-16,9. Max Diversification,0.0
2015-12-17,9. Max Diversification,0.0
2015-12-18,9. Max Diversification,0.0
2015-12-21,9. Max Diversification,0.0
2015-12-22,9. Max Diversification,0.0
2015-12-23,9. Max Diversification,0.0
2015-12-24,9. Max Diversification,0.0
2015-12-28,9. Max Diversification,0.0
2015-12-29,9. Max Diversification,0.0
2015-12-30,9. Max Diversification,0.0
2015-12-31,9. Max Diversification,-0.0010999999999998789
2016-01-04,9. Max Diversification,-0.0163016808409977
2016-01-05,9. Max Diversification,-0.008861383975883541
2016-01-06,9. Max Diversification,0.0
2016-01-07,9. Max Diversification,-0.0021087585596058717
2016-01-08,9. Max Diversification,-0.024578805301863047
2016-01-11,9. Max Diversification,-0.01730197718679962
2016-01-12,9. Max Diversification,-0.012217882712317637
2016-01-13,9. Max Diversification,-0.045365904063385046
2016-01-14,9. Max Diversification,-0.025069777133593325
2016-01-15,9. Max Diversification,-0.046260721150478794
2016-01-19,9. Max Diversification,-0.03844366609979152
2016-01-20,9. Max Diversification,-0.061978245795069616
2016-01-21,9. Max Diversification,-0.06086029769051369
2016-01-22,9. Max Diversification,-0.048670759821744666
2016-01-25,9. Max Diversification,-0.05674155336564627
2016-01-26,9. Max Diversification,-0.047677479980485236
2016-01-27,9. Max Diversification,-0.06702991410013182
2016-01-28,9. Max Diversification,-0.054337044053737994
2016-01-29,9. Max Diversification,-0.054789494482749695
2016-02-01,9. Max Diversification,-0.04839550368528287
2016-02-02,9. Max Diversification,-0.0724045128805275
2016-02-03,9. Max Diversification,-0.06682739963376849
2016-02-04,9. Max Diversification,-0.0639797739395364
2016-02-05,9. Max Diversification,-0.0888830539754053
2016-02-08,9. Max Diversification,-0.09719039259168968
2016-02-09,9. Max Diversification,-0.09843280232535602
2016-02-10,9. Max Diversification,-0.0980017793932682
2016-02-11,9. Max Diversification,-0.1020724417350382
2016-02-12,9. Max Diversification,-0.08954885918507093
2016-02-16,9. Max Diversification,-0.0778812606061586
2016-02-17,9. Max Diversification,-0.05622150748940296
2016-02-18,9. Max Diversification,-0.05759606161859178
2016-02-19,9. Max Diversification,-0.054674792571464126
2016-02-22,9. Max Diversification,-0.03575539913266974
2016-02-23,9. Max Diversification,-0.04061736405544273
2016-02-24,9. Max Diversification,-0.030223484864427545
2016-02-25,9. Max Diversification,-0.016757271872955243
2016-02-26,9. Max Diversification,-0.024334273088475345
2016-02-29,9. Max Diversification,-0.024755275774229844
2016-03-01,9. Max Diversification,-0.004762650662760697
2016-03-02,9. Max Diversification,-0.0019594847797218483
2016-03-03,9. Max Diversification,-0.004307221590582369
2016-03-04,9. Max Diversification,0.0
2016-03-07,9. Max Diversification,0.0
2016-03-08,9. Max Diversification,-0.008211966966889032
2016-03-09,9. Max Diversification,-0.007252386366017904
2016-03-10,9. Max Diversification,-0.010291626987011224
2016-03-11,9. Max Diversification,-0.0039025851291336596
2016-03-14,9. Max Diversification,-0.0024498421373599874
2016-03-15,9. Max Diversification,-0.0007815327580535734
2016-03-16,9. Max Diversification,0.0
2016-03-17,9. Max Diversification,0.0
2016-03-18,9. Max Diversification,0.0
2016-03-21,9. Max Diversification,0.0
2016-03-22,9. Max Diversification,0.0
2016-03-23,9. Max Diversification,-0.0011851822188362847
2016-03-24,9. Max Diversification,0.0
2016-03-28,9. Max Diversification,0.0
2016-03-29,9. Max Diversification,0.0
2016-03-30,9. Max Diversification,0.0
2016-03-31,9. Max Diversification,-0.0065241112876948905
2016-04-01,9. Max Diversification,0.0
2016-04-04,9. Max Diversification,0.0
2016-04-05,9. Max Diversification,-0.0019505285991059053
2016-04-06,9. Max Diversification,0.0
2016-04-07,9. Max Diversification,-0.010044991701756658
2016-04-08,9. Max Diversification,-0.00928692119593159
2016-04-11,9. Max Diversification,-0.014694465389333678
2016-04-12,9. Max Diversification,0.0
2016-04-13,9. Max Diversification,0.0
2016-04-14,9. Max Diversification,0.0
2016-04-15,9. Max Diversification,0.0
2016-04-18,9. Max Diversification,0.0
2016-04-19,9. Max Diversification,-0.019040804721005233
2016-04-20,9. Max Diversification,-0.014448911977031857
2016-04-21,9. Max Diversification,-0.020218181338252126
2016-04-22,9. Max Diversification,-0.017153006008370265
2016-04-25,9. Max Diversification,-0.016477328419728213
2016-04-26,9. Max Diversification,-0.019029658231593777
2016-04-27,9. Max Diversification,-0.015885616568003053
2016-04-28,9. Max Diversification,-0.025406152263335206
2016-04-29,9. Max Diversification,-0.0259247610118982
2016-05-02,9. Max Diversification,-0.0159146166628038
2016-05-03,9. Max Diversification,-0.020803385911523375
2016-05-04,9. Max Diversification,-0.025214563632025743
2016-05-05,9. Max Diversification,-0.026628718657887036
2016-05-06,9. Max Diversification,-0.017518788667196382
2016-05-09,9. Max Diversification,-0.015377741904585648
2016-05-10,9. Max Diversification,-0.006988379500318395
2016-05-11,9. Max Diversification,-0.02516131506985536
2016-05-12,9. Max Diversification,-0.02398239056389489
2016-05-13,9. Max Diversification,-0.02243930330131024
2016-05-16,9. Max Diversification,-0.01130012994658637
2016-05-17,9. Max Diversification,-0.02033716796191153
2016-05-18,9. Max Diversification,-0.022392890245701638
2016-05-19,9. Max Diversification,0.0
2016-05-20,9. Max Diversification,0.0
2016-05-23,9. Max Diversification,-0.0002655430172414802
2016-05-24,9. Max Diversification,0.0
2016-05-25,9. Max Diversification,0.0
2016-05-26,9. Max Diversification,0.0
2016-05-27,9. Max Diversification,0.0
2016-05-31,9. Max Diversification,-0.00123917716586545
2016-06-01,9. Max Diversification,-0.002668904227259869
2016-06-02,9. Max Diversification,-0.0015443904470455341
2016-06-03,9. Max Diversification,-0.005367345210154131
2016-06-06,9. Max Diversification,0.0
2016-06-07,9. Max Diversification,0.0
2016-06-08,9. Max Diversification,0.0
2016-06-09,9. Max Diversification,0.0
2016-06-10,9. Max Diversification,-0.008841904827047007
2016-06-13,9. Max Diversification,-0.014535814107501589
2016-06-14,9. Max Diversification,-0.012039702978308954
2016-06-15,9. Max Diversification,-0.011566979033727937
2016-06-16,9. Max Diversification,-0.0065749168429155005
2016-06-17,9. Max Diversification,-0.016368893834383055
2016-06-20,9. Max Diversification,-0.011393244382079283
2016-06-21,9. Max Diversification,-0.010885836857522342
2016-06-22,9. Max Diversification,-0.017094073737024942
2016-06-23,9. Max Diversification,-0.008621149492262496
2016-06-24,9. Max Diversification,-0.030949833380077132
2016-06-27,9. Max Diversification,-0.0395754435462089
2016-06-28,9. Max Diversification,-0.025248733045026974
2016-06-29,9. Max Diversification,-0.008969412418804223
2016-06-30,9. Max Diversification,-0.009168635256241751
2016-07-01,9. Max Diversification,-0.004238307975891026
2016-07-05,9. Max Diversification,-0.0005478222994729506
2016-07-06,9. Max Diversification,0.0
2016-07-07,9. Max Diversification,-0.0004610667291704441
2016-07-08,9. Max Diversification,0.0
2016-07-11,9. Max Diversification,0.0
2016-07-12,9. Max Diversification,0.0
2016-07-13,9. Max Diversification,0.0
2016-07-14,9. Max Diversification,0.0
2016-07-15,9. Max Diversification,-0.0023932504559397196
2016-07-18,9. Max Diversification,0.0
2016-07-19,9. Max Diversification,-0.009709005148935298
2016-07-20,9. Max Diversification,-0.0057749595356323125
2016-07-21,9. Max Diversification,-0.01278887480003777
2016-07-22,9. Max Diversification,-0.007336619409318953
2016-07-25,9. Max Diversification,-0.005348034006953421
2016-07-26,9. Max Diversification,-0.003715319868473451
2016-07-27,9. Max Diversification,-0.01082758675492465
2016-07-28,9. Max Diversification,-0.010259347051760015
2016-07-29,9. Max Diversification,-0.009871592741958842
2016-08-01,9. Max Diversification,-0.010400543763432342
2016-08-02,9. Max Diversification,-0.01695859173464436
2016-08-03,9. Max Diversification,-0.020960084430950342
2016-08-04,9. Max Diversification,-0.015986540030230912
2016-08-05,9. Max Diversification,-0.00783620745490539
2016-08-08,9. Max Diversification,-0.010139644377844191
2016-08-09,9. Max Diversification,-0.008583256736797638
2016-08-10,9. Max Diversification,-0.012336338459325072
2016-08-11,9. Max Diversification,-0.00739381634939473
2016-08-12,9. Max Diversification,0.0
2016-08-15,9. Max Diversification,-0.0026305984720011565
2016-08-16,9. Max Diversification,-0.008021132395481861
2016-08-17,9. Max Diversification,-0.0079288436656433
2016-08-18,9. Max Diversification,0.0
2016-08-19,9. Max Diversification,-0.008259580749175658
2016-08-22,9. Max Diversification,-0.009230237251739031
2016-08-23,9. Max Diversification,-0.008894603886149913
2016-08-24,9. Max Diversification,-0.012324190013588495
2016-08-25,9. Max Diversification,-0.01672450404184329
2016-08-26,9. Max Diversification,-0.016012677557692413
2016-08-29,9. Max Diversification,-0.013210130627635009
2016-08-30,9. Max Diversification,-0.01763891706222665
2016-08-31,9. Max Diversification,-0.01795534186478997
2016-09-01,9. Max Diversification,-0.01229986493768091
2016-09-02,9. Max Diversification,-0.01305254643212571
2016-09-06,9. Max Diversification,-0.002461598725754047
2016-09-07,9. Max Diversification,-0.009467318270247936
2016-09-08,9. Max Diversification,-0.008864204134751339
2016-09-09,9. Max Diversification,-0.03678357272741115
2016-09-12,9. Max Diversification,-0.019171619645413918
2016-09-13,9. Max Diversification,-0.03504630115821774
2016-09-14,9. Max Diversification,-0.034529237378953706
2016-09-15,9. Max Diversification,-0.022152226343300024
2016-09-16,9. Max Diversification,-0.019916102779736343
2016-09-19,9. Max Diversification,-0.02324236457029109
2016-09-20,9. Max Diversification,-0.025895769803462483
2016-09-21,9. Max Diversification,-0.019054432935271783
2016-09-22,9. Max Diversification,-0.015123271179141744
2016-09-23,9. Max Diversification,-0.015692516364487936
2016-09-26,9. Max Diversification,-0.02570756949269598
2016-09-27,9. Max Diversification,-0.012730060169844643
2016-09-28,9. Max Diversification,-0.0068640126424351295
2016-09-29,9. Max Diversification,-0.014262618355119869
2016-09-30,9. Max Diversification,-0.01451471567373906
2016-10-03,9. Max Diversification,-0.010858723548220386
2016-10-04,9. Max Diversification,-0.014876870365598817
2016-10-05,9. Max Diversification,-0.010407695348328359
2016-10-06,9. Max Diversification,-0.02258326036190226
2016-10-07,9. Max Diversification,-0.027570062666972397
2016-10-10,9. Max Diversification,-0.02428728696812727
2016-10-11,9. Max Diversification,-0.03403679358575638
2016-10-12,9. Max Diversification,-0.033970235399747015
2016-10-13,9. Max Diversification,-0.035719461347522
2016-10-14,9. Max Diversification,-0.034806165844028396
2016-10-17,9. Max Diversification,-0.03934527439810855
2016-10-18,9. Max Diversification,-0.016853127368273546
2016-10-19,9. Max Diversification,-0.01215042731017681
2016-10-20,9. Max Diversification,-0.011913790122412482
2016-10-21,9. Max Diversification,-0.010831548571174125
2016-10-24,9. Max Diversification,-2.765783971073004e-05
2016-10-25,9. Max Diversification,0.0
2016-10-26,9. Max Diversification,0.0
2016-10-27,9. Max Diversification,-0.0031894739447366183
2016-10-28,9. Max Diversification,-0.011348392833593821
2016-10-31,9. Max Diversification,-0.011663221973741287
2016-11-01,9. Max Diversification,-0.022733373819357125
2016-11-02,9. Max Diversification,-0.02730418057193591
2016-11-03,9. Max Diversification,-0.03242909528334852
2016-11-04,9. Max Diversification,-0.03534546175874047
2016-11-07,9. Max Diversification,-0.017099370375756096
2016-11-08,9. Max Diversification,-0.015302160281409079
2016-11-09,9. Max Diversification,-0.009370205109258067
2016-11-10,9. Max Diversification,-0.01986028986494629
2016-11-11,9. Max Diversification,-0.0030557366397450663
2016-11-14,9. Max Diversification,-0.019058337942940012
2016-11-15,9. Max Diversification,-0.007331550763283797
2016-11-16,9. Max Diversification,-0.002161195500322541
2016-11-17,9. Max Diversification,-0.007324833748468353
2016-11-18,9. Max Diversification,-0.011572565773741288
2016-11-21,9. Max Diversification,-0.0015977080553259697
2016-11-22,9. Max Diversification,0.0
2016-11-23,9. Max Diversification,0.0
2016-11-25,9. Max Diversification,0.0
2016-11-28,9. Max Diversification,-0.003284816692867762
2016-11-29,9. Max Diversification,-0.007218613206108272
2016-11-30,9. Max Diversification,-0.007454975017421338
2016-12-01,9. Max Diversification,-0.01877473749154112
2016-12-02,9. Max Diversification,-0.013742854173014681
2016-12-05,9. Max Diversification,-0.009957017315329235
2016-12-06,9. Max Diversification,-0.003663519031690866
2016-12-07,9. Max Diversification,0.0
2016-12-08,9. Max Diversification,-0.004812317926200164
2016-12-09,9. Max Diversification,0.0
2016-12-12,9. Max Diversification,0.0
2016-12-13,9. Max Diversification,0.0
2016-12-14,9. Max Diversification,-0.0016478494251654424
2016-12-15,9. Max Diversification,0.0
2016-12-16,9. Max Diversification,0.0
2016-12-19,9. Max Diversification,0.0
2016-12-20,9. Max Diversification,0.0
2016-12-21,9. Max Diversification,-0.0030378660162750817
2016-12-22,9. Max Diversification,-0.006481358967254583
2016-12-23,9. Max Diversification,-0.0019508803342925209
2016-12-27,9. Max Diversification,0.0
2016-12-28,9. Max Diversification,-0.013552700399877878
2016-12-29,9. Max Diversification,-0.01218883070511122
2016-12-30,9. Max Diversification,-0.02003021657820033
2017-01-03,9. Max Diversification,-0.01725300615165379
2017-01-04,9. Max Diversification,-0.010167164253469372
2017-01-05,9. Max Diversification,-0.009570327579564818
2017-01-06,9. Max Diversification,-0.009829196963783761
2017-01-09,9. Max Diversification,-0.00695729301621078
2017-01-10,9. Max Diversification,-0.013062668065483105
2017-01-11,9. Max Diversification,-0.014080460021091737
2017-01-12,9. Max Diversification,-0.019816393300008457
2017-01-13,9. Max Diversification,-0.016898413755699847
2017-01-17,9. Max Diversification,-0.016301813226631923
2017-01-18,9. Max Diversification,-0.01633052330697654
2017-01-19,9. Max Diversification,-0.01593837764016365
2017-01-20,9. Max Diversification,-0.014216915771745657
2017-01-23,9. Max Diversification,-0.016450101193481333
2017-01-24,9. Max Diversification,-0.009949533320859166
2017-01-25,9. Max Diversification,-0.00769079163813267
2017-01-26,9. Max Diversification,-0.007409807759390517
2017-01-27,9. Max Diversification,-0.0055174329966908246
2017-01-30,9. Max Diversification,-0.00928357700661469
2017-01-31,9. Max Diversification,-0.009669826664358065
2017-02-01,9. Max Diversification,-0.00644858668120072
2017-02-02,9. Max Diversification,-0.004118536716133076
2017-02-03,9. Max Diversification,-0.002253457600829089
2017-02-06,9. Max Diversification,0.0
2017-02-07,9. Max Diversification,0.0
2017-02-08,9. Max Diversification,0.0
2017-02-09,9. Max Diversification,0.0
2017-02-10,9. Max Diversification,-0.0033336912632174775
2017-02-13,9. Max Diversification,-0.002290959299506664
2017-02-14,9. Max Diversification,0.0
2017-02-15,9. Max Diversification,0.0
2017-02-16,9. Max Diversification,-0.001487811623709336
2017-02-17,9. Max Diversification,0.0
2017-02-21,9. Max Diversification,0.0
2017-02-22,9. Max Diversification,-0.0002927298490609761
2017-02-23,9. Max Diversification,-0.006721455036645611
2017-02-24,9. Max Diversification,-0.0031201177352831845
2017-02-27,9. Max Diversification,-0.0031966667292645905
2017-02-28,9. Max Diversification,-0.0034839546145140356
2017-03-01,9. Max Diversification,0.0
2017-03-02,9. Max Diversification,-0.0036206651674791216
2017-03-03,9. Max Diversification,-0.005239675446702519
2017-03-06,9. Max Diversification,-0.006047575871020193
2017-03-07,9. Max Diversification,-0.007523403451975421
2017-03-08,9. Max Diversification,-0.010267658795831988
2017-03-09,9. Max Diversification,-0.005783123399938643
2017-03-10,9. Max Diversification,-0.0035285022067787
2017-03-13,9. Max Diversification,-4.205469765948983e-05
2017-03-14,9. Max Diversification,0.0
2017-03-15,9. Max Diversification,0.0
2017-03-16,9. Max Diversification,0.0
2017-03-17,9. Max Diversification,-0.002285583542835887
2017-03-20,9. Max Diversification,0.0
2017-03-21,9. Max Diversification,-0.012372958423641979
2017-03-22,9. Max Diversification,-0.010175706683185529
2017-03-23,9. Max Diversification,-0.012982150263605519
2017-03-24,9. Max Diversification,-0.01286205736276259
2017-03-27,9. Max Diversification,-0.00874527414279307
2017-03-28,9. Max Diversification,-0.0018977755820993854
2017-03-29,9. Max Diversification,-0.0014310853495277836
2017-03-30,9. Max Diversification,0.0
2017-03-31,9. Max Diversification,-0.00354304788504939
2017-04-03,9. Max Diversification,0.0
2017-04-04,9. Max Diversification,-0.002713915209722861
2017-04-05,9. Max Diversification,-0.007528093203702012
2017-04-06,9. Max Diversification,-0.005784470970942267
2017-04-07,9. Max Diversification,-0.003938483226220861
2017-04-10,9. Max Diversification,-0.0031208670066216132
2017-04-11,9. Max Diversification,-0.004927060428991216
2017-04-12,9. Max Diversification,-0.006326755891871998
2017-04-13,9. Max Diversification,-0.010719687933808827
2017-04-17,9. Max Diversification,-0.002262397294111665
2017-04-18,9. Max Diversification,-0.010365170818583123
2017-04-19,9. Max Diversification,-0.012158017482088211
2017-04-20,9. Max Diversification,-0.006414606687434405
2017-04-21,9. Max Diversification,-0.006567332973440069
2017-04-24,9. Max Diversification,0.0
2017-04-25,9. Max Diversification,0.0
2017-04-26,9. Max Diversification,-0.002422610391936135
2017-04-27,9. Max Diversification,-0.0009733303809229347
2017-04-28,9. Max Diversification,-0.0005312754812995591
2017-05-01,9. Max Diversification,0.0
2017-05-02,9. Max Diversification,-0.001124967518431139
2017-05-03,9. Max Diversification,-0.0024298075702548954
2017-05-04,9. Max Diversification,-0.00474032539356751
2017-05-05,9. Max Diversification,-0.0015419684873964306
2017-05-08,9. Max Diversification,0.0
2017-05-09,9. Max Diversification,0.0
2017-05-10,9. Max Diversification,0.0
2017-05-11,9. Max Diversification,0.0
2017-05-12,9. Max Diversification,0.0
2017-05-15,9. Max Diversification,0.0
2017-05-16,9. Max Diversification,-0.0006353930117405295
2017-05-17,9. Max Diversification,-0.020994756417938805
2017-05-18,9. Max Diversification,-0.00877595498420549
2017-05-19,9. Max Diversification,-0.00282860451805912
2017-05-22,9. Max Diversification,-0.0002044326605329961
2017-05-23,9. Max Diversification,-0.000636971316195562
2017-05-24,9. Max Diversification,0.0
2017-05-25,9. Max Diversification,0.0
2017-05-26,9. Max Diversification,0.0
2017-05-30,9. Max Diversification,0.0
2017-05-31,9. Max Diversification,-0.000356354516168999
2017-06-01,9. Max Diversification,0.0
2017-06-02,9. Max Diversification,0.0
2017-06-05,9. Max Diversification,0.0
2017-06-06,9. Max Diversification,-0.00037427192097061197
2017-06-07,9. Max Diversification,0.0
2017-06-08,9. Max Diversification,0.0
2017-06-09,9. Max Diversification,-0.0022862474371569404
2017-06-12,9. Max Diversification,-0.003720108628460174
2017-06-13,9. Max Diversification,0.0
2017-06-14,9. Max Diversification,0.0
2017-06-15,9. Max Diversification,-0.002117581859428555
2017-06-16,9. Max Diversification,-0.006229315584260494
2017-06-19,9. Max Diversification,-0.001393599104502365
2017-06-20,9. Max Diversification,-0.003263202800575546
2017-06-21,9. Max Diversification,-0.000858182875914389
2017-06-22,9. Max Diversification,-0.0016186950471250006
2017-06-23,9. Max Diversification,-0.002619207290200787
2017-06-26,9. Max Diversification,-0.003462035263666958
2017-06-27,9. Max Diversification,-0.012687477301712142
2017-06-28,9. Max Diversification,-0.00551120710280021
2017-06-29,9. Max Diversification,-0.016672199272423537
2017-06-30,9. Max Diversification,-0.01747651939803551
2017-07-03,9. Max Diversification,-0.017767681436036725
2017-07-05,9. Max Diversification,-0.022530141288959117
2017-07-06,9. Max Diversification,-0.032289637190115836
2017-07-07,9. Max Diversification,-0.028002047371968257
2017-07-10,9. Max Diversification,-0.029646685089232225
2017-07-11,9. Max Diversification,-0.026965200300927344
2017-07-12,9. Max Diversification,-0.01927787105644728
2017-07-13,9. Max Diversification,-0.018506680701833613
2017-07-14,9. Max Diversification,-0.011073897019172229
2017-07-17,9. Max Diversification,-0.013625986906323566
2017-07-18,9. Max Diversification,-0.0015359136527053519
2017-07-19,9. Max Diversification,0.0
2017-07-20,9. Max Diversification,0.0
2017-07-21,9. Max Diversification,-0.0012856463778038948
2017-07-24,9. Max Diversification,-0.0024721652757560258
2017-07-25,9. Max Diversification,0.0
2017-07-26,9. Max Diversification,0.0
2017-07-27,9. Max Diversification,-0.0016339884520273303
2017-07-28,9. Max Diversification,-0.001250969840029696
2017-07-31,9. Max Diversification,-0.002135910497386068
2017-08-01,9. Max Diversification,-0.00011570993275338753
2017-08-02,9. Max Diversification,0.0
2017-08-03,9. Max Diversification,0.0
2017-08-04,9. Max Diversification,0.0
2017-08-07,9. Max Diversification,0.0
2017-08-08,9. Max Diversification,0.0
2017-08-09,9. Max Diversification,0.0
2017-08-10,9. Max Diversification,-0.013570411157837123
2017-08-11,9. Max Diversification,-0.01648974413920868
2017-08-14,9. Max Diversification,-0.008408445917597264
2017-08-15,9. Max Diversification,-0.009844096725501452
2017-08-16,9. Max Diversification,-0.008819256408622812
2017-08-17,9. Max Diversification,-0.02357272698715063
2017-08-18,9. Max Diversification,-0.026728328828222094
2017-08-21,9. Max Diversification,-0.027151964230584576
2017-08-22,9. Max Diversification,-0.018922981935593653
2017-08-23,9. Max Diversification,-0.01966865467778171
2017-08-24,9. Max Diversification,-0.02384971558388454
2017-08-25,9. Max Diversification,-0.024859627381181002
2017-08-28,9. Max Diversification,-0.024813534810136127
2017-08-29,9. Max Diversification,-0.022604627024341264
2017-08-30,9. Max Diversification,-0.021293424432897036
2017-08-31,9. Max Diversification,-0.01738465804810636
2017-09-01,9. Max Diversification,-0.01655941903909504
2017-09-05,9. Max Diversification,-0.0187058138910984
2017-09-06,9. Max Diversification,-0.012602980014242818
2017-09-07,9. Max Diversification,-0.010121310636293138
2017-09-08,9. Max Diversification,-0.017416302180927348
2017-09-11,9. Max Diversification,-0.0033947605940992144
2017-09-12,9. Max Diversification,0.0
2017-09-13,9. Max Diversification,0.0
2017-09-14,9. Max Diversification,0.0
2017-09-15,9. Max Diversification,0.0
2017-09-18,9. Max Diversification,0.0
2017-09-19,9. Max Diversification,-0.0008808926665139179
2017-09-20,9. Max Diversification,-0.0023448194549109927
2017-09-21,9. Max Diversification,-0.010372985311176516
2017-09-22,9. Max Diversification,-0.016133390986858905
2017-09-25,9. Max Diversification,-0.02213552478630197
2017-09-26,9. Max Diversification,-0.02138348087953719
2017-09-27,9. Max Diversification,-0.022236058163155603
2017-09-28,9. Max Diversification,-0.022118432836143228
2017-09-29,9. Max Diversification,-0.02271907357686069
2017-10-02,9. Max Diversification,-0.019610674901331258
2017-10-03,9. Max Diversification,-0.012986880226327643
2017-10-04,9. Max Diversification,-0.01027584663250096
2017-10-05,9. Max Diversification,-0.00645065351088375
2017-10-06,9. Max Diversification,-0.006121298653867834
2017-10-09,9. Max Diversification,-0.005874840629776221
2017-10-10,9. Max Diversification,0.0
2017-10-11,9. Max Diversification,0.0
2017-10-12,9. Max Diversification,-0.0013920129480576174
2017-10-13,9. Max Diversification,0.0
2017-10-16,9. Max Diversification,0.0
2017-10-17,9. Max Diversification,0.0
2017-10-18,9. Max Diversification,-0.0014558632822312034
2017-10-19,9. Max Diversification,0.0
2017-10-20,9. Max Diversification,-0.000436418002672005
2017-10-23,9. Max Diversification,-0.0003696302579224935
2017-10-24,9. Max Diversification,-0.0007884715120430967
2017-10-25,9. Max Diversification,-0.003630249392632534
2017-10-26,9. Max Diversification,-0.0006428624810446879
2017-10-27,9. Max Diversification,0.0
2017-10-30,9. Max Diversification,-0.006578875503734809
2017-10-31,9. Max Diversification,-0.0057942509184618265
2017-11-01,9. Max Diversification,-0.0033739318121983252
2017-11-02,9. Max Diversification,-0.006725041579014027
2017-11-03,9. Max Diversification,-0.002637651536574365
2017-11-06,9. Max Diversification,-0.004531866421012021
2017-11-07,9. Max Diversification,-0.0029144402472844047
2017-11-08,9. Max Diversification,-0.0003829240641924059
2017-11-09,9. Max Diversification,-0.001449207967264677
2017-11-10,9. Max Diversification,0.0
2017-11-13,9. Max Diversification,0.0
2017-11-14,9. Max Diversification,0.0
2017-11-15,9. Max Diversification,-0.007159563037173293
2017-11-16,9. Max Diversification,0.0
2017-11-17,9. Max Diversification,-0.007795198751662179
2017-11-20,9. Max Diversification,-0.006909212932169467
2017-11-21,9. Max Diversification,-0.0016564264663571477
2017-11-22,9. Max Diversification,-0.004141726249459921
2017-11-24,9. Max Diversification,-0.0015254661899244681
2017-11-27,9. Max Diversification,-0.0006525224747801836
2017-11-28,9. Max Diversification,0.0
2017-11-29,9. Max Diversification,-0.0023177642829231675
2017-11-30,9. Max Diversification,0.0
2017-12-01,9. Max Diversification,0.0
2017-12-04,9. Max Diversification,0.0
2017-12-05,9. Max Diversification,-0.00408835255498627
2017-12-06,9. Max Diversification,-0.00513277073314085
2017-12-07,9. Max Diversification,-0.00823655513125298
2017-12-08,9. Max Diversification,-0.007141825648045345
2017-12-11,9. Max Diversification,-0.0021511530316260887
2017-12-12,9. Max Diversification,0.0
2017-12-13,9. Max Diversification,0.0
2017-12-14,9. Max Diversification,-3.6252060003709085e-05
2017-12-15,9. Max Diversification,0.0
2017-12-18,9. Max Diversification,0.0
2017-12-19,9. Max Diversification,-0.0001074965689304367
2017-12-20,9. Max Diversification,-0.0025696463011247745
2017-12-21,9. Max Diversification,-0.0028605759552902538
2017-12-22,9. Max Diversification,-0.004786659501921286
2017-12-26,9. Max Diversification,-0.0028732291210734036
2017-12-27,9. Max Diversification,-0.003098504144204991
2017-12-28,9. Max Diversification,-0.0017333782559313278
2017-12-29,9. Max Diversification,-0.005968967913030712
2018-01-02,9. Max Diversification,0.0
2018-01-03,9. Max Diversification,0.0
2018-01-04,9. Max Diversification,0.0
2018-01-05,9. Max Diversification,0.0
2018-01-08,9. Max Diversification,0.0
2018-01-09,9. Max Diversification,0.0
2018-01-10,9. Max Diversification,-0.0017960959838244472
2018-01-11,9. Max Diversification,0.0
2018-01-12,9. Max Diversification,0.0
2018-01-16,9. Max Diversification,0.0
2018-01-17,9. Max Diversification,0.0
2018-01-18,9. Max Diversification,-0.001335762424447519
2018-01-19,9. Max Diversification,0.0
2018-01-22,9. Max Diversification,0.0
2018-01-23,9. Max Diversification,-0.0015966387926272846
2018-01-24,9. Max Diversification,0.0
2018-01-25,9. Max Diversification,0.0
2018-01-26,9. Max Diversification,0.0
2018-01-29,9. Max Diversification,-0.0035004238361059726
2018-01-30,9. Max Diversification,-0.015452323087231658
2018-01-31,9. Max Diversification,-0.01588827712287241
2018-02-01,9. Max Diversification,-0.015311894972900015
2018-02-02,9. Max Diversification,-0.03260536274152261
2018-02-05,9. Max Diversification,-0.07646998696756295
2018-02-06,9. Max Diversification,-0.06394542870418249
2018-02-07,9. Max Diversification,-0.06638192165643128
2018-02-08,9. Max Diversification,-0.10110445140626813
2018-02-09,9. Max Diversification,-0.09382602536221286
2018-02-12,9. Max Diversification,-0.08295876830501932
2018-02-13,9. Max Diversification,-0.07832273429615573
2018-02-14,9. Max Diversification,-0.07305231507154096
2018-02-15,9. Max Diversification,-0.0612035890472687
2018-02-16,9. Max Diversification,-0.05626856984907084
2018-02-20,9. Max Diversification,-0.0717562547925999
2018-02-21,9. Max Diversification,-0.08180887715855072
2018-02-22,9. Max Diversification,-0.07654596131728651
2018-02-23,9. Max Diversification,-0.06388988776778579
2018-02-26,9. Max Diversification,-0.05574653477014771
2018-02-27,9. Max Diversification,-0.06946343944317458
2018-02-28,9. Max Diversification,-0.06997841654945379
2018-03-01,9. Max Diversification,-0.08067646842682405
2018-03-02,9. Max Diversification,-0.07440313422346556
2018-03-05,9. Max Diversification,-0.06535766652469631
2018-03-06,9. Max Diversification,-0.06425074267240108
2018-03-07,9. Max Diversification,-0.07040190377391967
2018-03-08,9. Max Diversification,-0.06634975621356462
2018-03-09,9. Max Diversification,-0.05649278819928023
2018-03-12,9. Max Diversification,-0.053346934338101594
2018-03-13,9. Max Diversification,-0.058041340494105205
2018-03-14,9. Max Diversification,-0.06588473010321551
2018-03-15,9. Max Diversification,-0.06665500441664354
2018-03-16,9. Max Diversification,-0.06470903588439403
2018-03-19,9. Max Diversification,-0.07896561294641367
2018-03-20,9. Max Diversification,-0.07430568175854652
2018-03-21,9. Max Diversification,-0.07384504286837332
2018-03-22,9. Max Diversification,-0.09159854057312998
2018-03-23,9. Max Diversification,-0.1101685750523106
2018-03-26,9. Max Diversification,-0.08895839456218617
2018-03-27,9. Max Diversification,-0.1064864034411037
2018-03-28,9. Max Diversification,-0.1149199333768218
2018-03-29,9. Max Diversification,-0.11512834056307544
2018-04-02,9. Max Diversification,-0.14228243822720973
2018-04-03,9. Max Diversification,-0.1264203304696444
2018-04-04,9. Max Diversification,-0.11390907610596566
2018-04-05,9. Max Diversification,-0.1034127041352323
2018-04-06,9. Max Diversification,-0.11809763449350834
2018-04-09,9. Max Diversification,-0.12093367370667354
2018-04-10,9. Max Diversification,-0.10608144456492091
2018-04-11,9. Max Diversification,-0.10972580576815723
2018-04-12,9. Max Diversification,-0.10869163858355131
2018-04-13,9. Max Diversification,-0.10662255032810176
2018-04-16,9. Max Diversification,-0.10522327928166365
2018-04-17,9. Max Diversification,-0.09556160574548925
2018-04-18,9. Max Diversification,-0.09692936739010678
2018-04-19,9. Max Diversification,-0.10135823662747058
2018-04-20,9. Max Diversification,-0.11209431570156057
2018-04-23,9. Max Diversification,-0.1178194934471394
2018-04-24,9. Max Diversification,-0.12760412685115066
2018-04-25,9. Max Diversification,-0.12640274850939778
2018-04-26,9. Max Diversification,-0.11660482581746852
2018-04-27,9. Max Diversification,-0.11487232994435614
2018-04-30,9. Max Diversification,-0.11507857758168827
2018-05-01,9. Max Diversification,-0.11738692265360648
2018-05-02,9. Max Diversification,-0.12510877175465876
2018-05-03,9. Max Diversification,-0.1285835673853167
2018-05-04,9. Max Diversification,-0.11566033495399806
2018-05-07,9. Max Diversification,-0.11176417239095471
2018-05-08,9. Max Diversification,-0.11324523513373955
2018-05-09,9. Max Diversification,-0.10842081774982815
2018-05-10,9. Max Diversification,-0.1011303185383017
2018-05-11,9. Max Diversification,-0.10133874590430592
2018-05-14,9. Max Diversification,-0.1004537473676878
2018-05-15,9. Max Diversification,-0.10582251385489641
2018-05-16,9. Max Diversification,-0.09890453133840876
2018-05-17,9. Max Diversification,-0.10154773966565843
2018-05-18,9. Max Diversification,-0.10889978033103714
2018-05-21,9. Max Diversification,-0.10138609619426736
2018-05-22,9. Max Diversification,-0.10539066742146444
2018-05-23,9. Max Diversification,-0.10285728467951176
2018-05-24,9. Max Diversification,-0.10786579880845286
2018-05-25,9. Max Diversification,-0.10777529942334388
2018-05-29,9. Max Diversification,-0.11416789516243075
2018-05-30,9. Max Diversification,-0.10018191180864647
2018-05-31,9. Max Diversification,-0.11104562046960618
2018-06-01,9. Max Diversification,-0.10376351096316944
2018-06-04,9. Max Diversification,-0.09449134978311403
2018-06-05,9. Max Diversification,-0.09707929779319235
2018-06-06,9. Max Diversification,-0.08395824170422232
2018-06-07,9. Max Diversification,-0.07960126646208796
2018-06-08,9. Max Diversification,-0.07343500407957369
2018-06-11,9. Max Diversification,-0.07007293767729726
2018-06-12,9. Max Diversification,-0.0690669449775692
2018-06-13,9. Max Diversification,-0.06831217802317553
2018-06-14,9. Max Diversification,-0.06308067715703079
2018-06-15,9. Max Diversification,-0.06105095918454336
2018-06-18,9. Max Diversification,-0.06616262958472283
2018-06-19,9. Max Diversification,-0.06733079216300648
2018-06-20,9. Max Diversification,-0.0640905159708125
2018-06-21,9. Max Diversification,-0.0687983701731694
2018-06-22,9. Max Diversification,-0.06781127623089825
2018-06-25,9. Max Diversification,-0.07723211943850877
2018-06-26,9. Max Diversification,-0.07144130817602709
2018-06-27,9. Max Diversification,-0.07468960385254622
2018-06-28,9. Max Diversification,-0.06772814411884362
2018-06-29,9. Max Diversification,-0.07067806397868191
2018-07-02,9. Max Diversification,-0.07199467827917921
2018-07-03,9. Max Diversification,-0.08101426372197887
2018-07-05,9. Max Diversification,-0.0718967812531959
2018-07-06,9. Max Diversification,-0.06929985210029638
2018-07-09,9. Max Diversification,-0.06260749090885487
2018-07-10,9. Max Diversification,-0.05275350744450235
2018-07-11,9. Max Diversification,-0.05634584401441787
2018-07-12,9. Max Diversification,-0.054437891697488666
2018-07-13,9. Max Diversification,-0.05115713136724086
2018-07-16,9. Max Diversification,-0.04936551764052832
2018-07-17,9. Max Diversification,-0.04282199871794594
2018-07-18,9. Max Diversification,-0.044351504104279876
2018-07-19,9. Max Diversification,-0.05140203289744416
2018-07-20,9. Max Diversification,-0.052868844819335264
2018-07-23,9. Max Diversification,-0.0554404018021646
2018-07-24,9. Max Diversification,-0.05125316790069645
2018-07-25,9. Max Diversification,-0.042486866510501375
2018-07-26,9. Max Diversification,-0.039986420599626406
2018-07-27,9. Max Diversification,-0.0442011631607687
2018-07-30,9. Max Diversification,-0.050365019008804794
2018-07-31,9. Max Diversification,-0.05066863279392994
2018-08-01,9. Max Diversification,-0.05280295289639346
2018-08-02,9. Max Diversification,-0.03511989528783735
2018-08-03,9. Max Diversification,-0.02999802714655777
2018-08-06,9. Max Diversification,-0.022279760240306035
2018-08-07,9. Max Diversification,-0.013629644050823713
2018-08-08,9. Max Diversification,-0.01792600655048028
2018-08-09,9. Max Diversification,-0.026653629994605386
2018-08-10,9. Max Diversification,-0.03009160715801611
2018-08-13,9. Max Diversification,-0.03401993703422493
2018-08-14,9. Max Diversification,-0.03273906374895388
2018-08-15,9. Max Diversification,-0.037410453680631506
2018-08-16,9. Max Diversification,-0.022742265201255985
2018-08-17,9. Max Diversification,-0.030125648435581666
2018-08-20,9. Max Diversification,-0.030956962249776662
2018-08-21,9. Max Diversification,-0.02580133261153137
2018-08-22,9. Max Diversification,-0.02611596904500917
2018-08-23,9. Max Diversification,-0.029689280840441788
2018-08-24,9. Max Diversification,-0.024818156968092912
2018-08-27,9. Max Diversification,-0.021419082807498494
2018-08-28,9. Max Diversification,-0.02077347054275838
2018-08-29,9. Max Diversification,-0.020977695882960577
2018-08-30,9. Max Diversification,-0.020870277981823306
2018-08-31,9. Max Diversification,-0.021068923254470927
2018-09-04,9. Max Diversification,-0.027812678040508555
2018-09-05,9. Max Diversification,-0.03078932537121839
2018-09-06,9. Max Diversification,-0.03540859199238859
2018-09-07,9. Max Diversification,-0.03889463055168134
2018-09-10,9. Max Diversification,-0.032143457526371384
2018-09-11,9. Max Diversification,-0.030638903642777715
2018-09-12,9. Max Diversification,-0.027550381097481078
2018-09-13,9. Max Diversification,-0.02821682063931295
2018-09-14,9. Max Diversification,-0.028601392514052745
2018-09-17,9. Max Diversification,-0.030900504261350582
2018-09-18,9. Max Diversification,-0.02918114527457338
2018-09-19,9. Max Diversification,-0.02354291514779
2018-09-20,9. Max Diversification,-0.013475554412431815
2018-09-21,9. Max Diversification,-0.0161655763261041
2018-09-24,9. Max Diversification,-0.01635783524256263
2018-09-25,9. Max Diversification,-0.01797622932575931
2018-09-26,9. Max Diversification,-0.01449759238108933
2018-09-27,9. Max Diversification,-0.012611455527495624
2018-09-28,9. Max Diversification,-0.023760325547526932
2018-10-01,9. Max Diversification,-0.012318978257983792
2018-10-02,9. Max Diversification,-0.012137019912646782
2018-10-03,9. Max Diversification,-0.017371060309609908
2018-10-04,9. Max Diversification,-0.027658360563803098
2018-10-05,9. Max Diversification,-0.037302864180908765
2018-10-08,9. Max Diversification,-0.034622003923951636
2018-10-09,9. Max Diversification,-0.027005791931895406
2018-10-10,9. Max Diversification,-0.05271592917156404
2018-10-11,9. Max Diversification,-0.07272516025943375
2018-10-12,9. Max Diversification,-0.06183445554375569
2018-10-15,9. Max Diversification,-0.06376355677502822
2018-10-16,9. Max Diversification,-0.04224606428627922
2018-10-17,9. Max Diversification,-0.03326301042059412
2018-10-18,9. Max Diversification,-0.04876670849167095
2018-10-19,9. Max Diversification,-0.030238303391314968
2018-10-22,9. Max Diversification,-0.03470908935799755
2018-10-23,9. Max Diversification,-0.02784937681894892
2018-10-24,9. Max Diversification,-0.04765324553901161
2018-10-25,9. Max Diversification,-0.028653151792834345
2018-10-26,9. Max Diversification,-0.04130782870526274
2018-10-29,9. Max Diversification,-0.04355705839447028
2018-10-30,9. Max Diversification,-0.030879099263511203
2018-10-31,9. Max Diversification,-0.03120931469999351
2018-11-01,9. Max Diversification,-0.02019200399081766
2018-11-02,9. Max Diversification,-0.020934253636510764
2018-11-05,9. Max Diversification,-0.014967091045770122
2018-11-06,9. Max Diversification,-0.011393176778328911
2018-11-07,9. Max Diversification,-0.00026789258745823423
2018-11-08,9. Max Diversification,-0.00442443873983731
2018-11-09,9. Max Diversification,-0.005943410777255513
2018-11-12,9. Max Diversification,-0.0215233126789919
2018-11-13,9. Max Diversification,-0.019712640548228286
2018-11-14,9. Max Diversification,-0.023722906952074508
2018-11-15,9. Max Diversification,-0.020557273268076597
2018-11-16,9. Max Diversification,-0.02796410313893017
2018-11-19,9. Max Diversification,-0.040943772023222996
2018-11-20,9. Max Diversification,-0.05658625023035085
2018-11-21,9. Max Diversification,-0.061060370528819824
2018-11-23,9. Max Diversification,-0.06749239922726422
2018-11-26,9. Max Diversification,-0.05438469208940635
2018-11-27,9. Max Diversification,-0.050033275400565284
2018-11-28,9. Max Diversification,-0.03356344790778355
2018-11-29,9. Max Diversification,-0.03523324205801995
2018-11-30,9. Max Diversification,-0.03544869471046402
2018-12-03,9. Max Diversification,-0.03250826685043266
2018-12-04,9. Max Diversification,-0.049858308729533875
2018-12-06,9. Max Diversification,-0.04863656480318629
2018-12-07,9. Max Diversification,-0.06638939280345385
2018-12-10,9. Max Diversification,-0.05819561186978602
2018-12-11,9. Max Diversification,-0.056568085329443636
2018-12-12,9. Max Diversification,-0.054101694704877565
2018-12-13,9. Max Diversification,-0.04298094649888895
2018-12-14,9. Max Diversification,-0.057123462168700616
2018-12-17,9. Max Diversification,-0.08191801743979137
2018-12-18,9. Max Diversification,-0.08132369742229484
2018-12-19,9. Max Diversification,-0.09894714541337178
2018-12-20,9. Max Diversification,-0.11391233763408949
2018-12-21,9. Max Diversification,-0.12641341523482352
2018-12-24,9. Max Diversification,-0.1562162330821502
2018-12-26,9. Max Diversification,-0.11294782261522701
2018-12-27,9. Max Diversification,-0.1057824408670546
2018-12-28,9. Max Diversification,-0.10475713143551973
2018-12-31,9. Max Diversification,-0.10496417557857439
2019-01-02,9. Max Diversification,-0.10734797216586014
2019-01-03,9. Max Diversification,-0.12118074576720086
2019-01-04,9. Max Diversification,-0.09259893506986175
2019-01-07,9. Max Diversification,-0.08382255969534032
2019-01-08,9. Max Diversification,-0.0749558953606651
2019-01-09,9. Max Diversification,-0.07801342730032476
2019-01-10,9. Max Diversification,-0.07287855307765097
2019-01-11,9. Max Diversification,-0.06698816744244554
2019-01-14,9. Max Diversification,-0.07172861295118299
2019-01-15,9. Max Diversification,-0.056598773365235056
2019-01-16,9. Max Diversification,-0.05960865161080825
2019-01-17,9. Max Diversification,-0.05668417461908825
2019-01-18,9. Max Diversification,-0.05996752693583477
2019-01-22,9. Max Diversification,-0.07336164261353241
2019-01-23,9. Max Diversification,-0.06571058956039316
2019-01-24,9. Max Diversification,-0.06399570079260081
2019-01-25,9. Max Diversification,-0.05933475637143439
2019-01-28,9. Max Diversification,-0.06851236034573628
2019-01-29,9. Max Diversification,-0.07348603675325631
2019-01-30,9. Max Diversification,-0.05920197359047055
2019-01-31,9. Max Diversification,-0.037159480737753034
2019-02-01,9. Max Diversification,-0.033110538559819255
2019-02-04,9. Max Diversification,-0.023595576553243607
2019-02-05,9. Max Diversification,-0.018909536573658254
2019-02-06,9. Max Diversification,-0.01897205851673636
2019-02-07,9. Max Diversification,-0.02983990594681829
2019-02-08,9. Max Diversification,-0.0287035338778491
2019-02-11,9. Max Diversification,-0.027030683750116087
2019-02-12,9. Max Diversification,-0.016915023285978378
2019-02-13,9. Max Diversification,-0.017424757542147812
2019-02-14,9. Max Diversification,-0.025487778605278656
2019-02-15,9. Max Diversification,-0.02054271114823758
2019-02-19,9. Max Diversification,-0.014581792644621925
2019-02-20,9. Max Diversification,-0.018096207449945705
2019-02-21,9. Max Diversification,-0.023491390857179228
2019-02-22,9. Max Diversification,-0.01738387763045075
2019-02-25,9. Max Diversification,-0.017164015090197098
2019-02-26,9. Max Diversification,-0.01834719714428518
2019-02-27,9. Max Diversification,-0.01865607761148577
2019-02-28,9. Max Diversification,-0.019213529224291995
2019-03-01,9. Max Diversification,-0.023756490685987806
2019-03-04,9. Max Diversification,-0.02242396491537939
2019-03-05,9. Max Diversification,-0.021133562735414214
2019-03-06,9. Max Diversification,-0.024324284152226892
2019-03-07,9. Max Diversification,-0.0318920138685935
2019-03-08,9. Max Diversification,-0.03227277811594748
2019-03-11,9. Max Diversification,-0.013581052196591616
2019-03-12,9. Max Diversification,-0.014586320302395138
2019-03-13,9. Max Diversification,-0.0049841102579114525
2019-03-14,9. Max Diversification,-0.012234014919342033
2019-03-15,9. Max Diversification,-0.01637573477154635
2019-03-18,9. Max Diversification,-0.018715785453839586
2019-03-19,9. Max Diversification,-0.014556517050312669
2019-03-20,9. Max Diversification,-0.01588512285018301
2019-03-21,9. Max Diversification,-0.01098095356183955
2019-03-22,9. Max Diversification,-0.022673847306638635
2019-03-25,9. Max Diversification,-0.023200183560406856
2019-03-26,9. Max Diversification,-0.012570733649699163
2019-03-27,9. Max Diversification,-0.015468146256481272
2019-03-28,9. Max Diversification,-0.012351792380442081
2019-03-29,9. Max Diversification,-0.006336307348136613
2019-04-01,9. Max Diversification,0.0
2019-04-02,9. Max Diversification,0.0
2019-04-03,9. Max Diversification,0.0
2019-04-04,9. Max Diversification,-0.0017945574499105138
2019-04-05,9. Max Diversification,0.0
2019-04-08,9. Max Diversification,0.0
2019-04-09,9. Max Diversification,-0.0014943643798166852
2019-04-10,9. Max Diversification,0.0
2019-04-11,9. Max Diversification,-0.00019541195695113687
2019-04-12,9. Max Diversification,0.0
2019-04-15,9. Max Diversification,0.0
2019-04-16,9. Max Diversification,0.0
2019-04-17,9. Max Diversification,-0.00038707653928898254
2019-04-18,9. Max Diversification,0.0
2019-04-22,9. Max Diversification,-0.0002545281416008841
2019-04-23,9. Max Diversification,0.0
2019-04-24,9. Max Diversification,-0.0025901845586057863
2019-04-25,9. Max Diversification,-0.0014854804308133084
2019-04-26,9. Max Diversification,-0.0030457480153443604
2019-04-29,9. Max Diversification,-2.011330410686886e-05
2019-04-30,9. Max Diversification,-0.0002721967409475126
2019-05-01,9. Max Diversification,-0.008210949043218453
2019-05-02,9. Max Diversification,-0.006319241368058662
2019-05-03,9. Max Diversification,0.0
2019-05-06,9. Max Diversification,-0.0028568614313497836
2019-05-07,9. Max Diversification,-0.018397190847224135
2019-05-08,9. Max Diversification,-0.020617790282532113
2019-05-09,9. Max Diversification,-0.028615747679476403
2019-05-10,9. Max Diversification,-0.02083785958610097
2019-05-13,9. Max Diversification,-0.04073541946585079
2019-05-14,9. Max Diversification,-0.03449177845227013
2019-05-15,9. Max Diversification,-0.02842407095309796
2019-05-16,9. Max Diversification,-0.020831877013302084
2019-05-17,9. Max Diversification,-0.031495679816461175
2019-05-20,9. Max Diversification,-0.037066090816019484
2019-05-21,9. Max Diversification,-0.03697905773931737
2019-05-22,9. Max Diversification,-0.03412157770932186
2019-05-23,9. Max Diversification,-0.03894398875419816
2019-05-24,9. Max Diversification,-0.039842772051717185
2019-05-28,9. Max Diversification,-0.046454407762928536
2019-05-29,9. Max Diversification,-0.055729311821180905
2019-05-30,9. Max Diversification,-0.05231380750052289
2019-05-31,9. Max Diversification,-0.06451616144919355
2019-06-03,9. Max Diversification,-0.06744205422800273
2019-06-04,9. Max Diversification,-0.050165367114296845
2019-06-05,9. Max Diversification,-0.039682084135162735
2019-06-06,9. Max Diversification,-0.029486337067665996
2019-06-07,9. Max Diversification,-0.022373834537310375
2019-06-10,9. Max Diversification,-0.016141386891456368
2019-06-11,9. Max Diversification,-0.01199669485993764
2019-06-12,9. Max Diversification,-0.013249917162814581
2019-06-13,9. Max Diversification,-0.009417731316405418
2019-06-14,9. Max Diversification,-0.006417359914712093
2019-06-17,9. Max Diversification,-0.0014702452154053234
2019-06-18,9. Max Diversification,0.0
2019-06-19,9. Max Diversification,0.0
2019-06-20,9. Max Diversification,0.0
2019-06-21,9. Max Diversification,0.0
2019-06-24,9. Max Diversification,0.0
2019-06-25,9. Max Diversification,-0.005707525380027367
2019-06-26,9. Max Diversification,-0.011984887132485984
2019-06-27,9. Max Diversification,-0.009169004155234127
2019-06-28,9. Max Diversification,-0.006083765118357191
2019-07-01,9. Max Diversification,0.0
2019-07-02,9. Max Diversification,0.0
2019-07-03,9. Max Diversification,0.0
2019-07-05,9. Max Diversification,-0.004120432717872699
2019-07-08,9. Max Diversification,-0.005458792265792177
2019-07-09,9. Max Diversification,-0.0053374304978224246
2019-07-10,9. Max Diversification,0.0
2019-07-11,9. Max Diversification,0.0
2019-07-12,9. Max Diversification,0.0
2019-07-15,9. Max Diversification,0.0
2019-07-16,9. Max Diversification,-0.0025898174197342802
2019-07-17,9. Max Diversification,-0.003487238401942021
2019-07-18,9. Max Diversification,-0.007080648825185716
2019-07-19,9. Max Diversification,-0.014496943627653797
2019-07-22,9. Max Diversification,-0.014899323520740831
2019-07-23,9. Max Diversification,-0.0008771549960096054
2019-07-24,9. Max Diversification,0.0
2019-07-25,9. Max Diversification,-0.014166709004188227
2019-07-26,9. Max Diversification,-0.004333481276759913
2019-07-29,9. Max Diversification,-0.0043477164524199675
2019-07-30,9. Max Diversification,-0.001147256371485752
2019-07-31,9. Max Diversification,-0.0013829862733779996
2019-08-01,9. Max Diversification,-0.015073198044211002
2019-08-02,9. Max Diversification,-0.01688166141675928
2019-08-05,9. Max Diversification,-0.042955741704363566
2019-08-06,9. Max Diversification,-0.032241504883654314
2019-08-07,9. Max Diversification,-0.03162886546845649
2019-08-08,9. Max Diversification,-0.017311505005456838
2019-08-09,9. Max Diversification,-0.024251045728634634
2019-08-12,9. Max Diversification,-0.036791498375291894
2019-08-13,9. Max Diversification,-0.026134243998713055
2019-08-14,9. Max Diversification,-0.05150493775486551
2019-08-15,9. Max Diversification,-0.03985795429540795
2019-08-16,9. Max Diversification,-0.02669226519487148
2019-08-19,9. Max Diversification,-0.014819210691527777
2019-08-20,9. Max Diversification,-0.027750751843762283
2019-08-21,9. Max Diversification,-0.02521914132879115
2019-08-22,9. Max Diversification,-0.022755115917249276
2019-08-23,9. Max Diversification,-0.045283638113736036
2019-08-26,9. Max Diversification,-0.03229386808593036
2019-08-27,9. Max Diversification,-0.031198072687469134
2019-08-28,9. Max Diversification,-0.02506781388262872
2019-08-29,9. Max Diversification,-0.0170250651123118
2019-08-30,9. Max Diversification,-0.016053710396456148
2019-09-03,9. Max Diversification,-0.01608801419761109
2019-09-04,9. Max Diversification,-0.0076136995317969925
2019-09-05,9. Max Diversification,-0.0009583417111526043
2019-09-06,9. Max Diversification,-0.004177195482850759
2019-09-09,9. Max Diversification,-0.0019419646565651274
2019-09-10,9. Max Diversification,-0.001236785529527211
2019-09-11,9. Max Diversification,0.0
2019-09-12,9. Max Diversification,0.0
2019-09-13,9. Max Diversification,-0.002977997305780373
2019-09-16,9. Max Diversification,-0.012569549628361293
2019-09-17,9. Max Diversification,-0.008081009966883919
2019-09-18,9. Max Diversification,-0.007415567140268213
2019-09-19,9. Max Diversification,-0.007320802001465736
2019-09-20,9. Max Diversification,-0.012412744478816263
2019-09-23,9. Max Diversification,-0.011593900654367308
2019-09-24,9. Max Diversification,-0.020872098549362776
2019-09-25,9. Max Diversification,-0.017151689486343744
2019-09-26,9. Max Diversification,-0.015599270487633597
2019-09-27,9. Max Diversification,-0.017556084312308064
2019-09-30,9. Max Diversification,-0.017693344774283314
2019-10-01,9. Max Diversification,-0.020072253041689758
2019-10-02,9. Max Diversification,-0.03264636551847046
2019-10-03,9. Max Diversification,-0.028235523754571088
2019-10-04,9. Max Diversification,-0.0155105160464876
2019-10-07,9. Max Diversification,-0.017877254592237865
2019-10-08,9. Max Diversification,-0.028202182279356877
2019-10-09,9. Max Diversification,-0.023186168237805192
2019-10-10,9. Max Diversification,-0.020704616707917827
2019-10-11,9. Max Diversification,-0.014667875854193078
2019-10-14,9. Max Diversification,-0.013444244892284891
2019-10-15,9. Max Diversification,-0.007006117747960422
2019-10-16,9. Max Diversification,-0.002600854545199148
2019-10-17,9. Max Diversification,0.0
2019-10-18,9. Max Diversification,-0.010500689364196956
2019-10-21,9. Max Diversification,-0.006912719581950428
2019-10-22,9. Max Diversification,-0.005012351088615389
2019-10-23,9. Max Diversification,0.0
2019-10-24,9. Max Diversification,0.0
2019-10-25,9. Max Diversification,0.0
2019-10-28,9. Max Diversification,0.0
2019-10-29,9. Max Diversification,-0.0046585501309281034
2019-10-30,9. Max Diversification,0.0
2019-10-31,9. Max Diversification,-0.00023040520082723105
2019-11-01,9. Max Diversification,0.0
2019-11-04,9. Max Diversification,-0.0039230589012705505
2019-11-05,9. Max Diversification,-0.008197955255790569
2019-11-06,9. Max Diversification,-0.0031518453562458123
2019-11-07,9. Max Diversification,-0.0019168619902365698
2019-11-08,9. Max Diversification,0.0
2019-11-11,9. Max Diversification,-0.0024925020966854463
2019-11-12,9. Max Diversification,0.0
2019-11-13,9. Max Diversification,0.0
2019-11-14,9. Max Diversification,0.0
2019-11-15,9. Max Diversification,0.0
2019-11-18,9. Max Diversification,0.0
2019-11-19,9. Max Diversification,0.0
2019-11-20,9. Max Diversification,-0.0028349581488858913
2019-11-21,9. Max Diversification,-0.0011347725634134923
2019-11-22,9. Max Diversification,-0.0019690601601778553
2019-11-25,9. Max Diversification,0.0
2019-11-26,9. Max Diversification,0.0
2019-11-27,9. Max Diversification,0.0
2019-11-29,9. Max Diversification,-0.003113867920414775
2019-12-02,9. Max Diversification,-0.003337272740051862
2019-12-03,9. Max Diversification,-0.007227335769103261
2019-12-04,9. Max Diversification,-0.002032994875131599
2019-12-05,9. Max Diversification,-0.0038665007966754003
2019-12-06,9. Max Diversification,0.0
2019-12-09,9. Max Diversification,-0.0016635031723832047
2019-12-10,9. Max Diversification,-0.0018632461035314682
2019-12-11,9. Max Diversification,0.0
2019-12-12,9. Max Diversification,0.0
2019-12-13,9. Max Diversification,-0.000993149988315324
2019-12-16,9. Max Diversification,0.0
2019-12-17,9. Max Diversification,0.0
2019-12-18,9. Max Diversification,0.0
2019-12-19,9. Max Diversification,0.0
2019-12-20,9. Max Diversification,0.0
2019-12-23,9. Max Diversification,0.0
2019-12-24,9. Max Diversification,0.0
2019-12-26,9. Max Diversification,0.0
2019-12-27,9. Max Diversification,0.0
2019-12-30,9. Max Diversification,-0.01085657596919765
2019-12-31,9. Max Diversification,-0.011200010212153272
2020-01-02,9. Max Diversification,-0.005241986667159997
2020-01-03,9. Max Diversification,-0.010796768328505043
2020-01-06,9. Max Diversification,-0.007656240252085064
2020-01-07,9. Max Diversification,-0.008292139294644951
2020-01-08,9. Max Diversification,-0.0017874189370027285
2020-01-09,9. Max Diversification,0.0
2020-01-10,9. Max Diversification,-0.0019502455147088424
2020-01-13,9. Max Diversification,0.0
2020-01-14,9. Max Diversification,0.0
2020-01-15,9. Max Diversification,-0.0003462354478985911
2020-01-16,9. Max Diversification,0.0
2020-01-17,9. Max Diversification,-0.0002753066249143329
2020-01-21,9. Max Diversification,0.0
2020-01-22,9. Max Diversification,0.0
2020-01-23,9. Max Diversification,0.0
2020-01-24,9. Max Diversification,-0.007684075473789175
2020-01-27,9. Max Diversification,-0.013416673238882957
2020-01-28,9. Max Diversification,-0.011875866197707417
2020-01-29,9. Max Diversification,-0.012693523015064519
2020-01-30,9. Max Diversification,0.0
2020-01-31,9. Max Diversification,-0.008680117908799549
2020-02-03,9. Max Diversification,0.0
2020-02-04,9. Max Diversification,0.0
2020-02-05,9. Max Diversification,-0.019018849770890578
2020-02-06,9. Max Diversification,-0.016518324799617384
2020-02-07,9. Max Diversification,-0.019907029132483926
2020-02-10,9. Max Diversification,-0.014846567936955614
2020-02-11,9. Max Diversification,-0.01665394465742924
2020-02-12,9. Max Diversification,-0.017165393785605606
2020-02-13,9. Max Diversification,-0.010396095179006607
2020-02-14,9. Max Diversification,-0.010320941703753401
2020-02-18,9. Max Diversification,-0.002097207773479635
2020-02-19,9. Max Diversification,0.0
2020-02-20,9. Max Diversification,-0.004496245371835472
2020-02-21,9. Max Diversification,-0.0048784625736224725
2020-02-24,9. Max Diversification,-0.041547541914714985
2020-02-25,9. Max Diversification,-0.06352410667711515
2020-02-26,9. Max Diversification,-0.07095809821898671
2020-02-27,9. Max Diversification,-0.11892437091197668
2020-02-28,9. Max Diversification,-0.11931382184877691
2020-03-02,9. Max Diversification,-0.07623260518899798
2020-03-03,9. Max Diversification,-0.096710196266847
2020-03-04,9. Max Diversification,-0.05802049700967413
2020-03-05,9. Max Diversification,-0.08317960062901672
2020-03-06,9. Max Diversification,-0.09245270933535599
2020-03-09,9. Max Diversification,-0.14593977935781244
2020-03-10,9. Max Diversification,-0.11127699401104742
2020-03-11,9. Max Diversification,-0.15837541220106544
2020-03-12,9. Max Diversification,-0.23333814263667377
2020-03-13,9. Max Diversification,-0.17543414828192147
2020-03-16,9. Max Diversification,-0.24474682634506942
2020-03-17,9. Max Diversification,-0.200076677363375
2020-03-18,9. Max Diversification,-0.22007770626322842
2020-03-19,9. Max Diversification,-0.23137172384966712
2020-03-20,9. Max Diversification,-0.2718450511074334
2020-03-23,9. Max Diversification,-0.2824081572058544
2020-03-24,9. Max Diversification,-0.23561531325692295
2020-03-25,9. Max Diversification,-0.2352433719551724
2020-03-26,9. Max Diversification,-0.19854995042321671
2020-03-27,9. Max Diversification,-0.21890619456111263
2020-03-30,9. Max Diversification,-0.18293290501255105
2020-03-31,9. Max Diversification,-0.18349259934203116
2020-04-01,9. Max Diversification,-0.2060329871214862
2020-04-02,9. Max Diversification,-0.1912553954576157
2020-04-03,9. Max Diversification,-0.1840262399353035
2020-04-06,9. Max Diversification,-0.14193558037617549
2020-04-07,9. Max Diversification,-0.14922218699430756
2020-04-08,9. Max Diversification,-0.13833847067583946
2020-04-09,9. Max Diversification,-0.12827094736814013
2020-04-13,9. Max Diversification,-0.09729660407624005
2020-04-14,9. Max Diversification,-0.05509182139243269
2020-04-15,9. Max Diversification,-0.0490979213790062
2020-04-16,9. Max Diversification,-0.03467688542050063
2020-04-17,9. Max Diversification,-0.027410414212505074
2020-04-20,9. Max Diversification,-0.03713591510707234
2020-04-21,9. Max Diversification,-0.06116367814788691
2020-04-22,9. Max Diversification,-0.043093544479573954
2020-04-23,9. Max Diversification,-0.05056225396548817
2020-04-24,9. Max Diversification,-0.04216378616993289
2020-04-27,9. Max Diversification,-0.019005665123493217
2020-04-28,9. Max Diversification,-0.037047153785473595
2020-04-29,9. Max Diversification,-0.029742739546349956
2020-04-30,9. Max Diversification,-0.030122727197374997
2020-05-01,9. Max Diversification,-0.057634542241089805
2020-05-04,9. Max Diversification,-0.03579428388681345
2020-05-05,9. Max Diversification,-0.030400972352469212
2020-05-06,9. Max Diversification,-0.03210900691744865
2020-05-07,9. Max Diversification,-0.03809845881592559
2020-05-08,9. Max Diversification,-0.018807323085300844
2020-05-11,9. Max Diversification,-0.01709784062712378
2020-05-12,9. Max Diversification,-0.028829014280678307
2020-05-13,9. Max Diversification,-0.03803775763147134
2020-05-14,9. Max Diversification,-0.03194726654746211
2020-05-15,9. Max Diversification,-0.02240343159337509
2020-05-18,9. Max Diversification,-0.00462081818361397
2020-05-19,9. Max Diversification,-0.0192370637733927
2020-05-20,9. Max Diversification,-0.013533295864438941
2020-05-21,9. Max Diversification,-0.0211298738766744
2020-05-22,9. Max Diversification,-0.028279036453673616
2020-05-26,9. Max Diversification,-0.029341733211973708
2020-05-27,9. Max Diversification,-0.027707851273984625
2020-05-28,9. Max Diversification,-0.02912690187491005
2020-05-29,9. Max Diversification,-0.018135914582440706
2020-06-01,9. Max Diversification,-0.007401362149420998
2020-06-02,9. Max Diversification,-0.005107966377325648
2020-06-03,9. Max Diversification,-0.0009512763366016365
2020-06-04,9. Max Diversification,-0.013234051481401521
2020-06-05,9. Max Diversification,0.0
2020-06-08,9. Max Diversification,0.0
2020-06-09,9. Max Diversification,-0.002343313743795356
2020-06-10,9. Max Diversification,0.0
2020-06-11,9. Max Diversification,-0.04203993074763923
2020-06-12,9. Max Diversification,-0.05224781221499365
2020-06-15,9. Max Diversification,-0.038583624993528215
2020-06-16,9. Max Diversification,-0.027225175531666555
2020-06-17,9. Max Diversification,-0.026862774368481925
2020-06-18,9. Max Diversification,-0.02529463094813951
2020-06-19,9. Max Diversification,-0.02383496562637723
2020-06-22,9. Max Diversification,-0.017211132266199167
2020-06-23,9. Max Diversification,-0.018067211970644946
2020-06-24,9. Max Diversification,-0.04123691343109565
2020-06-25,9. Max Diversification,-0.032077881569156246
2020-06-26,9. Max Diversification,-0.056031931092868144
2020-06-29,9. Max Diversification,-0.037885716967381876
2020-06-30,9. Max Diversification,-0.038165321168601746
2020-07-01,9. Max Diversification,-0.02092037708146686
2020-07-02,9. Max Diversification,-0.007541074786916462
2020-07-06,9. Max Diversification,0.0
2020-07-07,9. Max Diversification,0.0
2020-07-08,9. Max Diversification,-0.006483086678054404
2020-07-09,9. Max Diversification,-0.0007342171258638845
2020-07-10,9. Max Diversification,0.0
2020-07-13,9. Max Diversification,-0.008903644362209783
2020-07-14,9. Max Diversification,0.0
2020-07-15,9. Max Diversification,0.0
2020-07-16,9. Max Diversification,-0.005155895467225095
2020-07-17,9. Max Diversification,-0.015387654439958395
2020-07-20,9. Max Diversification,0.0
2020-07-21,9. Max Diversification,-0.005075547420056234
2020-07-22,9. Max Diversification,0.0
2020-07-23,9. Max Diversification,-0.016641951373397343
2020-07-24,9. Max Diversification,-0.03324881239648827
2020-07-27,9. Max Diversification,-0.01244684081976965
2020-07-28,9. Max Diversification,-0.017477282950507683
2020-07-29,9. Max Diversification,-0.016076900913901918
2020-07-30,9. Max Diversification,-0.02505553358463113
2020-07-31,9. Max Diversification,-0.034137618766775506
2020-08-03,9. Max Diversification,-0.024041902652644102
2020-08-04,9. Max Diversification,-0.012191638740514973
2020-08-05,9. Max Diversification,-0.015679188402413217
2020-08-06,9. Max Diversification,-0.015370873314315935
2020-08-07,9. Max Diversification,-0.02217367358034256
2020-08-10,9. Max Diversification,-0.024121288451200196
2020-08-11,9. Max Diversification,-0.039748056914037114
2020-08-12,9. Max Diversification,-0.008510610101002486
2020-08-13,9. Max Diversification,-0.0024990939502242994
2020-08-14,9. Max Diversification,0.0
2020-08-17,9. Max Diversification,0.0
2020-08-18,9. Max Diversification,0.0
2020-08-19,9. Max Diversification,-0.009514187275106467
2020-08-20,9. Max Diversification,0.0
2020-08-21,9. Max Diversification,0.0
2020-08-24,9. Max Diversification,-0.002996190207184756
2020-08-25,9. Max Diversification,-0.007367542079454108
2020-08-26,9. Max Diversification,0.0
2020-08-27,9. Max Diversification,0.0
2020-08-28,9. Max Diversification,0.0
2020-08-31,9. Max Diversification,-0.0003868990752025815
2020-09-01,9. Max Diversification,0.0
2020-09-02,9. Max Diversification,-0.006871418365183316
2020-09-03,9. Max Diversification,-0.038210674025441614
2020-09-04,9. Max Diversification,-0.04241028233374826
2020-09-08,9. Max Diversification,-0.08387269790719795
2020-09-09,9. Max Diversification,-0.0721314904857615
2020-09-10,9. Max Diversification,-0.0900065634216647
2020-09-11,9. Max Diversification,-0.08805380247930553
2020-09-14,9. Max Diversification,-0.07220148120536438
2020-09-15,9. Max Diversification,-0.05966851532757625
2020-09-16,9. Max Diversification,-0.06241481946974449
2020-09-17,9. Max Diversification,-0.07122943498749282
2020-09-18,9. Max Diversification,-0.07223854273748823
2020-09-21,9. Max Diversification,-0.06918131927310309
2020-09-22,9. Max Diversification,-0.07454705047160588
2020-09-23,9. Max Diversification,-0.10399861769395315
2020-09-24,9. Max Diversification,-0.10125296680289453
2020-09-25,9. Max Diversification,-0.08853588017005165
2020-09-28,9. Max Diversification,-0.07731362491402527
2020-09-29,9. Max Diversification,-0.08262336384699998
2020-09-30,9. Max Diversification,-0.08281079929653827
2020-10-01,9. Max Diversification,-0.07135360902220614
2020-10-02,9. Max Diversification,-0.09307383412211274
2020-10-05,9. Max Diversification,-0.07610702592194243
2020-10-06,9. Max Diversification,-0.09199609938614291
2020-10-07,9. Max Diversification,-0.0759965873519576
2020-10-08,9. Max Diversification,-0.06586480986002295
2020-10-09,9. Max Diversification,-0.059931163016704245
2020-10-12,9. Max Diversification,-0.0532996157401319
2020-10-13,9. Max Diversification,-0.046186813836516974
2020-10-14,9. Max Diversification,-0.05275401992088839
2020-10-15,9. Max Diversification,-0.05474325899969745
2020-10-16,9. Max Diversification,-0.056051781469870034
2020-10-19,9. Max Diversification,-0.06724117139169848
2020-10-20,9. Max Diversification,-0.0689373492785962
2020-10-21,9. Max Diversification,-0.08387479846168214
2020-10-22,9. Max Diversification,-0.07615110070740198
2020-10-23,9. Max Diversification,-0.07513044042380732
2020-10-26,9. Max Diversification,-0.08424254374635992
2020-10-27,9. Max Diversification,-0.0858833053533641
2020-10-28,9. Max Diversification,-0.11442220126041766
2020-10-29,9. Max Diversification,-0.10084626587711659
2020-10-30,9. Max Diversification,-0.12008324976661766
2020-11-02,9. Max Diversification,-0.10264019455051876
2020-11-03,9. Max Diversification,-0.093804043303145
2020-11-04,9. Max Diversification,-0.08533058979342856
2020-11-05,9. Max Diversification,-0.07646132914537215
2020-11-06,9. Max Diversification,-0.07534610561180757
2020-11-09,9. Max Diversification,-0.06050344689797984
2020-11-10,9. Max Diversification,-0.06001631643670829
2020-11-11,9. Max Diversification,-0.05355225490659227
2020-11-12,9. Max Diversification,-0.06638943042043052
2020-11-13,9. Max Diversification,-0.054518837217998634
2020-11-16,9. Max Diversification,-0.04708412178855613
2020-11-17,9. Max Diversification,-0.048225805945349226
2020-11-18,9. Max Diversification,-0.04487254124775756
2020-11-19,9. Max Diversification,-0.036370177763045144
2020-11-20,9. Max Diversification,-0.04090489363130402
2020-11-23,9. Max Diversification,-0.025816787655771202
2020-11-24,9. Max Diversification,-0.0017093565827206753
2020-11-25,9. Max Diversification,-0.0016585141470573644
2020-11-27,9. Max Diversification,0.0
2020-11-30,9. Max Diversification,-0.006391996123274921
2020-12-01,9. Max Diversification,0.0
2020-12-02,9. Max Diversification,0.0
2020-12-03,9. Max Diversification,-0.0005119860695040469
2020-12-04,9. Max Diversification,0.0
2020-12-07,9. Max Diversification,0.0
2020-12-08,9. Max Diversification,0.0
2020-12-09,9. Max Diversification,-0.018082314538889723
2020-12-10,9. Max Diversification,-0.008394414918253988
2020-12-11,9. Max Diversification,-0.00947938274712765
2020-12-14,9. Max Diversification,-0.0166819604179348
2020-12-15,9. Max Diversification,-0.015447285670346903
2020-12-16,9. Max Diversification,-0.01688010744583045
2020-12-17,9. Max Diversification,-0.005668318371021909
2020-12-18,9. Max Diversification,-0.002531048654788792
2020-12-21,9. Max Diversification,-0.01887449956644828
2020-12-22,9. Max Diversification,-0.02965381934475224
2020-12-23,9. Max Diversification,-0.028260232380011418
2020-12-24,9. Max Diversification,-0.026025049403678592
2020-12-28,9. Max Diversification,-0.019728966831414216
2020-12-29,9. Max Diversification,-0.01815050451882842
2020-12-30,9. Max Diversification,-0.013238348302268318
2020-12-31,9. Max Diversification,-0.013443608022956716
2021-01-04,9. Max Diversification,-0.013781254848775031
2021-01-05,9. Max Diversification,-0.003771457674071295
2021-01-06,9. Max Diversification,-0.005235451183460577
2021-01-07,9. Max Diversification,0.0
2021-01-08,9. Max Diversification,0.0
2021-01-11,9. Max Diversification,-0.003603755780240179
2021-01-12,9. Max Diversification,0.0
2021-01-13,9. Max Diversification,0.0
2021-01-14,9. Max Diversification,0.0
2021-01-15,9. Max Diversification,-0.017926404651799906
2021-01-19,9. Max Diversification,-0.011733227454023627
2021-01-20,9. Max Diversification,0.0
2021-01-21,9. Max Diversification,-0.008935082701374216
2021-01-22,9. Max Diversification,-0.01318889300043624
2021-01-25,9. Max Diversification,-0.009808026432513056
2021-01-26,9. Max Diversification,-0.00993484085318597
2021-01-27,9. Max Diversification,-0.04096988422596806
2021-01-28,9. Max Diversification,-0.03729003870505126
2021-01-29,9. Max Diversification,-0.055821119187871616
2021-02-01,9. Max Diversification,-0.04735123174999336
2021-02-02,9. Max Diversification,-0.037602696346970686
2021-02-03,9. Max Diversification,-0.03688429788028562
2021-02-04,9. Max Diversification,-0.025934551563615765
2021-02-05,9. Max Diversification,-0.0164519756264962
2021-02-08,9. Max Diversification,-0.005289548309040425
2021-02-09,9. Max Diversification,-0.007925118528113282
2021-02-10,9. Max Diversification,-0.013751656646848324
2021-02-11,9. Max Diversification,-0.021743773719521346
2021-02-12,9. Max Diversification,-0.017211221334220293
2021-02-16,9. Max Diversification,-0.012528178555045946
2021-02-17,9. Max Diversification,-0.007471259624203924
2021-02-18,9. Max Diversification,-0.0297269429747709
2021-02-19,9. Max Diversification,-0.03212591537674556
2021-02-22,9. Max Diversification,-0.036181340700601416
2021-02-23,9. Max Diversification,-0.03485069498889965
2021-02-24,9. Max Diversification,-0.02522591028239789
2021-02-25,9. Max Diversification,-0.04335682835204575
2021-02-26,9. Max Diversification,-0.043562919312045624
2021-03-01,9. Max Diversification,-0.02089852194262579
2021-03-02,9. Max Diversification,-0.031146713829784328
2021-03-03,9. Max Diversification,-0.044094021586422276
2021-03-04,9. Max Diversification,-0.04829367171272724
2021-03-05,9. Max Diversification,-0.03831154996442007
2021-03-08,9. Max Diversification,-0.05146869632528867
2021-03-09,9. Max Diversification,-0.03365539958099682
2021-03-10,9. Max Diversification,-0.02132532746600768
2021-03-11,9. Max Diversification,-0.012039370052241113
2021-03-12,9. Max Diversification,-0.008171010595323363
2021-03-15,9. Max Diversification,-0.007914261069747713
2021-03-16,9. Max Diversification,-0.012297732444844254
2021-03-17,9. Max Diversification,-0.009871344683641212
2021-03-18,9. Max Diversification,-0.03685992693056146
2021-03-19,9. Max Diversification,-0.03388733031803723
2021-03-22,9. Max Diversification,-0.024354106516360427
2021-03-23,9. Max Diversification,-0.02575502835873312
2021-03-24,9. Max Diversification,-0.033484539278745305
2021-03-25,9. Max Diversification,-0.036957990284561905
2021-03-26,9. Max Diversification,-0.028020181393936548
2021-03-29,9. Max Diversification,-0.023116597255409738
2021-03-30,9. Max Diversification,-0.02698437054646283
2021-03-31,9. Max Diversification,-0.027501863528201664
2021-04-01,9. Max Diversification,-0.01680459175672141
2021-04-05,9. Max Diversification,-0.00833984411864406
2021-04-06,9. Max Diversification,-0.008090805158720633
2021-04-07,9. Max Diversification,-0.006255359190294001
2021-04-08,9. Max Diversification,-0.0028527974007443355
2021-04-09,9. Max Diversification,0.0
2021-04-12,9. Max Diversification,0.0
2021-04-13,9. Max Diversification,0.0
2021-04-14,9. Max Diversification,-0.006001968107007976
2021-04-15,9. Max Diversification,0.0
2021-04-16,9. Max Diversification,0.0
2021-04-19,9. Max Diversification,0.0
2021-04-20,9. Max Diversification,-0.004978755010951725
2021-04-21,9. Max Diversification,-0.011450775899001477
2021-04-22,9. Max Diversification,-0.024955962025898743
2021-04-23,9. Max Diversification,-0.021772620906976733
2021-04-26,9. Max Diversification,-0.022216896836334987
2021-04-27,9. Max Diversification,-0.023800487810844925
2021-04-28,9. Max Diversification,-0.019384581365135458
2021-04-29,9. Max Diversification,-0.012354117712059392
2021-04-30,9. Max Diversification,-0.012875762565400658
2021-05-03,9. Max Diversification,-0.003530783936561839
2021-05-04,9. Max Diversification,-0.008186591987856876
2021-05-05,9. Max Diversification,-0.00845330316377306
2021-05-06,9. Max Diversification,-0.006346477107548864
2021-05-07,9. Max Diversification,-0.001348371558108286
2021-05-10,9. Max Diversification,-0.007303021375879851
2021-05-11,9. Max Diversification,-0.015317117560540622
2021-05-12,9. Max Diversification,-0.027824203228447267
2021-05-13,9. Max Diversification,-0.018635132365575693
2021-05-14,9. Max Diversification,-0.010036615693457108
2021-05-17,9. Max Diversification,-0.010843082382063694
2021-05-18,9. Max Diversification,-0.013600202646371755
2021-05-19,9. Max Diversification,-0.017573131362246384
2021-05-20,9. Max Diversification,-0.008077597321907734
2021-05-21,9. Max Diversification,-0.010882137366764804
2021-05-24,9. Max Diversification,-0.005732748823647883
2021-05-25,9. Max Diversification,-0.010134569259242226
2021-05-26,9. Max Diversification,-0.010913639864032135
2021-05-27,9. Max Diversification,-0.012339001264061289
2021-05-28,9. Max Diversification,-0.012686118730358433
2021-06-01,9. Max Diversification,-0.013232996851541163
2021-06-02,9. Max Diversification,-0.010845880143046481
2021-06-03,9. Max Diversification,-0.011182735938225354
2021-06-04,9. Max Diversification,-0.00495144483390254
2021-06-07,9. Max Diversification,-0.007426316857624679
2021-06-08,9. Max Diversification,-0.00977311412400986
2021-06-09,9. Max Diversification,-0.007806728415658981
2021-06-10,9. Max Diversification,-0.0009431708709664677
2021-06-11,9. Max Diversification,-0.0024861890394676507
2021-06-14,9. Max Diversification,-0.001996749366541303
2021-06-15,9. Max Diversification,-0.004783816710415708
2021-06-16,9. Max Diversification,-0.011054218166753558
2021-06-17,9. Max Diversification,-0.009431002851925923
2021-06-18,9. Max Diversification,-0.02246721445605811
2021-06-21,9. Max Diversification,-0.012473168208592313
2021-06-22,9. Max Diversification,-0.0038042194266680813
2021-06-23,9. Max Diversification,-0.004317765407194656
2021-06-24,9. Max Diversification,0.0
2021-06-25,9. Max Diversification,0.0
2021-06-28,9. Max Diversification,0.0
2021-06-29,9. Max Diversification,-0.0031159053342229535
2021-06-30,9. Max Diversification,-0.003398697062851813
2021-07-01,9. Max Diversification,0.0
2021-07-02,9. Max Diversification,0.0
2021-07-06,9. Max Diversification,-0.0061626621065874205
2021-07-07,9. Max Diversification,-0.007520581472558271
2021-07-08,9. Max Diversification,-0.0138845423715974
2021-07-09,9. Max Diversification,-0.002458109347735805
2021-07-12,9. Max Diversification,0.0
2021-07-13,9. Max Diversification,-0.003934256965474532
2021-07-14,9. Max Diversification,-0.0025062517397860433
2021-07-15,9. Max Diversification,-0.003682679833193388
2021-07-16,9. Max Diversification,-0.013178374000112642
2021-07-19,9. Max Diversification,-0.02275437285805892
2021-07-20,9. Max Diversification,-0.0387647189663926
2021-07-21,9. Max Diversification,-0.03830758897337373
2021-07-22,9. Max Diversification,-0.03983740241684496
2021-07-23,9. Max Diversification,-0.03282298266929696
2021-07-26,9. Max Diversification,-0.02717760068148054
2021-07-27,9. Max Diversification,-0.027859747571409747
2021-07-28,9. Max Diversification,-0.02333915942427538
2021-07-29,9. Max Diversification,-0.02442555723204532
2021-07-30,9. Max Diversification,-0.024672481286525286
2021-08-02,9. Max Diversification,-0.020362908193055324
2021-08-03,9. Max Diversification,-0.007410521467057574
2021-08-04,9. Max Diversification,-0.012306533821750204
2021-08-05,9. Max Diversification,-0.004488548273123496
2021-08-06,9. Max Diversification,-0.004727144793184068
2021-08-09,9. Max Diversification,-0.00020542483550869769
2021-08-10,9. Max Diversification,0.0
2021-08-11,9. Max Diversification,-0.006027595377446407
2021-08-12,9. Max Diversification,-0.0018593493552400764
2021-08-13,9. Max Diversification,0.0
2021-08-16,9. Max Diversification,0.0
2021-08-17,9. Max Diversification,-0.0012081807155236487
2021-08-18,9. Max Diversification,-0.011866076115603997
2021-08-19,9. Max Diversification,-0.008894473940746843
2021-08-20,9. Max Diversification,-0.001830686497282143
2021-08-23,9. Max Diversification,0.0
2021-08-24,9. Max Diversification,-0.0076498029200704285
2021-08-25,9. Max Diversification,-0.010589127617121743
2021-08-26,9. Max Diversification,-0.014281001530448114
2021-08-27,9. Max Diversification,-0.009442961359804332
2021-08-30,9. Max Diversification,-0.006683944095911059
2021-08-31,9. Max Diversification,-0.011259785587374449
2021-09-01,9. Max Diversification,-0.00848145430132594
2021-09-02,9. Max Diversification,-0.0006140910627745996
2021-09-03,9. Max Diversification,0.0
2021-09-07,9. Max Diversification,0.0
2021-09-08,9. Max Diversification,-0.0019931491708136883
2021-09-09,9. Max Diversification,-0.006901414622266162
2021-09-10,9. Max Diversification,-0.011326300223389414
2021-09-13,9. Max Diversification,-0.012276536075851175
2021-09-14,9. Max Diversification,-0.02006450864749144
2021-09-15,9. Max Diversification,-0.013850763360478528
2021-09-16,9. Max Diversification,-0.015629529512648527
2021-09-17,9. Max Diversification,-0.019943836740727316
2021-09-20,9. Max Diversification,-0.03610851415668946
2021-09-21,9. Max Diversification,-0.03883043626046371
2021-09-22,9. Max Diversification,-0.02524331940712245
2021-09-23,9. Max Diversification,-0.013425697105643529
2021-09-24,9. Max Diversification,-0.013659736917070165
2021-09-27,9. Max Diversification,-0.011326785971738824
2021-09-28,9. Max Diversification,-0.023965877411303523
2021-09-29,9. Max Diversification,-0.01695866266804929
2021-09-30,9. Max Diversification,-0.017341850224382647
2021-10-01,9. Max Diversification,-0.01049690505073081
2021-10-04,9. Max Diversification,-0.019105783935950766
2021-10-05,9. Max Diversification,-0.007984285527887124
2021-10-06,9. Max Diversification,-0.005908004676816875
2021-10-07,9. Max Diversification,0.0
2021-10-08,9. Max Diversification,-0.002621671136556644
2021-10-11,9. Max Diversification,-0.006888793346575
2021-10-12,9. Max Diversification,-0.008557266863474067
2021-10-13,9. Max Diversification,-0.008703103268564624
2021-10-14,9. Max Diversification,0.0
2021-10-15,9. Max Diversification,0.0
2021-10-18,9. Max Diversification,0.0
2021-10-19,9. Max Diversification,0.0
2021-10-20,9. Max Diversification,0.0
2021-10-21,9. Max Diversification,0.0
2021-10-22,9. Max Diversification,0.0
2021-10-25,9. Max Diversification,0.0
2021-10-26,9. Max Diversification,0.0
2021-10-27,9. Max Diversification,-0.007478443136605167
2021-10-28,9. Max Diversification,0.0
2021-10-29,9. Max Diversification,0.0
2021-11-01,9. Max Diversification,0.0
2021-11-02,9. Max Diversification,0.0
2021-11-03,9. Max Diversification,0.0
2021-11-04,9. Max Diversification,0.0
2021-11-05,9. Max Diversification,0.0
2021-11-08,9. Max Diversification,-0.001164526081290505
2021-11-09,9. Max Diversification,-0.013574230019078726
2021-11-10,9. Max Diversification,-0.009153405497159284
2021-11-11,9. Max Diversification,-0.005391223598512461
2021-11-12,9. Max Diversification,-0.005370430681470862
2021-11-15,9. Max Diversification,-0.00772064382719008
2021-11-16,9. Max Diversification,0.0
2021-11-17,9. Max Diversification,0.0
2021-11-18,9. Max Diversification,0.0
2021-11-19,9. Max Diversification,-0.0018468866247633008
2021-11-22,9. Max Diversification,-0.0014518155221780748
2021-11-23,9. Max Diversification,-0.0015281232161795074
2021-11-24,9. Max Diversification,0.0
2021-11-26,9. Max Diversification,-0.003839165070243727
2021-11-29,9. Max Diversification,0.0
2021-11-30,9. Max Diversification,-0.0004350405929910287
2021-12-01,9. Max Diversification,-0.007178492266454276
2021-12-02,9. Max Diversification,-0.0035424247677725207
2021-12-03,9. Max Diversification,-0.006978354217104466
2021-12-06,9. Max Diversification,-0.00586199463849849
2021-12-07,9. Max Diversification,0.0
2021-12-08,9. Max Diversification,-0.001880268455366874
2021-12-09,9. Max Diversification,-0.005524570126700429
2021-12-10,9. Max Diversification,0.0
2021-12-13,9. Max Diversification,-0.0006310841869315143
2021-12-14,9. Max Diversification,0.0
2021-12-15,9. Max Diversification,0.0
2021-12-16,9. Max Diversification,0.0
2021-12-17,9. Max Diversification,-0.01950770261301753
2021-12-20,9. Max Diversification,-0.018711214292669864
2021-12-21,9. Max Diversification,-0.01391528556283927
2021-12-22,9. Max Diversification,-0.002825091051651404
2021-12-23,9. Max Diversification,-0.0009476408508783487
2021-12-27,9. Max Diversification,0.0
2021-12-28,9. Max Diversification,-0.0026516224929753443
2021-12-29,9. Max Diversification,-0.003569582801793711
2021-12-30,9. Max Diversification,-0.0027662995177249977
2021-12-31,9. Max Diversification,-0.001237838912822736
2022-01-03,9. Max Diversification,0.0
2022-01-04,9. Max Diversification,-0.0038150451085631715
2022-01-05,9. Max Diversification,-0.009999883838529743
2022-01-06,9. Max Diversification,-0.012441220079543633
2022-01-07,9. Max Diversification,-0.013547599954260064
2022-01-10,9. Max Diversification,-0.01495739224961553
2022-01-11,9. Max Diversification,-0.008938658520049634
2022-01-12,9. Max Diversification,-0.008214891926027682
2022-01-13,9. Max Diversification,-0.02305365761302225
2022-01-14,9. Max Diversification,-0.02761371802975059
2022-01-18,9. Max Diversification,-0.041860088048054314
2022-01-19,9. Max Diversification,-0.04644600997745449
2022-01-20,9. Max Diversification,-0.054350252741221634
2022-01-21,9. Max Diversification,-0.08768052534990046
2022-01-24,9. Max Diversification,-0.0916507465702433
2022-01-25,9. Max Diversification,-0.09131161410639262
2022-01-26,9. Max Diversification,-0.09184799680689155
2022-01-27,9. Max Diversification,-0.09035155845643943
2022-01-28,9. Max Diversification,-0.07609965316079259
2022-01-31,9. Max Diversification,-0.07643668538771241
2022-02-01,9. Max Diversification,-0.06366632987480846
2022-02-02,9. Max Diversification,-0.06153906910263047
2022-02-03,9. Max Diversification,-0.07697466941927562
2022-02-04,9. Max Diversification,-0.07189621336925527
2022-02-07,9. Max Diversification,-0.07316881784581176
2022-02-08,9. Max Diversification,-0.07673330897625408
2022-02-09,9. Max Diversification,-0.07322973374576446
2022-02-10,9. Max Diversification,-0.08586527316766612
2022-02-11,9. Max Diversification,-0.09718537709899623
2022-02-14,9. Max Diversification,-0.10032337007657276
2022-02-15,9. Max Diversification,-0.09049661007082409
2022-02-16,9. Max Diversification,-0.09117383746886575
2022-02-17,9. Max Diversification,-0.10329129446068383
2022-02-18,9. Max Diversification,-0.10970690144761377
2022-02-22,9. Max Diversification,-0.13066339563107907
2022-02-23,9. Max Diversification,-0.14547641153728957
2022-02-24,9. Max Diversification,-0.14646890110725155
2022-02-25,9. Max Diversification,-0.12251745609096212
2022-02-28,9. Max Diversification,-0.12522606139030845
2022-03-01,9. Max Diversification,-0.13678951618006543
2022-03-02,9. Max Diversification,-0.12242831330124072
2022-03-03,9. Max Diversification,-0.12686858892553768
2022-03-04,9. Max Diversification,-0.12465915054587996
2022-03-07,9. Max Diversification,-0.13848506106200587
2022-03-08,9. Max Diversification,-0.1497960492188875
2022-03-09,9. Max Diversification,-0.13752543937797826
2022-03-10,9. Max Diversification,-0.13758292485069057
2022-03-11,9. Max Diversification,-0.14378975062650892
2022-03-14,9. Max Diversification,-0.14142877435196916
2022-03-15,9. Max Diversification,-0.128086025817855
2022-03-16,9. Max Diversification,-0.11606251489997745
2022-03-17,9. Max Diversification,-0.10038807875123676
2022-03-18,9. Max Diversification,-0.09294034044920307
2022-03-21,9. Max Diversification,-0.09146972769028945
2022-03-22,9. Max Diversification,-0.08711461576551686
2022-03-23,9. Max Diversification,-0.09790979375661096
2022-03-24,9. Max Diversification,-0.08989560589908784
2022-03-25,9. Max Diversification,-0.08539849349765054
2022-03-28,9. Max Diversification,-0.07751499554610647
2022-03-29,9. Max Diversification,-0.07318643590912224
2022-03-30,9. Max Diversification,-0.07907757811510406
2022-03-31,9. Max Diversification,-0.07945300681043664
2022-04-01,9. Max Diversification,-0.07437035964496674
2022-04-04,9. Max Diversification,-0.0693535561097727
2022-04-05,9. Max Diversification,-0.07577924377137592
2022-04-06,9. Max Diversification,-0.07113523368993836
2022-04-07,9. Max Diversification,-0.05906203782716065
2022-04-08,9. Max Diversification,-0.05667263546740949
2022-04-11,9. Max Diversification,-0.07754102616032277
2022-04-12,9. Max Diversification,-0.07800439979665395
2022-04-13,9. Max Diversification,-0.06633104462627466
2022-04-14,9. Max Diversification,-0.07148276253218569
2022-04-18,9. Max Diversification,-0.07649443409557619
2022-04-19,9. Max Diversification,-0.07077678057864908
2022-04-20,9. Max Diversification,-0.08779914619884623
2022-04-21,9. Max Diversification,-0.0960013481421595
2022-04-22,9. Max Diversification,-0.11178628749751125
2022-04-25,9. Max Diversification,-0.11116853069278988
2022-04-26,9. Max Diversification,-0.12802397269181287
2022-04-27,9. Max Diversification,-0.12416465763039711
2022-04-28,9. Max Diversification,-0.10280855441478173
2022-04-29,9. Max Diversification,-0.12672924058601404
2022-05-02,9. Max Diversification,-0.12466742217510798
2022-05-03,9. Max Diversification,-0.1198499665041959
2022-05-04,9. Max Diversification,-0.1006281445847439
2022-05-05,9. Max Diversification,-0.12667339868005006
2022-05-06,9. Max Diversification,-0.1261161181691876
2022-05-09,9. Max Diversification,-0.15123855181840415
2022-05-10,9. Max Diversification,-0.1485219336029632
2022-05-11,9. Max Diversification,-0.1570305059702401
2022-05-12,9. Max Diversification,-0.1540613039880828
2022-05-13,9. Max Diversification,-0.1392469110355435
2022-05-16,9. Max Diversification,-0.13431318056577246
2022-05-17,9. Max Diversification,-0.13534557589018817
2022-05-18,9. Max Diversification,-0.16943732914571394
2022-05-19,9. Max Diversification,-0.17298786302878472
2022-05-20,9. Max Diversification,-0.16666743195784006
2022-05-23,9. Max Diversification,-0.15221306520465114
2022-05-24,9. Max Diversification,-0.15122666427226492
2022-05-25,9. Max Diversification,-0.1445694308810889
2022-05-26,9. Max Diversification,-0.13312686462014406
2022-05-27,9. Max Diversification,-0.11985970249682766
2022-05-31,9. Max Diversification,-0.12023625225795655
2022-06-01,9. Max Diversification,-0.12920412272602927
2022-06-02,9. Max Diversification,-0.11600755017572476
2022-06-03,9. Max Diversification,-0.12497613801342479
2022-06-06,9. Max Diversification,-0.12547420061631787
2022-06-07,9. Max Diversification,-0.11435186861548569
2022-06-08,9. Max Diversification,-0.11643414319118162
2022-06-09,9. Max Diversification,-0.1359883737788259
2022-06-10,9. Max Diversification,-0.15428897332821498
2022-06-13,9. Max Diversification,-0.18592798802426896
2022-06-14,9. Max Diversification,-0.18877591250969408
2022-06-15,9. Max Diversification,-0.1807590409324048
2022-06-16,9. Max Diversification,-0.19807897211246484
2022-06-17,9. Max Diversification,-0.21155965859757506
2022-06-21,9. Max Diversification,-0.18330637968962926
2022-06-22,9. Max Diversification,-0.18415258179608973
2022-06-23,9. Max Diversification,-0.17709393524758188
2022-06-24,9. Max Diversification,-0.15799537297971092
2022-06-27,9. Max Diversification,-0.15519336684242835
2022-06-28,9. Max Diversification,-0.17033352668245155
2022-06-29,9. Max Diversification,-0.17661640476627632
2022-06-30,9. Max Diversification,-0.1788752283800951
2022-07-01,9. Max Diversification,-0.1711677882766711
2022-07-05,9. Max Diversification,-0.17370798479498092
2022-07-06,9. Max Diversification,-0.1714806297126506
2022-07-07,9. Max Diversification,-0.15794102280219177
2022-07-08,9. Max Diversification,-0.15840225692951992
2022-07-11,9. Max Diversification,-0.16699752085811215
2022-07-12,9. Max Diversification,-0.1755967369569906
2022-07-13,9. Max Diversification,-0.17367586197505352
2022-07-14,9. Max Diversification,-0.17503708646840835
2022-07-15,9. Max Diversification,-0.16230335334635304
2022-07-18,9. Max Diversification,-0.16562311957735296
2022-07-19,9. Max Diversification,-0.153177214547399
2022-07-20,9. Max Diversification,-0.1478546292051071
2022-07-21,9. Max Diversification,-0.13888674861143996
2022-07-22,9. Max Diversification,-0.1409296905953701
2022-07-25,9. Max Diversification,-0.13581166070685383
2022-07-26,9. Max Diversification,-0.15052119971952993
2022-07-27,9. Max Diversification,-0.13297079288673846
2022-07-28,9. Max Diversification,-0.12734868736910535
2022-07-29,9. Max Diversification,-0.12770225483216702
2022-08-01,9. Max Diversification,-0.1293922523809628
2022-08-02,9. Max Diversification,-0.13533092232536242
2022-08-03,9. Max Diversification,-0.13415113977456317
2022-08-04,9. Max Diversification,-0.14582331775783408
2022-08-05,9. Max Diversification,-0.14959354198496946
2022-08-08,9. Max Diversification,-0.14567418495660733
2022-08-09,9. Max Diversification,-0.14426191526295462
2022-08-10,9. Max Diversification,-0.13225773321278828
2022-08-11,9. Max Diversification,-0.1387302785789402
2022-08-12,9. Max Diversification,-0.12308436684966725
2022-08-15,9. Max Diversification,-0.12360486667355623
2022-08-16,9. Max Diversification,-0.11551482728864089
2022-08-17,9. Max Diversification,-0.11970854690265467
2022-08-18,9. Max Diversification,-0.11766337299824539
2022-08-19,9. Max Diversification,-0.12249871271913393
2022-08-22,9. Max Diversification,-0.1354471533662734
2022-08-23,9. Max Diversification,-0.13357225558884497
2022-08-24,9. Max Diversification,-0.13250988992394627
2022-08-25,9. Max Diversification,-0.15688582585146132
2022-08-26,9. Max Diversification,-0.1794155428716954
2022-08-29,9. Max Diversification,-0.17801921414155375
2022-08-30,9. Max Diversification,-0.18970274595370998
2022-08-31,9. Max Diversification,-0.18993817790035594
2022-09-01,9. Max Diversification,-0.18078154656721548
2022-09-02,9. Max Diversification,-0.18875325304651153
2022-09-06,9. Max Diversification,-0.1927238780191261
2022-09-07,9. Max Diversification,-0.18208844695565723
2022-09-08,9. Max Diversification,-0.17562828754350568
2022-09-09,9. Max Diversification,-0.16264863548962832
2022-09-12,9. Max Diversification,-0.15663415060170935
2022-09-13,9. Max Diversification,-0.18508149933498105
2022-09-14,9. Max Diversification,-0.17611960497664259
2022-09-15,9. Max Diversification,-0.18366380243615213
2022-09-16,9. Max Diversification,-0.1850084217193576
2022-09-19,9. Max Diversification,-0.18459401021781408
2022-09-20,9. Max Diversification,-0.19182107768362294
2022-09-21,9. Max Diversification,-0.20302670423270053
2022-09-22,9. Max Diversification,-0.20317535872276313
2022-09-23,9. Max Diversification,-0.2220842185208642
2022-09-26,9. Max Diversification,-0.225645718392632
2022-09-27,9. Max Diversification,-0.2250319795112476
2022-09-28,9. Max Diversification,-0.20910586967103192
2022-09-29,9. Max Diversification,-0.22177097392062037
2022-09-30,9. Max Diversification,-0.23288559567177164
2022-10-03,9. Max Diversification,-0.22057771676032692
2022-10-04,9. Max Diversification,-0.20508664673064675
2022-10-05,9. Max Diversification,-0.20419198026293425
2022-10-06,9. Max Diversification,-0.20770489514079554
2022-10-07,9. Max Diversification,-0.22593135382101617
2022-10-10,9. Max Diversification,-0.23107993139200445
2022-10-11,9. Max Diversification,-0.23211706478282293
2022-10-12,9. Max Diversification,-0.23087369128379615
2022-10-13,9. Max Diversification,-0.21484185860584398
2022-10-14,9. Max Diversification,-0.2294982608927906
2022-10-17,9. Max Diversification,-0.21156879928343228
2022-10-18,9. Max Diversification,-0.20616624333934627
2022-10-19,9. Max Diversification,-0.20030986954219263
2022-10-20,9. Max Diversification,-0.20576677478725527
2022-10-21,9. Max Diversification,-0.1842800985669743
2022-10-24,9. Max Diversification,-0.17781230405286363
2022-10-25,9. Max Diversification,-0.1720233858042254
2022-10-26,9. Max Diversification,-0.17061441366014948
2022-10-27,9. Max Diversification,-0.1768975380219685
2022-10-28,9. Max Diversification,-0.16039074123587355
2022-10-31,9. Max Diversification,-0.16648287187004357
2022-11-01,9. Max Diversification,-0.16463518554506285
2022-11-02,9. Max Diversification,-0.18317322228517632
2022-11-03,9. Max Diversification,-0.18599523015849967
2022-11-04,9. Max Diversification,-0.17973671900710628
2022-11-07,9. Max Diversification,-0.1750227080748763
2022-11-08,9. Max Diversification,-0.1729667093579697
2022-11-09,9. Max Diversification,-0.19286351574735175
2022-11-10,9. Max Diversification,-0.16780011701250241
2022-11-11,9. Max Diversification,-0.15811653731437644
2022-11-14,9. Max Diversification,-0.15681403289989576
2022-11-15,9. Max Diversification,-0.14608881479795366
2022-11-16,9. Max Diversification,-0.1500353609347216
2022-11-17,9. Max Diversification,-0.15271667022476917
2022-11-18,9. Max Diversification,-0.15275559753870657
2022-11-21,9. Max Diversification,-0.1566995564406072
2022-11-22,9. Max Diversification,-0.14464795964237467
2022-11-23,9. Max Diversification,-0.14088111450291463
2022-11-25,9. Max Diversification,-0.14105481821121452
2022-11-28,9. Max Diversification,-0.1467363345322725
2022-11-29,9. Max Diversification,-0.14901405758628608
2022-11-30,9. Max Diversification,-0.13132640943086266
2022-12-01,9. Max Diversification,-0.12635087267716658
2022-12-02,9. Max Diversification,-0.12725549516683973
2022-12-05,9. Max Diversification,-0.1407004633668521
2022-12-06,9. Max Diversification,-0.1559883340524194
2022-12-07,9. Max Diversification,-0.15542616274331614
2022-12-08,9. Max Diversification,-0.1480530485780702
2022-12-09,9. Max Diversification,-0.15221045264366864
2022-12-12,9. Max Diversification,-0.1437813588283966
2022-12-13,9. Max Diversification,-0.1372345452522414
2022-12-14,9. Max Diversification,-0.135461163750022
2022-12-15,9. Max Diversification,-0.150818763462898
2022-12-16,9. Max Diversification,-0.16451566296234127
2022-12-19,9. Max Diversification,-0.1665457799911825
2022-12-20,9. Max Diversification,-0.1645180556358297
2022-12-21,9. Max Diversification,-0.1555263838389502
2022-12-22,9. Max Diversification,-0.16509978711626982
2022-12-23,9. Max Diversification,-0.15845719628548963
2022-12-27,9. Max Diversification,-0.16266130971085024
2022-12-28,9. Max Diversification,-0.172624715400162
2022-12-29,9. Max Diversification,-0.1618281206023002
2022-12-30,9. Max Diversification,-0.16213137208665374
2023-01-03,9. Max Diversification,-0.16971421811214749
2023-01-04,9. Max Diversification,-0.16639938218037983
2023-01-05,9. Max Diversification,-0.17025461717407228
2023-01-06,9. Max Diversification,-0.15432792841603765
2023-01-09,9. Max Diversification,-0.164799068033675
2023-01-10,9. Max Diversification,-0.16163516334758207
2023-01-11,9. Max Diversification,-0.15312675029079995
2023-01-12,9. Max Diversification,-0.15113832979233313
2023-01-13,9. Max Diversification,-0.14839247702889602
2023-01-17,9. Max Diversification,-0.15221296585174174
2023-01-18,9. Max Diversification,-0.168146441705892
2023-01-19,9. Max Diversification,-0.17234013881725604
2023-01-20,9. Max Diversification,-0.15740328827269304
2023-01-23,9. Max Diversification,-0.15043185508632315
2023-01-24,9. Max Diversification,-0.1499847939350099
2023-01-25,9. Max Diversification,-0.1509142688395725
2023-01-26,9. Max Diversification,-0.13532576644514152
2023-01-27,9. Max Diversification,-0.12752334887787797
2023-01-30,9. Max Diversification,-0.14572874779773465
2023-01-31,9. Max Diversification,-0.13102596920361556
2023-02-01,9. Max Diversification,-0.12360844866460789
2023-02-02,9. Max Diversification,-0.10922557035886235
2023-02-03,9. Max Diversification,-0.11749482551941012
2023-02-06,9. Max Diversification,-0.1209672882917362
2023-02-07,9. Max Diversification,-0.11188446623906681
2023-02-08,9. Max Diversification,-0.11983576032696394
2023-02-09,9. Max Diversification,-0.12418214365157902
2023-02-10,9. Max Diversification,-0.11953557452525815
2023-02-13,9. Max Diversification,-0.11586264428529161
2023-02-14,9. Max Diversification,-0.11284117727259345
2023-02-15,9. Max Diversification,-0.11130208800409765
2023-02-16,9. Max Diversification,-0.12673687283517118
2023-02-17,9. Max Diversification,-0.12582936714243276
2023-02-21,9. Max Diversification,-0.136942907385989
2023-02-22,9. Max Diversification,-0.14053940377020457
2023-02-23,9. Max Diversification,-0.14175081552503627
2023-02-24,9. Max Diversification,-0.14984503306129007
2023-02-27,9. Max Diversification,-0.14754779754095054
2023-02-28,9. Max Diversification,-0.15048716354853264
2023-03-01,9. Max Diversification,-0.15519136071720976
2023-03-02,9. Max Diversification,-0.15623406547368987
2023-03-03,9. Max Diversification,-0.1425631326191741
2023-03-06,9. Max Diversification,-0.14228005065153518
2023-03-07,9. Max Diversification,-0.15553608974290006
2023-03-08,9. Max Diversification,-0.16233998895860127
2023-03-09,9. Max Diversification,-0.17569227764225076
2023-03-10,9. Max Diversification,-0.17978415042283952
2023-03-13,9. Max Diversification,-0.17659998501202884
2023-03-14,9. Max Diversification,-0.16309688973939543
2023-03-15,9. Max Diversification,-0.16541877698329133
2023-03-16,9. Max Diversification,-0.15853015534544834
2023-03-17,9. Max Diversification,-0.16528993454248855
2023-03-20,9. Max Diversification,-0.1546955292918692
2023-03-21,9. Max Diversification,-0.13744132197617737
2023-03-22,9. Max Diversification,-0.15172335616466898
2023-03-23,9. Max Diversification,-0.14787785145753254
2023-03-24,9. Max Diversification,-0.14350716844247244
2023-03-27,9. Max Diversification,-0.1401545405108566
2023-03-28,9. Max Diversification,-0.1431685739584924
2023-03-29,9. Max Diversification,-0.1321941297732787
2023-03-30,9. Max Diversification,-0.1270078498069332
2023-03-31,9. Max Diversification,-0.11274460676940555
2023-04-03,9. Max Diversification,-0.10430359589260485
2023-04-04,9. Max Diversification,-0.1062303273026056
2023-04-05,9. Max Diversification,-0.09974943935634899
2023-04-06,9. Max Diversification,-0.09790406720223281
2023-04-10,9. Max Diversification,-0.10169711399111327
2023-04-11,9. Max Diversification,-0.1020367244763788
2023-04-12,9. Max Diversification,-0.10860227734811641
2023-04-13,9. Max Diversification,-0.09630470991621963
2023-04-14,9. Max Diversification,-0.09774885300458229
2023-04-17,9. Max Diversification,-0.10056844093675553
2023-04-18,9. Max Diversification,-0.10396914848189442
2023-04-19,9. Max Diversification,-0.1058207319964513
2023-04-20,9. Max Diversification,-0.1150557691279587
2023-04-21,9. Max Diversification,-0.10725109625056652
2023-04-24,9. Max Diversification,-0.10383515196929134
2023-04-25,9. Max Diversification,-0.11326867530462985
2023-04-26,9. Max Diversification,-0.12173401350866672
2023-04-27,9. Max Diversification,-0.10234814210161669
2023-04-28,9. Max Diversification,-0.10249790763179632
2023-05-01,9. Max Diversification,-0.1090492676380987
2023-05-02,9. Max Diversification,-0.11665665504782483
2023-05-03,9. Max Diversification,-0.1242946123418318
2023-05-04,9. Max Diversification,-0.12948592917424134
2023-05-05,9. Max Diversification,-0.11792002543897129
2023-05-08,9. Max Diversification,-0.11469222713191753
2023-05-09,9. Max Diversification,-0.11798820862702744
2023-05-10,9. Max Diversification,-0.11608356920549584
2023-05-11,9. Max Diversification,-0.1148156440202832
2023-05-12,9. Max Diversification,-0.11713406401429033
2023-05-15,9. Max Diversification,-0.12092966773716247
2023-05-16,9. Max Diversification,-0.12465504955574251
2023-05-17,9. Max Diversification,-0.11733202009031753
2023-05-18,9. Max Diversification,-0.11222063197782348
2023-05-19,9. Max Diversification,-0.111458800107328
2023-05-22,9. Max Diversification,-0.11039563166208186
2023-05-23,9. Max Diversification,-0.11063473206633656
2023-05-24,9. Max Diversification,-0.11337785128444296
2023-05-25,9. Max Diversification,-0.12060472761255821
2023-05-26,9. Max Diversification,-0.1134789346206706
2023-05-30,9. Max Diversification,-0.1141347864827138
2023-05-31,9. Max Diversification,-0.11439019956656672
2023-06-01,9. Max Diversification,-0.10668219783565035
2023-06-02,9. Max Diversification,-0.0924266339426991
2023-06-05,9. Max Diversification,-0.08949208379780632
2023-06-06,9. Max Diversification,-0.08801416161004635
2023-06-07,9. Max Diversification,-0.08680055905117447
2023-06-08,9. Max Diversification,-0.07745094770105145
2023-06-09,9. Max Diversification,-0.07586500909935778
2023-06-12,9. Max Diversification,-0.07160525778857146
2023-06-13,9. Max Diversification,-0.0666183557556507
2023-06-14,9. Max Diversification,-0.0678524117508398
2023-06-15,9. Max Diversification,-0.058652975032393063
2023-06-16,9. Max Diversification,-0.05917830194177262
2023-06-20,9. Max Diversification,-0.06251857781206174
2023-06-21,9. Max Diversification,-0.06676408184964619
2023-06-22,9. Max Diversification,-0.05932526545123793
2023-06-23,9. Max Diversification,-0.06646010481505103
2023-06-26,9. Max Diversification,-0.0772594145772398
2023-06-27,9. Max Diversification,-0.07140531261245216
2023-06-28,9. Max Diversification,-0.06759076642485264
2023-06-29,9. Max Diversification,-0.06718527400039025
2023-06-30,9. Max Diversification,-0.0673898231340683
2023-07-03,9. Max Diversification,-0.06272702476841639
2023-07-05,9. Max Diversification,-0.062082743513249224
2023-07-06,9. Max Diversification,-0.07667707557279452
2023-07-07,9. Max Diversification,-0.08561293538515505
2023-07-10,9. Max Diversification,-0.0831529122170513
2023-07-11,9. Max Diversification,-0.08025836275438727
2023-07-12,9. Max Diversification,-0.07426817212005696
2023-07-13,9. Max Diversification,-0.07147628281681437
2023-07-14,9. Max Diversification,-0.0745289031659684
2023-07-17,9. Max Diversification,-0.07406119975577272
2023-07-18,9. Max Diversification,-0.07226964134001364
2023-07-19,9. Max Diversification,-0.07016562739358759
2023-07-20,9. Max Diversification,-0.067738870817721
2023-07-21,9. Max Diversification,-0.06273718688494632
2023-07-24,9. Max Diversification,-0.05490133234600287
2023-07-25,9. Max Diversification,-0.05409670465089532
2023-07-26,9. Max Diversification,-0.050338776959825624
2023-07-27,9. Max Diversification,-0.05401597918122505
2023-07-28,9. Max Diversification,-0.04318492203330156
2023-07-31,9. Max Diversification,-0.043424634184790215
2023-08-01,9. Max Diversification,-0.04548774625640123
2023-08-02,9. Max Diversification,-0.05252528398705826
2023-08-03,9. Max Diversification,-0.04763564933799461
2023-08-04,9. Max Diversification,-0.05322367268666009
2023-08-07,9. Max Diversification,-0.04191978090488568
2023-08-08,9. Max Diversification,-0.04271948066535642
2023-08-09,9. Max Diversification,-0.044624094957230326
2023-08-10,9. Max Diversification,-0.04552665677166788
2023-08-11,9. Max Diversification,-0.04098277060319213
2023-08-14,9. Max Diversification,-0.0405411111337431
2023-08-15,9. Max Diversification,-0.053892610427402156
2023-08-16,9. Max Diversification,-0.06321175880975556
2023-08-17,9. Max Diversification,-0.06228692968151677
2023-08-18,9. Max Diversification,-0.06033912788417841
2023-08-21,9. Max Diversification,-0.06077020427314674
2023-08-22,9. Max Diversification,-0.06524481014484336
2023-08-23,9. Max Diversification,-0.06322360774379411
2023-08-24,9. Max Diversification,-0.07079240611494547
2023-08-25,9. Max Diversification,-0.062499193199712456
2023-08-28,9. Max Diversification,-0.06121109698703013
2023-08-29,9. Max Diversification,-0.05091606128362321
2023-08-30,9. Max Diversification,-0.049752753678061645
2023-08-31,9. Max Diversification,-0.04994386601277865
2023-09-01,9. Max Diversification,-0.05171486660334957
2023-09-05,9. Max Diversification,-0.0502585800470411
2023-09-06,9. Max Diversification,-0.0582179547739897
2023-09-07,9. Max Diversification,-0.05487471944281097
2023-09-08,9. Max Diversification,-0.05324385549144648
2023-09-11,9. Max Diversification,-0.04287478515899191
2023-09-12,9. Max Diversification,-0.040620332665933775
2023-09-13,9. Max Diversification,-0.03982084480614325
2023-09-14,9. Max Diversification,-0.03296628793436865
2023-09-15,9. Max Diversification,-0.045740677238099714
2023-09-18,9. Max Diversification,-0.0464277107180902
2023-09-19,9. Max Diversification,-0.04607780541217691
2023-09-20,9. Max Diversification,-0.051037827539832624
2023-09-21,9. Max Diversification,-0.06409548341843105
2023-09-22,9. Max Diversification,-0.06794542974136115
2023-09-25,9. Max Diversification,-0.06367204559040444
2023-09-26,9. Max Diversification,-0.06997697191227437
2023-09-27,9. Max Diversification,-0.0704566156767079
2023-09-28,9. Max Diversification,-0.0684247184978912
2023-09-29,9. Max Diversification,-0.07175512891604921
2023-10-02,9. Max Diversification,-0.07064940249440549
2023-10-03,9. Max Diversification,-0.07478169653278993
2023-10-04,9. Max Diversification,-0.07580598124771433
2023-10-05,9. Max Diversification,-0.07935258053669149
2023-10-06,9. Max Diversification,-0.0802913985346149
2023-10-09,9. Max Diversification,-0.07337641046142097
2023-10-10,9. Max Diversification,-0.07061154318768448
2023-10-11,9. Max Diversification,-0.07929035517353004
2023-10-12,9. Max Diversification,-0.08091715618750042
2023-10-13,9. Max Diversification,-0.08148328414657711
2023-10-16,9. Max Diversification,-0.07208986011404896
2023-10-17,9. Max Diversification,-0.07477475133877469
2023-10-18,9. Max Diversification,-0.0864203730272509
2023-10-19,9. Max Diversification,-0.09379349264382668
2023-10-20,9. Max Diversification,-0.10274726403175463
2023-10-23,9. Max Diversification,-0.10265760498052856
2023-10-24,9. Max Diversification,-0.10128718899717694
2023-10-25,9. Max Diversification,-0.10547153984182035
2023-10-26,9. Max Diversification,-0.117217359725849
2023-10-27,9. Max Diversification,-0.12869858266596534
2023-10-30,9. Max Diversification,-0.12220962655885656
2023-10-31,9. Max Diversification,-0.12251898303934962
2023-11-01,9. Max Diversification,-0.1167351872367278
2023-11-02,9. Max Diversification,-0.10252257729165151
2023-11-03,9. Max Diversification,-0.09918157697521539
2023-11-06,9. Max Diversification,-0.09980404264910693
2023-11-07,9. Max Diversification,-0.10089720141066316
2023-11-08,9. Max Diversification,-0.10542073727842455
2023-11-09,9. Max Diversification,-0.11643800046180852
2023-11-10,9. Max Diversification,-0.10894444026544563
2023-11-13,9. Max Diversification,-0.10468239671173703
2023-11-14,9. Max Diversification,-0.09826249309880504
2023-11-15,9. Max Diversification,-0.09266000505839761
2023-11-16,9. Max Diversification,-0.10166398417487209
2023-11-17,9. Max Diversification,-0.09891173131619183
2023-11-20,9. Max Diversification,-0.09682951281406904
2023-11-21,9. Max Diversification,-0.09369131327998721
2023-11-22,9. Max Diversification,-0.09548752327492459
2023-11-24,9. Max Diversification,-0.09150158985065245
2023-11-27,9. Max Diversification,-0.09466308556416643
2023-11-28,9. Max Diversification,-0.09126716685561544
2023-11-29,9. Max Diversification,-0.09552321743556114
2023-11-30,9. Max Diversification,-0.09572902032695929
2023-12-01,9. Max Diversification,-0.09973841972122888
2023-12-04,9. Max Diversification,-0.10347856746759468
2023-12-05,9. Max Diversification,-0.10979057971186491
2023-12-06,9. Max Diversification,-0.11815072170493729
2023-12-07,9. Max Diversification,-0.11792161298864696
2023-12-08,9. Max Diversification,-0.11669518905319164
2023-12-11,9. Max Diversification,-0.11739300288722428
2023-12-12,9. Max Diversification,-0.11735570890298536
2023-12-13,9. Max Diversification,-0.11487115316545188
2023-12-14,9. Max Diversification,-0.11604713245782676
2023-12-15,9. Max Diversification,-0.11605003476593706
2023-12-18,9. Max Diversification,-0.10529863931568698
2023-12-19,9. Max Diversification,-0.09651304251731836
2023-12-20,9. Max Diversification,-0.11278255071944036
2023-12-21,9. Max Diversification,-0.10356995762874467
2023-12-22,9. Max Diversification,-0.10110533127796219
2023-12-26,9. Max Diversification,-0.09751387017005447
2023-12-27,9. Max Diversification,-0.09499963580681686
2023-12-28,9. Max Diversification,-0.09826339095062905
2023-12-29,9. Max Diversification,-0.09920772278103678
2024-01-02,9. Max Diversification,-0.0895132418893252
2024-01-03,9. Max Diversification,-0.09049944999573817
2024-01-04,9. Max Diversification,-0.09417046484544744
2024-01-05,9. Max Diversification,-0.09196109251381927
2024-01-08,9. Max Diversification,-0.08491627518501765
2024-01-09,9. Max Diversification,-0.08637278405864582
2024-01-10,9. Max Diversification,-0.08462121406125449
2024-01-11,9. Max Diversification,-0.08665642314782396
2024-01-12,9. Max Diversification,-0.08270134391639009
2024-01-16,9. Max Diversification,-0.09002759571726494
2024-01-17,9. Max Diversification,-0.09343363505588631
2024-01-18,9. Max Diversification,-0.09138910735155881
2024-01-19,9. Max Diversification,-0.08756319771122517
2024-01-22,9. Max Diversification,-0.08731698622413821
2024-01-23,9. Max Diversification,-0.07988819049468292
2024-01-24,9. Max Diversification,-0.0753318112067356
2024-01-25,9. Max Diversification,-0.07082374992077692
2024-01-26,9. Max Diversification,-0.06760703668696406
2024-01-29,9. Max Diversification,-0.06215664597148031
2024-01-30,9. Max Diversification,-0.060871703555938114
2024-01-31,9. Max Diversification,-0.06883868827230814
2024-02-01,9. Max Diversification,-0.060786180144301524
2024-02-02,9. Max Diversification,-0.05195711697542407
2024-02-05,9. Max Diversification,-0.054918520455619665
2024-02-06,9. Max Diversification,-0.04899561876378338
2024-02-07,9. Max Diversification,-0.04417177323547099
2024-02-08,9. Max Diversification,-0.04376627788663796
2024-02-09,9. Max Diversification,-0.04413102731376632
2024-02-12,9. Max Diversification,-0.04142403318910582
2024-02-13,9. Max Diversification,-0.05242533203180803
2024-02-14,9. Max Diversification,-0.047540210485965594
2024-02-15,9. Max Diversification,-0.034976790690081104
2024-02-16,9. Max Diversification,-0.03710643777238865
2024-02-20,9. Max Diversification,-0.03824505489411774
2024-02-21,9. Max Diversification,-0.03513759472719109
2024-02-22,9. Max Diversification,-0.015405277709189246
2024-02-23,9. Max Diversification,-0.015454296528112626
2024-02-26,9. Max Diversification,-0.07974662025995383
2024-02-27,9. Max Diversification,-0.08087079462802443
2024-02-28,9. Max Diversification,-0.0803194756926576
2024-02-29,9. Max Diversification,-0.08058027757869143
2024-03-01,9. Max Diversification,-0.07311877777424877
2024-03-04,9. Max Diversification,-0.07787402619909913
2024-03-05,9. Max Diversification,-0.07885244271237007
2024-03-06,9. Max Diversification,-0.07329318801306185
2024-03-07,9. Max Diversification,-0.06739043668360693
2024-03-08,9. Max Diversification,-0.07064623570866434
2024-03-11,9. Max Diversification,-0.06393875276493312
2024-03-12,9. Max Diversification,-0.05513221688932162
2024-03-13,9. Max Diversification,-0.05622301959880074
2024-03-14,9. Max Diversification,-0.06150962702590425
2024-03-15,9. Max Diversification,-0.06619620230303258
2024-03-18,9. Max Diversification,-0.06183534812149921
2024-03-19,9. Max Diversification,-0.05985503211745807
2024-03-20,9. Max Diversification,-0.05523944409157526
2024-03-21,9. Max Diversification,-0.05482741637254439
2024-03-22,9. Max Diversification,-0.05429925642449297
2024-03-25,9. Max Diversification,-0.051858491023282494
2024-03-26,9. Max Diversification,-0.05287874726808872
2024-03-27,9. Max Diversification,-0.04839735058385996
2024-03-28,9. Max Diversification,-0.04798957804992533
2024-04-01,9. Max Diversification,-0.04935646170554325
2024-04-02,9. Max Diversification,-0.05018077606981365
2024-04-03,9. Max Diversification,-0.058719849751120996
2024-04-04,9. Max Diversification,-0.06771969360963531
2024-04-05,9. Max Diversification,-0.06005639547848963
2024-04-08,9. Max Diversification,-0.06336786731738647
2024-04-09,9. Max Diversification,-0.06167936525440619
2024-04-10,9. Max Diversification,-0.06333890968282949
2024-04-11,9. Max Diversification,-0.06137787557889928
2024-04-12,9. Max Diversification,-0.07317096693619218
2024-04-15,9. Max Diversification,-0.0806385869971978
2024-04-16,9. Max Diversification,-0.08390114076508
2024-04-17,9. Max Diversification,-0.08794838205292282
2024-04-18,9. Max Diversification,-0.08768123601097212
2024-04-19,9. Max Diversification,-0.09410088471775915
2024-04-22,9. Max Diversification,-0.08562471473385129
2024-04-23,9. Max Diversification,-0.07736693534650475
2024-04-24,9. Max Diversification,-0.07764575053735834
2024-04-25,9. Max Diversification,-0.07905995111783663
2024-04-26,9. Max Diversification,-0.07971951076590271
2024-04-29,9. Max Diversification,-0.07098450065704667
2024-04-30,9. Max Diversification,-0.080565375348879
2024-05-01,9. Max Diversification,-0.0747671862188154
2024-05-02,9. Max Diversification,-0.06725858756941883
2024-05-03,9. Max Diversification,-0.06168992173197829
2024-05-06,9. Max Diversification,-0.05260291990490693
2024-05-07,9. Max Diversification,-0.05889338000166738
2024-05-08,9. Max Diversification,-0.05807902393170688
2024-05-09,9. Max Diversification,-0.054787805803999695
2024-05-10,9. Max Diversification,-0.054606817071768114
2024-05-13,9. Max Diversification,-0.05116029585269367
2024-05-14,9. Max Diversification,-0.05098849693056135
2024-05-15,9. Max Diversification,-0.04491441119684408
2024-05-16,9. Max Diversification,-0.039480258074466965
2024-05-17,9. Max Diversification,-0.03792798806426473
2024-05-20,9. Max Diversification,-0.04134007028324947
2024-05-21,9. Max Diversification,-0.03662946134147474
2024-05-22,9. Max Diversification,-0.036832880713990955
2024-05-23,9. Max Diversification,-0.044413456698414754
2024-05-24,9. Max Diversification,-0.04125389317690667
2024-05-28,9. Max Diversification,-0.03899369206733332
2024-05-29,9. Max Diversification,-0.043110319080563064
2024-05-30,9. Max Diversification,-0.04402257060055552
2024-05-31,9. Max Diversification,-0.0341511241247763
2024-06-03,9. Max Diversification,-0.030292274582184506
2024-06-04,9. Max Diversification,-0.026649143660522352
2024-06-05,9. Max Diversification,-0.020700905308961237
2024-06-06,9. Max Diversification,-0.01950869358139105
2024-06-07,9. Max Diversification,-0.024548656511392316
2024-06-10,9. Max Diversification,-0.12815576544102125
2024-06-11,9. Max Diversification,-0.1309234018826374
2024-06-12,9. Max Diversification,-0.13663104516032404
2024-06-13,9. Max Diversification,-0.13546046375993226
2024-06-14,9. Max Diversification,-0.13612880446922593
2024-06-17,9. Max Diversification,-0.1342119723248496
2024-06-18,9. Max Diversification,-0.13035830550684227
2024-06-20,9. Max Diversification,-0.12595375935526426
2024-06-21,9. Max Diversification,-0.1240321243992587
2024-06-24,9. Max Diversification,-0.11784466761217395
2024-06-25,9. Max Diversification,-0.1209462331090334
2024-06-26,9. Max Diversification,-0.11806834595021452
2024-06-27,9. Max Diversification,-0.11719407032598397
2024-06-28,9. Max Diversification,-0.11754426243057689
2024-07-01,9. Max Diversification,-0.11676089731960097
2024-07-02,9. Max Diversification,-0.11184472527276373
2024-07-03,9. Max Diversification,-0.10613732958744831
2024-07-05,9. Max Diversification,-0.09906606774646515
2024-07-08,9. Max Diversification,-0.10224946761089182
2024-07-09,9. Max Diversification,-0.1002075456562847
2024-07-10,9. Max Diversification,-0.09213017553142351
2024-07-11,9. Max Diversification,-0.10317276494141996
2024-07-12,9. Max Diversification,-0.10054637774489676
2024-07-15,9. Max Diversification,-0.09864234080787374
2024-07-16,9. Max Diversification,-0.09109261195252502
2024-07-17,9. Max Diversification,-0.08751245390272806
2024-07-18,9. Max Diversification,-0.08875323585812145
2024-07-19,9. Max Diversification,-0.09744086293600325
2024-07-22,9. Max Diversification,-0.09422546053044376
2024-07-23,9. Max Diversification,-0.10376796305529647
2024-07-24,9. Max Diversification,-0.10953620625730108
2024-07-25,9. Max Diversification,-0.10474389799351598
2024-07-26,9. Max Diversification,-0.09860585610821751
2024-07-29,9. Max Diversification,-0.09845123524540476
2024-07-30,9. Max Diversification,-0.10120970330185086
2024-07-31,9. Max Diversification,-0.10020561205635219
2024-08-01,9. Max Diversification,-0.09807278431462864
2024-08-02,9. Max Diversification,-0.09887648001872437
2024-08-05,9. Max Diversification,-0.11853553152277485
2024-08-06,9. Max Diversification,-0.11701810548087882
2024-08-07,9. Max Diversification,-0.12158112441731789
2024-08-08,9. Max Diversification,-0.10842654487235298
2024-08-09,9. Max Diversification,-0.10534305820257783
2024-08-12,9. Max Diversification,-0.10896753242096335
2024-08-13,9. Max Diversification,-0.10387952362421135
2024-08-14,9. Max Diversification,-0.10006154530776165
2024-08-15,9. Max Diversification,-0.09002976043317974
2024-08-16,9. Max Diversification,-0.08892745797245723
2024-08-19,9. Max Diversification,-0.0809610781931872
2024-08-20,9. Max Diversification,-0.08318478479244402
2024-08-21,9. Max Diversification,-0.07972912335035125
2024-08-22,9. Max Diversification,-0.08429945645802027
2024-08-23,9. Max Diversification,-0.07628677886995011
2024-08-26,9. Max Diversification,-0.07303146386951204
2024-08-27,9. Max Diversification,-0.07760603533658682
2024-08-28,9. Max Diversification,-0.08219618095920839
2024-08-29,9. Max Diversification,-0.07953982960899052
2024-08-30,9. Max Diversification,-0.07975861950312242
2024-09-03,9. Max Diversification,-0.08987730562548302
2024-09-04,9. Max Diversification,-0.08827298198859654
2024-09-05,9. Max Diversification,-0.08930487180357384
2024-09-06,9. Max Diversification,-0.10009746411125686
2024-09-09,9. Max Diversification,-0.08817130210309221
2024-09-10,9. Max Diversification,-0.08700589189890752
2024-09-11,9. Max Diversification,-0.09022189914936726
2024-09-12,9. Max Diversification,-0.08562099236264578
2024-09-13,9. Max Diversification,-0.08095453933713763
2024-09-16,9. Max Diversification,-0.07204321595112616
2024-09-17,9. Max Diversification,-0.07109884275902312
2024-09-18,9. Max Diversification,-0.07469929883124353
2024-09-19,9. Max Diversification,-0.068608974362303
2024-09-20,9. Max Diversification,-0.06824150685115522
2024-09-23,9. Max Diversification,-0.06402836350398974
2024-09-24,9. Max Diversification,-0.05990349782634307
2024-09-25,9. Max Diversification,-0.06496151035692628
2024-09-26,9. Max Diversification,-0.06693612143844876
2024-09-27,9. Max Diversification,-0.061486917285680266
2024-09-30,9. Max Diversification,-0.057470430965860506
2024-10-01,9. Max Diversification,-0.05843900685511346
2024-10-02,9. Max Diversification,-0.06012231507026041
2024-10-03,9. Max Diversification,-0.06264829959301647
2024-10-04,9. Max Diversification,-0.05434803350550692
2024-10-07,9. Max Diversification,-0.06298763222360904
2024-10-08,9. Max Diversification,-0.059663003730255036
2024-10-09,9. Max Diversification,-0.05385599637052982
2024-10-10,9. Max Diversification,-0.0568905227059043
2024-10-11,9. Max Diversification,-0.05670461809248606
2024-10-14,9. Max Diversification,-0.05294051252670663
2024-10-15,9. Max Diversification,-0.055945944937714626
2024-10-16,9. Max Diversification,-0.05428448288447964
2024-10-17,9. Max Diversification,-0.05796679985524676
2024-10-18,9. Max Diversification,-0.049349380665703525
2024-10-21,9. Max Diversification,-0.05324430527233366
2024-10-22,9. Max Diversification,-0.05191725682039466
2024-10-23,9. Max Diversification,-0.057096173322672174
2024-10-24,9. Max Diversification,-0.05080050011281434
2024-10-25,9. Max Diversification,-0.05311429012793026
2024-10-28,9. Max Diversification,-0.051335997036612485
2024-10-29,9. Max Diversification,-0.05679288562154407
2024-10-30,9. Max Diversification,-0.06051318880169994
2024-10-31,9. Max Diversification,-0.06752297157679567
2024-11-01,9. Max Diversification,-0.07033434137931752
2024-11-04,9. Max Diversification,-0.06973260283005074
2024-11-05,9. Max Diversification,-0.0613312088629902
2024-11-06,9. Max Diversification,-0.05472791638659931
2024-11-07,9. Max Diversification,-0.044870631273844414
2024-11-08,9. Max Diversification,-0.038463728849759106
2024-11-11,9. Max Diversification,-0.03621362149160212
2024-11-12,9. Max Diversification,-0.03990044593756738
2024-11-13,9. Max Diversification,-0.03360647492795557
2024-11-14,9. Max Diversification,-0.036304410897013896
2024-11-15,9. Max Diversification,-0.03628541838846772
2024-11-18,9. Max Diversification,-0.02812510235512154
2024-11-19,9. Max Diversification,-0.023543970644428758
2024-11-20,9. Max Diversification,-0.0195177621418659
2024-11-21,9. Max Diversification,-0.011107853243756157
2024-11-22,9. Max Diversification,-0.003207357511611528
2024-11-25,9. Max Diversification,-0.008633609670859648
2024-11-26,9. Max Diversification,-0.008315038142950816
2024-11-27,9. Max Diversification,-0.0074136372739294016
2024-11-29,9. Max Diversification,-0.0014377003058075005
2024-12-02,9. Max Diversification,0.0
2024-12-03,9. Max Diversification,-0.005040087038890972
2024-12-04,9. Max Diversification,-0.007785534086450643
2024-12-05,9. Max Diversification,-0.003057383841781931
2024-12-06,9. Max Diversification,0.0
2024-12-09,9. Max Diversification,-0.009285988099455177
2024-12-10,9. Max Diversification,-0.006789904717544065
2024-12-11,9. Max Diversification,-0.0020590599837166062
2024-12-12,9. Max Diversification,-0.005348691013160757
2024-12-13,9. Max Diversification,-0.006003563482436366
2024-12-16,9. Max Diversification,-0.00695615007343575
2024-12-17,9. Max Diversification,0.0
2024-12-18,9. Max Diversification,-0.02372295457843782
2024-12-19,9. Max Diversification,-0.025639977124909057
2024-12-20,9. Max Diversification,-0.02537886194281201
2024-12-23,9. Max Diversification,-0.019764597553018712
2024-12-24,9. Max Diversification,-0.006087616058957809
2024-12-26,9. Max Diversification,-0.00841654506769947
2024-12-27,9. Max Diversification,-0.01859555475838836
2024-12-30,9. Max Diversification,-0.02999960573760794
2024-12-31,9. Max Diversification,-0.030325676116846192
2025-01-02,9. Max Diversification,-0.03481607349557088
2025-01-03,9. Max Diversification,-0.02954093151686528
2025-01-06,9. Max Diversification,-0.030910560829757603
2025-01-07,9. Max Diversification,-0.03098500530479895
2025-01-08,9. Max Diversification,-0.038389061814760296
2025-01-10,9. Max Diversification,-0.04831045786360529
2025-01-13,9. Max Diversification,-0.04275869454520054
2025-01-14,9. Max Diversification,-0.04454734011201061
2025-01-15,9. Max Diversification,-0.0329020769387761
2025-01-16,9. Max Diversification,-0.0333626380498032
2025-01-17,9. Max Diversification,-0.027202015332753637
2025-01-21,9. Max Diversification,-0.02245720200660179
2025-01-22,9. Max Diversification,-0.01961252555853707
2025-01-23,9. Max Diversification,-0.010178559645443135
2025-01-24,9. Max Diversification,-0.014394523510161406
2025-01-27,9. Max Diversification,-0.0006369448428984507
2025-01-28,9. Max Diversification,-0.0069886076924255205
2025-01-29,9. Max Diversification,-0.005968559292678787
2025-01-30,9. Max Diversification,0.0
2025-01-31,9. Max Diversification,-0.0074645005647322035
2025-02-03,9. Max Diversification,-0.0070334016333260556
2025-02-04,9. Max Diversification,0.0
2025-02-05,9. Max Diversification,0.0
2025-02-06,9. Max Diversification,-0.0010822488450886205
2025-02-07,9. Max Diversification,-0.006406202514588644
2025-02-10,9. Max Diversification,-0.0012923352340386538
2025-02-11,9. Max Diversification,0.0
2025-02-12,9. Max Diversification,-0.003365867560921766
2025-02-13,9. Max Diversification,0.0
2025-02-14,9. Max Diversification,-0.008547093371470398
2025-02-18,9. Max Diversification,-0.008408237178714684
2025-02-19,9. Max Diversification,-0.0013178537206845625
2025-02-20,9. Max Diversification,-0.0028112306879684887
2025-02-21,9. Max Diversification,-0.00517728298373187
2025-02-24,9. Max Diversification,-0.005230270489775638
2025-02-25,9. Max Diversification,-0.005523854935445463
2025-02-26,9. Max Diversification,-0.010575168760611315
2025-02-27,9. Max Diversification,-0.016399784834538873
2025-02-28,9. Max Diversification,-0.016665054601150593
2025-03-03,9. Max Diversification,-0.025731302949805027
2025-03-04,9. Max Diversification,-0.03853275482454017
2025-03-05,9. Max Diversification,-0.03461388932415812
2025-03-06,9. Max Diversification,-0.04304013471535028
2025-03-07,9. Max Diversification,-0.03955600013852958
2025-03-10,9. Max Diversification,-0.05277078650683147
2025-03-11,9. Max Diversification,-0.06496708501016132
2025-03-12,9. Max Diversification,-0.06910179531566885
2025-03-13,9. Max Diversification,-0.07875735310526345
2025-03-14,9. Max Diversification,-0.06679996336220898
2025-03-17,9. Max Diversification,-0.05951295854192916
2025-03-18,9. Max Diversification,-0.0684165484239653
2025-03-19,9. Max Diversification,-0.06074329307612437
2025-03-20,9. Max Diversification,-0.06250168892223423
2025-03-21,9. Max Diversification,-0.060726464642961414
2025-03-24,9. Max Diversification,-0.05208767099329835
2025-03-25,9. Max Diversification,-0.05473076732852126
2025-03-26,9. Max Diversification,-0.05592024551571623
2025-03-27,9. Max Diversification,-0.054987757836441845
2025-03-28,9. Max Diversification,-0.06638934138116813
2025-03-31,9. Max Diversification,-0.05675050987166557
2025-04-01,9. Max Diversification,-0.06465407793317159
2025-04-02,9. Max Diversification,-0.06217595590589986
2025-04-03,9. Max Diversification,-0.08536368596360905
2025-04-04,9. Max Diversification,-0.1352713368735986
2025-04-07,9. Max Diversification,-0.14268500842451468
2025-04-08,9. Max Diversification,-0.1553699275287585
2025-04-09,9. Max Diversification,-0.10149733092277997
2025-04-10,9. Max Diversification,-0.1248159909329482
2025-04-11,9. Max Diversification,-0.10827559979389387
2025-04-14,9. Max Diversification,-0.10024663872886859
2025-04-15,9. Max Diversification,-0.10186623796536814
2025-04-16,9. Max Diversification,-0.11471347336312174
2025-04-17,9. Max Diversification,-0.10070785520625247
2025-04-21,9. Max Diversification,-0.1148472588440687
2025-04-22,9. Max Diversification,-0.09546021341648014
2025-04-23,9. Max Diversification,-0.09413886950632006
2025-04-24,9. Max Diversification,-0.08956335087675905
2025-04-25,9. Max Diversification,-0.08367919903541907
2025-04-28,9. Max Diversification,-0.08248690180479133
2025-04-29,9. Max Diversification,-0.07693857809325369
2025-04-30,9. Max Diversification,-0.0775995609839365
2025-05-01,9. Max Diversification,-0.08169227669893343
2025-05-02,9. Max Diversification,-0.07109273577218846
2025-05-05,9. Max Diversification,-0.07905304165518856
2025-05-06,9. Max Diversification,-0.08062654953135497
2025-05-07,9. Max Diversification,-0.07733742029853131
2025-05-08,9. Max Diversification,-0.0788751836484868
2025-05-09,9. Max Diversification,-0.08341830063900971
2025-05-12,9. Max Diversification,-0.06938063569169022
2025-05-13,9. Max Diversification,-0.07486397060577632
2025-05-14,9. Max Diversification,-0.07228007722846415
2025-05-15,9. Max Diversification,-0.05875513386952893
2025-05-16,9. Max Diversification,-0.05167034780531864
2025-05-19,9. Max Diversification,-0.050177893686587614
2025-05-20,9. Max Diversification,-0.051143862593010535
2025-05-21,9. Max Diversification,-0.05320781140791952
2025-05-22,9. Max Diversification,-0.0545912871878415
2025-05-23,9. Max Diversification,-0.055346002166239076
2025-05-27,9. Max Diversification,-0.043070108659666685
2025-05-28,9. Max Diversification,-0.04871755330637624
2025-05-29,9. Max Diversification,-0.043746534348519585
2025-05-30,9. Max Diversification,-0.04054918026007403
2025-06-02,9. Max Diversification,-0.041105823011123754
2025-06-03,9. Max Diversification,-0.04406548717520486
2025-06-04,9. Max Diversification,-0.04521483112964581
2025-06-05,9. Max Diversification,-0.05303264547188995
2025-06-06,9. Max Diversification,-0.041833344705803494
2025-06-09,9. Max Diversification,-0.03932833689893612
2025-06-10,9. Max Diversification,-0.030894979773534757
2025-06-11,9. Max Diversification,-0.034173302811764734
2025-06-12,9. Max Diversification,-0.030696525238325372
2025-06-13,9. Max Diversification,-0.03625791127158727
2025-06-16,9. Max Diversification,-0.03504486868766472
2025-06-17,9. Max Diversification,-0.045392290947652104
2025-06-18,9. Max Diversification,-0.05080145947277473
2025-06-20,9. Max Diversification,-0.0554431675975691
2025-06-23,9. Max Diversification,-0.047958804412437425
2025-06-24,9. Max Diversification,-0.0442818189470647
2025-06-25,9. Max Diversification,-0.042530184178710635
2025-06-26,9. Max Diversification,-0.03760799442586824
2025-06-27,9. Max Diversification,-0.028710503873607858
2025-06-30,9. Max Diversification,-0.029002017889858386
2025-07-01,9. Max Diversification,-0.022755138651448785
2025-07-02,9. Max Diversification,-0.01917428531456508
2025-07-03,9. Max Diversification,-0.014342358831328474
2025-07-07,9. Max Diversification,-0.021519904723442656
2025-07-08,9. Max Diversification,-0.02336943002292058
2025-07-09,9. Max Diversification,-0.021798043663540892
2025-07-10,9. Max Diversification,-0.01571448079438345
2025-07-11,9. Max Diversification,-0.015947905815870283
2025-07-14,9. Max Diversification,-0.020161451614377775
2025-07-15,9. Max Diversification,-0.02219890868613612
2025-07-16,9. Max Diversification,-0.0031770606562152364
2025-07-17,9. Max Diversification,0.0
2025-07-18,9. Max Diversification,-0.004859086557530714
2025-07-21,9. Max Diversification,-8.492674012153239e-05
2025-07-22,9. Max Diversification,0.0
2025-07-23,9. Max Diversification,0.0
2025-07-24,9. Max Diversification,0.0
2025-07-25,9. Max Diversification,-0.002177910592020199
2025-07-28,9. Max Diversification,-0.007267449388640097
2025-07-29,9. Max Diversification,0.0
2025-07-30,9. Max Diversification,-0.004387427116616129
2025-07-31,9. Max Diversification,-0.018509684079034267
2025-08-01,9. Max Diversification,-0.0180859589566318
2025-08-04,9. Max Diversification,-0.0050882323383113
2025-08-05,9. Max Diversification,-0.006979506608478655
2025-08-06,9. Max Diversification,-0.001807850180680287
2025-08-07,9. Max Diversification,0.0
2025-08-08,9. Max Diversification,0.0
2025-08-11,9. Max Diversification,0.0
2025-08-12,9. Max Diversification,0.0
2025-08-13,9. Max Diversification,0.0
2025-08-14,9. Max Diversification,-0.001541537970737564
2025-08-15,9. Max Diversification,0.0
2025-08-18,9. Max Diversification,0.0
2025-08-19,9. Max Diversification,0.0
2025-08-20,9. Max Diversification,0.0
2025-08-21,9. Max Diversification,-0.0004335308376117891
2025-08-22,9. Max Diversification,0.0
2025-08-25,9. Max Diversification,-0.0036152023967599826
2025-08-26,9. Max Diversification,-0.006705914612524526
2025-08-27,9. Max Diversification,-0.0041820856762308616
2025-08-28,9. Max Diversification,-0.007126016170206
2025-08-29,9. Max Diversification,-0.00738277446435027
2025-09-02,9. Max Diversification,-0.00709501325006867
2025-09-03,9. Max Diversification,-0.0016831877547773932
2025-09-04,9. Max Diversification,0.0
2025-09-05,9. Max Diversification,-0.004414951354496217
2025-09-08,9. Max Diversification,-0.006691132305710375
2025-09-09,9. Max Diversification,-0.0012320127731258459
2025-09-10,9. Max Diversification,-0.0015790745294350823
2025-09-11,9. Max Diversification,0.0
2025-09-12,9. Max Diversification,-0.002075148156856087
2025-09-15,9. Max Diversification,-6.437240331131318e-06
2025-09-16,9. Max Diversification,0.0
2025-09-17,9. Max Diversification,0.0
2025-09-18,9. Max Diversification,-0.006954055607921519
2025-09-19,9. Max Diversification,-0.003366038739027459
2025-09-22,9. Max Diversification,-0.007240038687956668
2025-09-23,9. Max Diversification,-0.0056479376814994806
2025-09-24,9. Max Diversification,-0.007663092907291614
2025-09-25,9. Max Diversification,-0.008919428285025607
2025-09-26,9. Max Diversification,-0.003607845606487432
2025-09-29,9. Max Diversification,-0.0002814925527251512
2025-09-30,9. Max Diversification,0.0
2025-10-01,9. Max Diversification,0.0
2025-10-02,9. Max Diversification,-0.003918499700656281
2025-10-03,9. Max Diversification,0.0
2025-10-06,9. Max Diversification,-0.0006764574151846987
2025-10-07,9. Max Diversification,0.0
2025-10-08,9. Max Diversification,0.0
2025-10-09,9. Max Diversification,0.0
2025-10-10,9. Max Diversification,-0.011233995255937358
2025-10-13,9. Max Diversification,-0.005111150634528574
2025-10-14,9. Max Diversification,-0.006428247846466241
2025-10-15,9. Max Diversification,-0.0070970057582933985
2025-10-16,9. Max Diversification,-0.004059414000917826
2025-10-17,9. Max Diversification,0.0
2025-10-20,9. Max Diversification,0.0
2025-10-21,9. Max Diversification,0.0
2025-10-22,9. Max Diversification,-0.003710948415438735
2025-10-23,9. Max Diversification,-0.003893956234580713
2025-10-24,9. Max Diversification,-0.004734306698750523
2025-10-27,9. Max Diversification,0.0
2025-10-28,9. Max Diversification,-0.0006091484742284918
2025-10-29,9. Max Diversification,-0.0017242040217458675
2025-10-30,9. Max Diversification,-0.002359820344646884
2025-10-31,9. Max Diversification,-0.0006946931451984022
2025-11-03,9. Max Diversification,-0.00657930613250413
2025-11-04,9. Max Diversification,-0.012895697323499046
2025-11-05,9. Max Diversification,-0.013545294913052012
2025-11-06,9. Max Diversification,-0.014851921229271935
2025-11-07,9. Max Diversification,-0.011418347320090554
2025-11-10,9. Max Diversification,0.0
2025-11-11,9. Max Diversification,0.0
2025-11-12,9. Max Diversification,-0.002405388068150733
2025-11-13,9. Max Diversification,-0.010184021490573828
2025-11-14,9. Max Diversification,-0.010299277444832423
2025-11-17,9. Max Diversification,-0.05355414709244097
2025-11-18,9. Max Diversification,-0.05296950855789187
2025-11-19,9. Max Diversification,-0.046564263825246734
2025-11-20,9. Max Diversification,-0.04999573731337016
2025-11-21,9. Max Diversification,-0.039067146230172614
2025-11-24,9. Max Diversification,-0.02998678191053839
2025-11-25,9. Max Diversification,-0.028185743287483737
2025-11-26,9. Max Diversification,-0.02850842144680317
2015-11-30,10. Max Decorrelation,0.0
2015-12-01,10. Max Decorrelation,0.0
2015-12-02,10. Max Decorrelation,0.0
2015-12-03,10. Max Decorrelation,0.0
2015-12-04,10. Max Decorrelation,0.0
2015-12-07,10. Max Decorrelation,0.0
2015-12-08,10. Max Decorrelation,0.0
2015-12-09,10. Max Decorrelation,0.0
2015-12-10,10. Max Decorrelation,0.0
2015-12-11,10. Max Decorrelation,0.0
2015-12-14,10. Max Decorrelation,0.0
2015-12-15,10. Max Decorrelation,0.0
2015-12-16,10. Max Decorrelation,0.0
2015-12-17,10. Max Decorrelation,0.0
2015-12-18,10. Max Decorrelation,0.0
2015-12-21,10. Max Decorrelation,0.0
2015-12-22,10. Max Decorrelation,0.0
2015-12-23,10. Max Decorrelation,0.0
2015-12-24,10. Max Decorrelation,0.0
2015-12-28,10. Max Decorrelation,0.0
2015-12-29,10. Max Decorrelation,0.0
2015-12-30,10. Max Decorrelation,0.0
2015-12-31,10. Max Decorrelation,-0.0010999999999999899
2016-01-04,10. Max Decorrelation,-0.021373842725569525
2016-01-05,10. Max Decorrelation,-0.01818120609560525
2016-01-06,10. Max Decorrelation,0.0
2016-01-07,10. Max Decorrelation,-0.008123124100085623
2016-01-08,10. Max Decorrelation,-0.030706693818180194
2016-01-11,10. Max Decorrelation,-0.023325225425965074
2016-01-12,10. Max Decorrelation,-0.015070693902915384
2016-01-13,10. Max Decorrelation,-0.05192219308213369
2016-01-14,10. Max Decorrelation,-0.03154704744693387
2016-01-15,10. Max Decorrelation,-0.0531020368901632
2016-01-19,10. Max Decorrelation,-0.044668402585150424
2016-01-20,10. Max Decorrelation,-0.06675216176431346
2016-01-21,10. Max Decorrelation,-0.07074127083873649
2016-01-22,10. Max Decorrelation,-0.05994546954256913
2016-01-25,10. Max Decorrelation,-0.07240771708464075
2016-01-26,10. Max Decorrelation,-0.06441912995913612
2016-01-27,10. Max Decorrelation,-0.0891518441396495
2016-01-28,10. Max Decorrelation,-0.073997373508473
2016-01-29,10. Max Decorrelation,-0.07447372659574947
2016-02-01,10. Max Decorrelation,-0.06747085155250497
2016-02-02,10. Max Decorrelation,-0.09268732591297918
2016-02-03,10. Max Decorrelation,-0.08730023035759542
2016-02-04,10. Max Decorrelation,-0.085762468484193
2016-02-05,10. Max Decorrelation,-0.11792623326905989
2016-02-08,10. Max Decorrelation,-0.12584843881158264
2016-02-09,10. Max Decorrelation,-0.12297401781204202
2016-02-10,10. Max Decorrelation,-0.12038327567427522
2016-02-11,10. Max Decorrelation,-0.1253123085207488
2016-02-12,10. Max Decorrelation,-0.1133418358628257
2016-02-16,10. Max Decorrelation,-0.10019374032210258
2016-02-17,10. Max Decorrelation,-0.07338952208888955
2016-02-18,10. Max Decorrelation,-0.07656298211366788
2016-02-19,10. Max Decorrelation,-0.0756825335725657
2016-02-22,10. Max Decorrelation,-0.055805338382243906
2016-02-23,10. Max Decorrelation,-0.06469643010626874
2016-02-24,10. Max Decorrelation,-0.053004183300421476
2016-02-25,10. Max Decorrelation,-0.038097824356153366
2016-02-26,10. Max Decorrelation,-0.042905868289745575
2016-02-29,10. Max Decorrelation,-0.0432627424898249
2016-03-01,10. Max Decorrelation,-0.01789287571463872
2016-03-02,10. Max Decorrelation,-0.014997095605584262
2016-03-03,10. Max Decorrelation,-0.01705094803935546
2016-03-04,10. Max Decorrelation,-0.008423633984572387
2016-03-07,10. Max Decorrelation,-0.014018574925078292
2016-03-08,10. Max Decorrelation,-0.021762871312300675
2016-03-09,10. Max Decorrelation,-0.01922112702657952
2016-03-10,10. Max Decorrelation,-0.02249081448900914
2016-03-11,10. Max Decorrelation,-0.016123381883306715
2016-03-14,10. Max Decorrelation,-0.013463087154245459
2016-03-15,10. Max Decorrelation,-0.012036944254633345
2016-03-16,10. Max Decorrelation,-0.005231915595974022
2016-03-17,10. Max Decorrelation,-0.005079007539864904
2016-03-18,10. Max Decorrelation,0.0
2016-03-21,10. Max Decorrelation,0.0
2016-03-22,10. Max Decorrelation,-0.0005205609006839902
2016-03-23,10. Max Decorrelation,-0.00029983043425904654
2016-03-24,10. Max Decorrelation,0.0
2016-03-28,10. Max Decorrelation,0.0
2016-03-29,10. Max Decorrelation,0.0
2016-03-30,10. Max Decorrelation,0.0
2016-03-31,10. Max Decorrelation,-0.0002046298517773069
2016-04-01,10. Max Decorrelation,0.0
2016-04-04,10. Max Decorrelation,0.0
2016-04-05,10. Max Decorrelation,0.0
2016-04-06,10. Max Decorrelation,0.0
2016-04-07,10. Max Decorrelation,-0.010832446779855624
2016-04-08,10. Max Decorrelation,-0.012181076577272205
2016-04-11,10. Max Decorrelation,-0.017338451095461938
2016-04-12,10. Max Decorrelation,-0.0018898540027901482
2016-04-13,10. Max Decorrelation,0.0
2016-04-14,10. Max Decorrelation,0.0
2016-04-15,10. Max Decorrelation,0.0
2016-04-18,10. Max Decorrelation,-0.0010437397404971479
2016-04-19,10. Max Decorrelation,-0.030823562928822858
2016-04-20,10. Max Decorrelation,-0.023626434032202458
2016-04-21,10. Max Decorrelation,-0.03003916791519218
2016-04-22,10. Max Decorrelation,-0.025403470641484047
2016-04-25,10. Max Decorrelation,-0.02771615583407407
2016-04-26,10. Max Decorrelation,-0.030281913478556126
2016-04-27,10. Max Decorrelation,-0.029124850750360382
2016-04-28,10. Max Decorrelation,-0.03888982408210017
2016-04-29,10. Max Decorrelation,-0.039255969265102775
2016-05-02,10. Max Decorrelation,-0.026930378164481187
2016-05-03,10. Max Decorrelation,-0.03493805133212676
2016-05-04,10. Max Decorrelation,-0.04143809583769505
2016-05-05,10. Max Decorrelation,-0.04554761275426828
2016-05-06,10. Max Decorrelation,-0.03561622162629114
2016-05-09,10. Max Decorrelation,-0.03537712343026411
2016-05-10,10. Max Decorrelation,-0.024679166983685892
2016-05-11,10. Max Decorrelation,-0.04195092125393884
2016-05-12,10. Max Decorrelation,-0.044188883512174815
2016-05-13,10. Max Decorrelation,-0.03661618267627781
2016-05-16,10. Max Decorrelation,-0.025466349562437388
2016-05-17,10. Max Decorrelation,-0.0331347793835087
2016-05-18,10. Max Decorrelation,-0.029855532604825274
2016-05-19,10. Max Decorrelation,-0.013365134067201346
2016-05-20,10. Max Decorrelation,-0.002163207599515357
2016-05-23,10. Max Decorrelation,-0.0004219171394534548
2016-05-24,10. Max Decorrelation,0.0
2016-05-25,10. Max Decorrelation,0.0
2016-05-26,10. Max Decorrelation,0.0
2016-05-27,10. Max Decorrelation,0.0
2016-05-31,10. Max Decorrelation,-0.0003037223165169849
2016-06-01,10. Max Decorrelation,-0.002499560251516231
2016-06-02,10. Max Decorrelation,-0.0004703678368443201
2016-06-03,10. Max Decorrelation,-0.0059097361199118206
2016-06-06,10. Max Decorrelation,-0.0011762336553706525
2016-06-07,10. Max Decorrelation,0.0
2016-06-08,10. Max Decorrelation,0.0
2016-06-09,10. Max Decorrelation,0.0
2016-06-10,10. Max Decorrelation,-0.01300580798013091
2016-06-13,10. Max Decorrelation,-0.01607612460179243
2016-06-14,10. Max Decorrelation,-0.013687854774042581
2016-06-15,10. Max Decorrelation,-0.012461532739544286
2016-06-16,10. Max Decorrelation,-0.007208088907446175
2016-06-17,10. Max Decorrelation,-0.017852282890215274
2016-06-20,10. Max Decorrelation,-0.01179563872522528
2016-06-21,10. Max Decorrelation,-0.013255973764354105
2016-06-22,10. Max Decorrelation,-0.020802484139976055
2016-06-23,10. Max Decorrelation,-0.009804778233929633
2016-06-24,10. Max Decorrelation,-0.03632998122481668
2016-06-27,10. Max Decorrelation,-0.04610944200531305
2016-06-28,10. Max Decorrelation,-0.03044440321427939
2016-06-29,10. Max Decorrelation,-0.013292485009461475
2016-06-30,10. Max Decorrelation,-0.005000616555794834
2016-07-01,10. Max Decorrelation,0.0
2016-07-05,10. Max Decorrelation,0.0
2016-07-06,10. Max Decorrelation,0.0
2016-07-07,10. Max Decorrelation,0.0
2016-07-08,10. Max Decorrelation,0.0
2016-07-11,10. Max Decorrelation,0.0
2016-07-12,10. Max Decorrelation,0.0
2016-07-13,10. Max Decorrelation,0.0
2016-07-14,10. Max Decorrelation,0.0
2016-07-15,10. Max Decorrelation,-0.0028532161095662085
2016-07-18,10. Max Decorrelation,0.0
2016-07-19,10. Max Decorrelation,-0.015004582766596457
2016-07-20,10. Max Decorrelation,-0.009050858214018801
2016-07-21,10. Max Decorrelation,-0.017842386033904103
2016-07-22,10. Max Decorrelation,-0.011411341346716727
2016-07-25,10. Max Decorrelation,-0.007377466569516241
2016-07-26,10. Max Decorrelation,-0.002223447836325356
2016-07-27,10. Max Decorrelation,-0.007320978435280365
2016-07-28,10. Max Decorrelation,-0.006418139853570253
2016-07-29,10. Max Decorrelation,-0.0051360220161569495
2016-08-01,10. Max Decorrelation,-0.004500722865019937
2016-08-02,10. Max Decorrelation,-0.011691303393851374
2016-08-03,10. Max Decorrelation,-0.015371579777715723
2016-08-04,10. Max Decorrelation,-0.008892820321922292
2016-08-05,10. Max Decorrelation,0.0
2016-08-08,10. Max Decorrelation,-0.0020810114563378254
2016-08-09,10. Max Decorrelation,-0.0011849092780891017
2016-08-10,10. Max Decorrelation,-0.005567900102349164
2016-08-11,10. Max Decorrelation,0.0
2016-08-12,10. Max Decorrelation,0.0
2016-08-15,10. Max Decorrelation,-0.003415403645082433
2016-08-16,10. Max Decorrelation,-0.008435132202304371
2016-08-17,10. Max Decorrelation,-0.009599670444133636
2016-08-18,10. Max Decorrelation,-0.0016146451690274117
2016-08-19,10. Max Decorrelation,-0.008639540685237378
2016-08-22,10. Max Decorrelation,-0.009147520659420438
2016-08-23,10. Max Decorrelation,-0.007844597381388901
2016-08-24,10. Max Decorrelation,-0.012776658482821748
2016-08-25,10. Max Decorrelation,-0.015528131012135387
2016-08-26,10. Max Decorrelation,-0.013418286025090537
2016-08-29,10. Max Decorrelation,-0.01116177312122469
2016-08-30,10. Max Decorrelation,-0.01536569420822308
2016-08-31,10. Max Decorrelation,-0.01557903681733611
2016-09-01,10. Max Decorrelation,-0.012236979177859339
2016-09-02,10. Max Decorrelation,-0.013240058978663715
2016-09-06,10. Max Decorrelation,-0.0005087614472624843
2016-09-07,10. Max Decorrelation,-0.007245173792249898
2016-09-08,10. Max Decorrelation,-0.007561998540490487
2016-09-09,10. Max Decorrelation,-0.035576485615763404
2016-09-12,10. Max Decorrelation,-0.017618643425507067
2016-09-13,10. Max Decorrelation,-0.03321021702390975
2016-09-14,10. Max Decorrelation,-0.030734160557087446
2016-09-15,10. Max Decorrelation,-0.0176689504639914
2016-09-16,10. Max Decorrelation,-0.013355386501615482
2016-09-19,10. Max Decorrelation,-0.017149081254395657
2016-09-20,10. Max Decorrelation,-0.02014406258864716
2016-09-21,10. Max Decorrelation,-0.0162687433496304
2016-09-22,10. Max Decorrelation,-0.011602242262148198
2016-09-23,10. Max Decorrelation,-0.012527385111552073
2016-09-26,10. Max Decorrelation,-0.02142432787972336
2016-09-27,10. Max Decorrelation,-0.008474303987388052
2016-09-28,10. Max Decorrelation,-0.0014172724807274067
2016-09-29,10. Max Decorrelation,-0.009325895457313946
2016-09-30,10. Max Decorrelation,0.0
2016-10-03,10. Max Decorrelation,0.0
2016-10-04,10. Max Decorrelation,-0.004070905795286747
2016-10-05,10. Max Decorrelation,0.0
2016-10-06,10. Max Decorrelation,-0.012851985706582327
2016-10-07,10. Max Decorrelation,-0.018217125348375406
2016-10-10,10. Max Decorrelation,-0.01607830488857642
2016-10-11,10. Max Decorrelation,-0.027772270089153703
2016-10-12,10. Max Decorrelation,-0.02816612400939486
2016-10-13,10. Max Decorrelation,-0.030528616314138994
2016-10-14,10. Max Decorrelation,-0.02865993713812512
2016-10-17,10. Max Decorrelation,-0.03466378636087956
2016-10-18,10. Max Decorrelation,0.0
2016-10-19,10. Max Decorrelation,0.0
2016-10-20,10. Max Decorrelation,0.0
2016-10-21,10. Max Decorrelation,0.0
2016-10-24,10. Max Decorrelation,0.0
2016-10-25,10. Max Decorrelation,0.0
2016-10-26,10. Max Decorrelation,0.0
2016-10-27,10. Max Decorrelation,-0.0044318818977505964
2016-10-28,10. Max Decorrelation,-0.012589918167001725
2016-10-31,10. Max Decorrelation,-0.012930232535973724
2016-11-01,10. Max Decorrelation,-0.026262211275030374
2016-11-02,10. Max Decorrelation,-0.03188558955227732
2016-11-03,10. Max Decorrelation,-0.03770056556701429
2016-11-04,10. Max Decorrelation,-0.039589241153263316
2016-11-07,10. Max Decorrelation,-0.019680672226293647
2016-11-08,10. Max Decorrelation,-0.017907317943343225
2016-11-09,10. Max Decorrelation,-0.017472504496770742
2016-11-10,10. Max Decorrelation,-0.03362216806578413
2016-11-11,10. Max Decorrelation,-0.006600246173250411
2016-11-14,10. Max Decorrelation,-0.025966061112125634
2016-11-15,10. Max Decorrelation,-0.013115679873245701
2016-11-16,10. Max Decorrelation,-0.003925321547387746
2016-11-17,10. Max Decorrelation,-0.006306524499787947
2016-11-18,10. Max Decorrelation,-0.009511999406117848
2016-11-21,10. Max Decorrelation,0.0
2016-11-22,10. Max Decorrelation,0.0
2016-11-23,10. Max Decorrelation,0.0
2016-11-25,10. Max Decorrelation,0.0
2016-11-28,10. Max Decorrelation,-0.003286759376373696
2016-11-29,10. Max Decorrelation,-0.008083624631923317
2016-11-30,10. Max Decorrelation,-0.008337790797385872
2016-12-01,10. Max Decorrelation,-0.023678064265850653
2016-12-02,10. Max Decorrelation,-0.016802262743016577
2016-12-05,10. Max Decorrelation,-0.009895207552243695
2016-12-06,10. Max Decorrelation,0.0
2016-12-07,10. Max Decorrelation,0.0
2016-12-08,10. Max Decorrelation,-0.00651678025462652
2016-12-09,10. Max Decorrelation,-0.004054103524502365
2016-12-12,10. Max Decorrelation,0.0
2016-12-13,10. Max Decorrelation,0.0
2016-12-14,10. Max Decorrelation,0.0
2016-12-15,10. Max Decorrelation,0.0
2016-12-16,10. Max Decorrelation,0.0
2016-12-19,10. Max Decorrelation,0.0
2016-12-20,10. Max Decorrelation,0.0
2016-12-21,10. Max Decorrelation,-0.0009243146122262286
2016-12-22,10. Max Decorrelation,-0.0030428351124493964
2016-12-23,10. Max Decorrelation,0.0
2016-12-27,10. Max Decorrelation,0.0
2016-12-28,10. Max Decorrelation,-0.01968535778523613
2016-12-29,10. Max Decorrelation,-0.01814708939320235
2016-12-30,10. Max Decorrelation,-0.030053048488335926
2017-01-03,10. Max Decorrelation,-0.029464330543576746
2017-01-04,10. Max Decorrelation,-0.01841634064699156
2017-01-05,10. Max Decorrelation,-0.018980945417881052
2017-01-06,10. Max Decorrelation,-0.017264332754481616
2017-01-09,10. Max Decorrelation,-0.01033739310871725
2017-01-10,10. Max Decorrelation,-0.016626588928126115
2017-01-11,10. Max Decorrelation,-0.017755409406741317
2017-01-12,10. Max Decorrelation,-0.024482825005245887
2017-01-13,10. Max Decorrelation,-0.017662680492829753
2017-01-17,10. Max Decorrelation,-0.020693061899740923
2017-01-18,10. Max Decorrelation,-0.018180324018342506
2017-01-19,10. Max Decorrelation,-0.011570416725199423
2017-01-20,10. Max Decorrelation,-0.011274884576724457
2017-01-23,10. Max Decorrelation,-0.011612904689567249
2017-01-24,10. Max Decorrelation,-0.0015502559472071922
2017-01-25,10. Max Decorrelation,0.0
2017-01-26,10. Max Decorrelation,0.0
2017-01-27,10. Max Decorrelation,0.0
2017-01-30,10. Max Decorrelation,-0.005990444780380883
2017-01-31,10. Max Decorrelation,-0.006334562719220002
2017-02-01,10. Max Decorrelation,0.0
2017-02-02,10. Max Decorrelation,0.0
2017-02-03,10. Max Decorrelation,0.0
2017-02-06,10. Max Decorrelation,0.0
2017-02-07,10. Max Decorrelation,0.0
2017-02-08,10. Max Decorrelation,0.0
2017-02-09,10. Max Decorrelation,0.0
2017-02-10,10. Max Decorrelation,-0.005039681907186431
2017-02-13,10. Max Decorrelation,-0.007265644260059133
2017-02-14,10. Max Decorrelation,-0.003958367494078049
2017-02-15,10. Max Decorrelation,0.0
2017-02-16,10. Max Decorrelation,-0.004863726782257054
2017-02-17,10. Max Decorrelation,-0.0030179195391609567
2017-02-21,10. Max Decorrelation,0.0
2017-02-22,10. Max Decorrelation,-0.00026427552009452676
2017-02-23,10. Max Decorrelation,-0.018292172487899182
2017-02-24,10. Max Decorrelation,-0.014834591396937356
2017-02-27,10. Max Decorrelation,-0.01346851740785512
2017-02-28,10. Max Decorrelation,-0.01924706454758605
2017-03-01,10. Max Decorrelation,-0.009414652075552523
2017-03-02,10. Max Decorrelation,-0.01671648826385608
2017-03-03,10. Max Decorrelation,-0.018995762184736968
2017-03-06,10. Max Decorrelation,-0.0194409925817617
2017-03-07,10. Max Decorrelation,-0.020663148629592405
2017-03-08,10. Max Decorrelation,-0.02418173523162688
2017-03-09,10. Max Decorrelation,-0.021567964238478007
2017-03-10,10. Max Decorrelation,-0.019298202946695573
2017-03-13,10. Max Decorrelation,-0.013190949255834137
2017-03-14,10. Max Decorrelation,-0.008893279351184755
2017-03-15,10. Max Decorrelation,-0.003275923599893926
2017-03-16,10. Max Decorrelation,-0.0007851573792402358
2017-03-17,10. Max Decorrelation,-0.0008968274786242649
2017-03-20,10. Max Decorrelation,0.0
2017-03-21,10. Max Decorrelation,-0.016424985950169814
2017-03-22,10. Max Decorrelation,-0.011101821918228243
2017-03-23,10. Max Decorrelation,-0.01445048366780838
2017-03-24,10. Max Decorrelation,-0.013325976246380948
2017-03-27,10. Max Decorrelation,-0.008100790167009467
2017-03-28,10. Max Decorrelation,-0.0008977210797082455
2017-03-29,10. Max Decorrelation,0.0
2017-03-30,10. Max Decorrelation,0.0
2017-03-31,10. Max Decorrelation,-0.003713483779377525
2017-04-03,10. Max Decorrelation,0.0
2017-04-04,10. Max Decorrelation,-0.008479246057563257
2017-04-05,10. Max Decorrelation,-0.015026560953658362
2017-04-06,10. Max Decorrelation,-0.013023319397346727
2017-04-07,10. Max Decorrelation,-0.01113143862971102
2017-04-10,10. Max Decorrelation,-0.010992898307356587
2017-04-11,10. Max Decorrelation,-0.012447067136033281
2017-04-12,10. Max Decorrelation,-0.016722024099811623
2017-04-13,10. Max Decorrelation,-0.02175473474552411
2017-04-17,10. Max Decorrelation,-0.010420932517666676
2017-04-18,10. Max Decorrelation,-0.016162103375412015
2017-04-19,10. Max Decorrelation,-0.01789963296724524
2017-04-20,10. Max Decorrelation,-0.011062667326979329
2017-04-21,10. Max Decorrelation,-0.010379331690959254
2017-04-24,10. Max Decorrelation,-0.0016556480343163423
2017-04-25,10. Max Decorrelation,0.0
2017-04-26,10. Max Decorrelation,-0.003978109261553928
2017-04-27,10. Max Decorrelation,-0.0007625421017093407
2017-04-28,10. Max Decorrelation,-0.0012375910883667997
2017-05-01,10. Max Decorrelation,0.0
2017-05-02,10. Max Decorrelation,-0.004066007196738644
2017-05-03,10. Max Decorrelation,-0.005030705218369821
2017-05-04,10. Max Decorrelation,-0.00882984814417466
2017-05-05,10. Max Decorrelation,-0.004790362745416019
2017-05-08,10. Max Decorrelation,-0.004076751477271273
2017-05-09,10. Max Decorrelation,0.0
2017-05-10,10. Max Decorrelation,0.0
2017-05-11,10. Max Decorrelation,0.0
2017-05-12,10. Max Decorrelation,0.0
2017-05-15,10. Max Decorrelation,0.0
2017-05-16,10. Max Decorrelation,-0.00041960505965650297
2017-05-17,10. Max Decorrelation,-0.028046203394973858
2017-05-18,10. Max Decorrelation,-0.011521215418973049
2017-05-19,10. Max Decorrelation,-0.003252473770349391
2017-05-22,10. Max Decorrelation,0.0
2017-05-23,10. Max Decorrelation,-0.0021908025678294943
2017-05-24,10. Max Decorrelation,0.0
2017-05-25,10. Max Decorrelation,0.0
2017-05-26,10. Max Decorrelation,0.0
2017-05-30,10. Max Decorrelation,0.0
2017-05-31,10. Max Decorrelation,-0.00041530548339361223
2017-06-01,10. Max Decorrelation,0.0
2017-06-02,10. Max Decorrelation,0.0
2017-06-05,10. Max Decorrelation,0.0
2017-06-06,10. Max Decorrelation,0.0
2017-06-07,10. Max Decorrelation,0.0
2017-06-08,10. Max Decorrelation,0.0
2017-06-09,10. Max Decorrelation,-0.012668689767181742
2017-06-12,10. Max Decorrelation,-0.015705617612231482
2017-06-13,10. Max Decorrelation,-0.00702949771164597
2017-06-14,10. Max Decorrelation,-0.004395332288588996
2017-06-15,10. Max Decorrelation,-0.007238965838753761
2017-06-16,10. Max Decorrelation,-0.011670619027474216
2017-06-19,10. Max Decorrelation,-0.003629337542882165
2017-06-20,10. Max Decorrelation,-0.005860393414831763
2017-06-21,10. Max Decorrelation,-0.0012810256475000905
2017-06-22,10. Max Decorrelation,-0.0016991643410260548
2017-06-23,10. Max Decorrelation,-0.004006172454355227
2017-06-26,10. Max Decorrelation,-0.007107105475684368
2017-06-27,10. Max Decorrelation,-0.022133536027111267
2017-06-28,10. Max Decorrelation,-0.009852762422016893
2017-06-29,10. Max Decorrelation,-0.023851661264338207
2017-06-30,10. Max Decorrelation,-0.025803837491460528
2017-07-03,10. Max Decorrelation,-0.031538188946733554
2017-07-05,10. Max Decorrelation,-0.037463317633820235
2017-07-06,10. Max Decorrelation,-0.04897756172252687
2017-07-07,10. Max Decorrelation,-0.041192764135438896
2017-07-10,10. Max Decorrelation,-0.03650391392002329
2017-07-11,10. Max Decorrelation,-0.030630112819093485
2017-07-12,10. Max Decorrelation,-0.019373534479978114
2017-07-13,10. Max Decorrelation,-0.02073721799977096
2017-07-14,10. Max Decorrelation,-0.011320222252092017
2017-07-17,10. Max Decorrelation,-0.015364540802486394
2017-07-18,10. Max Decorrelation,0.0
2017-07-19,10. Max Decorrelation,0.0
2017-07-20,10. Max Decorrelation,0.0
2017-07-21,10. Max Decorrelation,0.0
2017-07-24,10. Max Decorrelation,0.0
2017-07-25,10. Max Decorrelation,0.0
2017-07-26,10. Max Decorrelation,0.0
2017-07-27,10. Max Decorrelation,-0.009116234371890667
2017-07-28,10. Max Decorrelation,-0.0070797058741506515
2017-07-31,10. Max Decorrelation,-0.012023294456569796
2017-08-01,10. Max Decorrelation,-0.009448063750083413
2017-08-02,10. Max Decorrelation,-0.005613889760770617
2017-08-03,10. Max Decorrelation,0.0
2017-08-04,10. Max Decorrelation,0.0
2017-08-07,10. Max Decorrelation,0.0
2017-08-08,10. Max Decorrelation,0.0
2017-08-09,10. Max Decorrelation,0.0
2017-08-10,10. Max Decorrelation,-0.019601198057105754
2017-08-11,10. Max Decorrelation,-0.02579580403758789
2017-08-14,10. Max Decorrelation,-0.010744976807886514
2017-08-15,10. Max Decorrelation,-0.013718286969887604
2017-08-16,10. Max Decorrelation,-0.014000838816394167
2017-08-17,10. Max Decorrelation,-0.031527074303359034
2017-08-18,10. Max Decorrelation,-0.034551859480942936
2017-08-21,10. Max Decorrelation,-0.03856130333345005
2017-08-22,10. Max Decorrelation,-0.028219534982024078
2017-08-23,10. Max Decorrelation,-0.024468393980612624
2017-08-24,10. Max Decorrelation,-0.028157971648644385
2017-08-25,10. Max Decorrelation,-0.0313148386006602
2017-08-28,10. Max Decorrelation,-0.03061084967620007
2017-08-29,10. Max Decorrelation,-0.02837421264573332
2017-08-30,10. Max Decorrelation,-0.023032648350054766
2017-08-31,10. Max Decorrelation,-0.01742281846017746
2017-09-01,10. Max Decorrelation,-0.015861902668614935
2017-09-05,10. Max Decorrelation,-0.02236446616445299
2017-09-06,10. Max Decorrelation,-0.017023724834430858
2017-09-07,10. Max Decorrelation,-0.014362284166194613
2017-09-08,10. Max Decorrelation,-0.023877481456484224
2017-09-11,10. Max Decorrelation,-0.003985295383664483
2017-09-12,10. Max Decorrelation,0.0
2017-09-13,10. Max Decorrelation,0.0
2017-09-14,10. Max Decorrelation,0.0
2017-09-15,10. Max Decorrelation,0.0
2017-09-18,10. Max Decorrelation,0.0
2017-09-19,10. Max Decorrelation,-0.0020992355249165253
2017-09-20,10. Max Decorrelation,-0.003824201290006234
2017-09-21,10. Max Decorrelation,-0.012643250542522154
2017-09-22,10. Max Decorrelation,-0.021553822011715393
2017-09-25,10. Max Decorrelation,-0.03506810740126357
2017-09-26,10. Max Decorrelation,-0.03334708216304523
2017-09-27,10. Max Decorrelation,-0.030494101349368887
2017-09-28,10. Max Decorrelation,-0.03100496146146274
2017-09-29,10. Max Decorrelation,-0.03157333861608181
2017-10-02,10. Max Decorrelation,-0.029432940764920573
2017-10-03,10. Max Decorrelation,-0.022586093099280724
2017-10-04,10. Max Decorrelation,-0.018187086808628412
2017-10-05,10. Max Decorrelation,-0.012434333359956435
2017-10-06,10. Max Decorrelation,-0.010886204814218784
2017-10-09,10. Max Decorrelation,-0.010884396689049197
2017-10-10,10. Max Decorrelation,-0.0015529737986213492
2017-10-11,10. Max Decorrelation,0.0
2017-10-12,10. Max Decorrelation,-0.0010824598609277922
2017-10-13,10. Max Decorrelation,0.0
2017-10-16,10. Max Decorrelation,0.0
2017-10-17,10. Max Decorrelation,0.0
2017-10-18,10. Max Decorrelation,-0.001513666624492741
2017-10-19,10. Max Decorrelation,-0.0013820769208962025
2017-10-20,10. Max Decorrelation,-0.0023764854064038015
2017-10-23,10. Max Decorrelation,-0.0038748859014069935
2017-10-24,10. Max Decorrelation,-0.0018334598618851045
2017-10-25,10. Max Decorrelation,-0.008292745598841385
2017-10-26,10. Max Decorrelation,-0.004589261115445342
2017-10-27,10. Max Decorrelation,0.0
2017-10-30,10. Max Decorrelation,-0.004847729543113842
2017-10-31,10. Max Decorrelation,-0.0050807029190210904
2017-11-01,10. Max Decorrelation,-0.004072598486812103
2017-11-02,10. Max Decorrelation,-0.009770261397292875
2017-11-03,10. Max Decorrelation,-0.0034633664278123856
2017-11-06,10. Max Decorrelation,-0.004757802930268445
2017-11-07,10. Max Decorrelation,-0.0031584398209148607
2017-11-08,10. Max Decorrelation,-0.002454278086547533
2017-11-09,10. Max Decorrelation,-0.005319462290763212
2017-11-10,10. Max Decorrelation,0.0
2017-11-13,10. Max Decorrelation,0.0
2017-11-14,10. Max Decorrelation,0.0
2017-11-15,10. Max Decorrelation,-0.007061541100761415
2017-11-16,10. Max Decorrelation,0.0
2017-11-17,10. Max Decorrelation,-0.00648441269550491
2017-11-20,10. Max Decorrelation,-0.005485012499463011
2017-11-21,10. Max Decorrelation,0.0
2017-11-22,10. Max Decorrelation,-0.002095396335185778
2017-11-24,10. Max Decorrelation,0.0
2017-11-27,10. Max Decorrelation,0.0
2017-11-28,10. Max Decorrelation,0.0
2017-11-29,10. Max Decorrelation,-0.00920884023960079
2017-11-30,10. Max Decorrelation,-0.003287370335035809
2017-12-01,10. Max Decorrelation,-0.004364127298109628
2017-12-04,10. Max Decorrelation,-0.005607589650764432
2017-12-05,10. Max Decorrelation,-0.009154324542007371
2017-12-06,10. Max Decorrelation,-0.008508031125931166
2017-12-07,10. Max Decorrelation,-0.009670235005084682
2017-12-08,10. Max Decorrelation,-0.007325167294695144
2017-12-11,10. Max Decorrelation,0.0
2017-12-12,10. Max Decorrelation,0.0
2017-12-13,10. Max Decorrelation,0.0
2017-12-14,10. Max Decorrelation,0.0
2017-12-15,10. Max Decorrelation,0.0
2017-12-18,10. Max Decorrelation,0.0
2017-12-19,10. Max Decorrelation,-0.002327415369694069
2017-12-20,10. Max Decorrelation,-0.005132211739992137
2017-12-21,10. Max Decorrelation,-0.00519842289836728
2017-12-22,10. Max Decorrelation,-0.007982967624314906
2017-12-26,10. Max Decorrelation,-0.0063889489024099135
2017-12-27,10. Max Decorrelation,-0.007370730154844978
2017-12-28,10. Max Decorrelation,-0.00457895867131349
2017-12-29,10. Max Decorrelation,-0.004908056044985066
2018-01-02,10. Max Decorrelation,0.0
2018-01-03,10. Max Decorrelation,0.0
2018-01-04,10. Max Decorrelation,0.0
2018-01-05,10. Max Decorrelation,0.0
2018-01-08,10. Max Decorrelation,0.0
2018-01-09,10. Max Decorrelation,0.0
2018-01-10,10. Max Decorrelation,-0.0009313938828865767
2018-01-11,10. Max Decorrelation,0.0
2018-01-12,10. Max Decorrelation,0.0
2018-01-16,10. Max Decorrelation,-0.0011723660656742683
2018-01-17,10. Max Decorrelation,0.0
2018-01-18,10. Max Decorrelation,-0.001695587381733612
2018-01-19,10. Max Decorrelation,0.0
2018-01-22,10. Max Decorrelation,0.0
2018-01-23,10. Max Decorrelation,0.0
2018-01-24,10. Max Decorrelation,-0.0005191078693706289
2018-01-25,10. Max Decorrelation,0.0
2018-01-26,10. Max Decorrelation,0.0
2018-01-29,10. Max Decorrelation,0.0
2018-01-30,10. Max Decorrelation,-0.010657302959999537
2018-01-31,10. Max Decorrelation,-0.012294561498720753
2018-02-01,10. Max Decorrelation,-0.016778032184544968
2018-02-02,10. Max Decorrelation,-0.03323044203405456
2018-02-05,10. Max Decorrelation,-0.07966445286128403
2018-02-06,10. Max Decorrelation,-0.06176206831587354
2018-02-07,10. Max Decorrelation,-0.061088330241137676
2018-02-08,10. Max Decorrelation,-0.10056376277500745
2018-02-09,10. Max Decorrelation,-0.0897039438993046
2018-02-12,10. Max Decorrelation,-0.08116225495952145
2018-02-13,10. Max Decorrelation,-0.07296525683028611
2018-02-14,10. Max Decorrelation,-0.06318556882946288
2018-02-15,10. Max Decorrelation,-0.050335683070642685
2018-02-16,10. Max Decorrelation,-0.04690473255765426
2018-02-20,10. Max Decorrelation,-0.05810851480731832
2018-02-21,10. Max Decorrelation,-0.06907139391239238
2018-02-22,10. Max Decorrelation,-0.06248270851411775
2018-02-23,10. Max Decorrelation,-0.04896699444958063
2018-02-26,10. Max Decorrelation,-0.03954865262471662
2018-02-27,10. Max Decorrelation,-0.0531682577957906
2018-02-28,10. Max Decorrelation,-0.05367767532145537
2018-03-01,10. Max Decorrelation,-0.06801502453716744
2018-03-02,10. Max Decorrelation,-0.06063028841574682
2018-03-05,10. Max Decorrelation,-0.051648936994089685
2018-03-06,10. Max Decorrelation,-0.04920844630862116
2018-03-07,10. Max Decorrelation,-0.05380810086910863
2018-03-08,10. Max Decorrelation,-0.05185380803243693
2018-03-09,10. Max Decorrelation,-0.04110025153057997
2018-03-12,10. Max Decorrelation,-0.03447720864628289
2018-03-13,10. Max Decorrelation,-0.0404338907132814
2018-03-14,10. Max Decorrelation,-0.04854055046012484
2018-03-15,10. Max Decorrelation,-0.04964518403156035
2018-03-16,10. Max Decorrelation,-0.04855832953316494
2018-03-19,10. Max Decorrelation,-0.06518986469041312
2018-03-20,10. Max Decorrelation,-0.05845640890147451
2018-03-21,10. Max Decorrelation,-0.05702900718836017
2018-03-22,10. Max Decorrelation,-0.0767204253037912
2018-03-23,10. Max Decorrelation,-0.09809880071914663
2018-03-26,10. Max Decorrelation,-0.07350232248615277
2018-03-27,10. Max Decorrelation,-0.10115840328628169
2018-03-28,10. Max Decorrelation,-0.11558999431520242
2018-03-29,10. Max Decorrelation,-0.11577379185308839
2018-04-02,10. Max Decorrelation,-0.1467831350916235
2018-04-03,10. Max Decorrelation,-0.12897299164692738
2018-04-04,10. Max Decorrelation,-0.11323920387553903
2018-04-05,10. Max Decorrelation,-0.09928334922347476
2018-04-06,10. Max Decorrelation,-0.1161666530778517
2018-04-09,10. Max Decorrelation,-0.12038889543590464
2018-04-10,10. Max Decorrelation,-0.10058273951679053
2018-04-11,10. Max Decorrelation,-0.10501870674824744
2018-04-12,10. Max Decorrelation,-0.10273829337566547
2018-04-13,10. Max Decorrelation,-0.10113189143450978
2018-04-16,10. Max Decorrelation,-0.10220337186563884
2018-04-17,10. Max Decorrelation,-0.08929441675274534
2018-04-18,10. Max Decorrelation,-0.0890739207836929
2018-04-19,10. Max Decorrelation,-0.09011673430729429
2018-04-20,10. Max Decorrelation,-0.10197272910034978
2018-04-23,10. Max Decorrelation,-0.11039135775980777
2018-04-24,10. Max Decorrelation,-0.12057410174401494
2018-04-25,10. Max Decorrelation,-0.12072894478752057
2018-04-26,10. Max Decorrelation,-0.10810590979295673
2018-04-27,10. Max Decorrelation,-0.10345817227518002
2018-04-30,10. Max Decorrelation,-0.10351859185114105
2018-05-01,10. Max Decorrelation,-0.10235533939917627
2018-05-02,10. Max Decorrelation,-0.10855705639948277
2018-05-03,10. Max Decorrelation,-0.11523935217228062
2018-05-04,10. Max Decorrelation,-0.09999186885222901
2018-05-07,10. Max Decorrelation,-0.09174333498204211
2018-05-08,10. Max Decorrelation,-0.09285894153303614
2018-05-09,10. Max Decorrelation,-0.08812221989210631
2018-05-10,10. Max Decorrelation,-0.0824249912362811
2018-05-11,10. Max Decorrelation,-0.08500826499049047
2018-05-14,10. Max Decorrelation,-0.08641367171419455
2018-05-15,10. Max Decorrelation,-0.09557388587468033
2018-05-16,10. Max Decorrelation,-0.08828358712555931
2018-05-17,10. Max Decorrelation,-0.09226989796263972
2018-05-18,10. Max Decorrelation,-0.10069625105721251
2018-05-21,10. Max Decorrelation,-0.09232482460167701
2018-05-22,10. Max Decorrelation,-0.09907233851967609
2018-05-23,10. Max Decorrelation,-0.09361068504336625
2018-05-24,10. Max Decorrelation,-0.0972223122656038
2018-05-25,10. Max Decorrelation,-0.09658778497906578
2018-05-29,10. Max Decorrelation,-0.10083507538560298
2018-05-30,10. Max Decorrelation,-0.08619387638656076
2018-05-31,10. Max Decorrelation,-0.09621444557713665
2018-06-01,10. Max Decorrelation,-0.08632361912102364
2018-06-04,10. Max Decorrelation,-0.07457665020400074
2018-06-05,10. Max Decorrelation,-0.07686241127474738
2018-06-06,10. Max Decorrelation,-0.05837296392840342
2018-06-07,10. Max Decorrelation,-0.058068305039333815
2018-06-08,10. Max Decorrelation,-0.05429348790277436
2018-06-11,10. Max Decorrelation,-0.047974552982172715
2018-06-12,10. Max Decorrelation,-0.042989101933414924
2018-06-13,10. Max Decorrelation,-0.03910999133857845
2018-06-14,10. Max Decorrelation,-0.028025106719643086
2018-06-15,10. Max Decorrelation,-0.028032863508723006
2018-06-18,10. Max Decorrelation,-0.027896250806952474
2018-06-19,10. Max Decorrelation,-0.03341915691016388
2018-06-20,10. Max Decorrelation,-0.025756889595346
2018-06-21,10. Max Decorrelation,-0.0359663543348283
2018-06-22,10. Max Decorrelation,-0.04173671703007242
2018-06-25,10. Max Decorrelation,-0.055641581471768335
2018-06-26,10. Max Decorrelation,-0.04625856820692461
2018-06-27,10. Max Decorrelation,-0.05082940748152395
2018-06-28,10. Max Decorrelation,-0.041421356803122165
2018-06-29,10. Max Decorrelation,-0.0418327560755751
2018-07-02,10. Max Decorrelation,-0.043679768348542744
2018-07-03,10. Max Decorrelation,-0.058806102190168304
2018-07-05,10. Max Decorrelation,-0.05013952199928124
2018-07-06,10. Max Decorrelation,-0.04576293154187548
2018-07-09,10. Max Decorrelation,-0.03394444761531544
2018-07-10,10. Max Decorrelation,-0.026378395270448846
2018-07-11,10. Max Decorrelation,-0.029608136254332066
2018-07-12,10. Max Decorrelation,-0.027012688220680033
2018-07-13,10. Max Decorrelation,-0.024407552092486
2018-07-16,10. Max Decorrelation,-0.022544765563586512
2018-07-17,10. Max Decorrelation,-0.015805752832588865
2018-07-18,10. Max Decorrelation,-0.016904023751501965
2018-07-19,10. Max Decorrelation,-0.025193006894202688
2018-07-20,10. Max Decorrelation,-0.02657975379295654
2018-07-23,10. Max Decorrelation,-0.03026900378444347
2018-07-24,10. Max Decorrelation,-0.027746241246050227
2018-07-25,10. Max Decorrelation,-0.016489796789271524
2018-07-26,10. Max Decorrelation,-0.02811195397227587
2018-07-27,10. Max Decorrelation,-0.0340443351636241
2018-07-30,10. Max Decorrelation,-0.043024034674726624
2018-07-31,10. Max Decorrelation,-0.04334443565215398
2018-08-01,10. Max Decorrelation,-0.04454001610384541
2018-08-02,10. Max Decorrelation,-0.017458881665801902
2018-08-03,10. Max Decorrelation,-0.013192365200210596
2018-08-06,10. Max Decorrelation,-0.004248906314027898
2018-08-07,10. Max Decorrelation,0.0
2018-08-08,10. Max Decorrelation,-0.004876434835082092
2018-08-09,10. Max Decorrelation,-0.016051139599822684
2018-08-10,10. Max Decorrelation,-0.019520775231951785
2018-08-13,10. Max Decorrelation,-0.023419287230327046
2018-08-14,10. Max Decorrelation,-0.023372006719314945
2018-08-15,10. Max Decorrelation,-0.03201253853839991
2018-08-16,10. Max Decorrelation,-0.02076680962828448
2018-08-17,10. Max Decorrelation,-0.034293478947117775
2018-08-20,10. Max Decorrelation,-0.03422785034838624
2018-08-21,10. Max Decorrelation,-0.025865772198929948
2018-08-22,10. Max Decorrelation,-0.02476944134558409
2018-08-23,10. Max Decorrelation,-0.028921301925804933
2018-08-24,10. Max Decorrelation,-0.021708173721831297
2018-08-27,10. Max Decorrelation,-0.01780308061274713
2018-08-28,10. Max Decorrelation,-0.018191364152799917
2018-08-29,10. Max Decorrelation,-0.019392182845147026
2018-08-30,10. Max Decorrelation,-0.01853999827148564
2018-08-31,10. Max Decorrelation,-0.02267883364738358
2018-09-04,10. Max Decorrelation,-0.03278796920608738
2018-09-05,10. Max Decorrelation,-0.04201534154149216
2018-09-06,10. Max Decorrelation,-0.047533910143738124
2018-09-07,10. Max Decorrelation,-0.05419252644346179
2018-09-10,10. Max Decorrelation,-0.04339312527501301
2018-09-11,10. Max Decorrelation,-0.04205831516531633
2018-09-12,10. Max Decorrelation,-0.03727622053181794
2018-09-13,10. Max Decorrelation,-0.03917017981681441
2018-09-14,10. Max Decorrelation,-0.03886188757740078
2018-09-17,10. Max Decorrelation,-0.04378636712443859
2018-09-18,10. Max Decorrelation,-0.042001113617347235
2018-09-19,10. Max Decorrelation,-0.03324797703787496
2018-09-20,10. Max Decorrelation,-0.024579656145849272
2018-09-21,10. Max Decorrelation,-0.028742890503629763
2018-09-24,10. Max Decorrelation,-0.02674606901070589
2018-09-25,10. Max Decorrelation,-0.027071590069594188
2018-09-26,10. Max Decorrelation,-0.020927110832751648
2018-09-27,10. Max Decorrelation,-0.01913659627403283
2018-09-28,10. Max Decorrelation,-0.04017055038103403
2018-10-01,10. Max Decorrelation,-0.021050983026928174
2018-10-02,10. Max Decorrelation,-0.024874973102789945
2018-10-03,10. Max Decorrelation,-0.0301580432549207
2018-10-04,10. Max Decorrelation,-0.04429881334408371
2018-10-05,10. Max Decorrelation,-0.05908335619315378
2018-10-08,10. Max Decorrelation,-0.06003664335490058
2018-10-09,10. Max Decorrelation,-0.04967686030890647
2018-10-10,10. Max Decorrelation,-0.07856862855178004
2018-10-11,10. Max Decorrelation,-0.09541827220372014
2018-10-12,10. Max Decorrelation,-0.08262276050307049
2018-10-15,10. Max Decorrelation,-0.08503110556440267
2018-10-16,10. Max Decorrelation,-0.05979971257563294
2018-10-17,10. Max Decorrelation,-0.051100535606946884
2018-10-18,10. Max Decorrelation,-0.06973306846906506
2018-10-19,10. Max Decorrelation,-0.05716337150277114
2018-10-22,10. Max Decorrelation,-0.060701044645662415
2018-10-23,10. Max Decorrelation,-0.04826902801740753
2018-10-24,10. Max Decorrelation,-0.07293358623379542
2018-10-25,10. Max Decorrelation,-0.04718808804616237
2018-10-26,10. Max Decorrelation,-0.05858969370149873
2018-10-29,10. Max Decorrelation,-0.0642031040546171
2018-10-30,10. Max Decorrelation,-0.05301021311160853
2018-10-31,10. Max Decorrelation,-0.05331807959971393
2018-11-01,10. Max Decorrelation,-0.039848546108495975
2018-11-02,10. Max Decorrelation,-0.04187918621074155
2018-11-05,10. Max Decorrelation,-0.038895567821912044
2018-11-06,10. Max Decorrelation,-0.036592592352167816
2018-11-07,10. Max Decorrelation,-0.022208855982598016
2018-11-08,10. Max Decorrelation,-0.027504718006153495
2018-11-09,10. Max Decorrelation,-0.032634894974658456
2018-11-12,10. Max Decorrelation,-0.054767584123929416
2018-11-13,10. Max Decorrelation,-0.05067525193341243
2018-11-14,10. Max Decorrelation,-0.05337041503919061
2018-11-15,10. Max Decorrelation,-0.04924149704802809
2018-11-16,10. Max Decorrelation,-0.058620934763097494
2018-11-19,10. Max Decorrelation,-0.0759261667950311
2018-11-20,10. Max Decorrelation,-0.08959670388454703
2018-11-21,10. Max Decorrelation,-0.09534684602729745
2018-11-23,10. Max Decorrelation,-0.105414995694102
2018-11-26,10. Max Decorrelation,-0.08669087557615228
2018-11-27,10. Max Decorrelation,-0.08398515596499853
2018-11-28,10. Max Decorrelation,-0.06595351214462027
2018-11-29,10. Max Decorrelation,-0.06754603269681192
2018-11-30,10. Max Decorrelation,-0.05582768161427465
2018-12-03,10. Max Decorrelation,-0.048817856345524976
2018-12-04,10. Max Decorrelation,-0.06875181899177694
2018-12-06,10. Max Decorrelation,-0.06607876825971017
2018-12-07,10. Max Decorrelation,-0.0860512188090821
2018-12-10,10. Max Decorrelation,-0.07711262439942063
2018-12-11,10. Max Decorrelation,-0.07650364549921086
2018-12-12,10. Max Decorrelation,-0.07269370962765354
2018-12-13,10. Max Decorrelation,-0.06187168424207638
2018-12-14,10. Max Decorrelation,-0.07560460161532241
2018-12-17,10. Max Decorrelation,-0.1004521224844366
2018-12-18,10. Max Decorrelation,-0.10104093930767448
2018-12-19,10. Max Decorrelation,-0.11924018388445459
2018-12-20,10. Max Decorrelation,-0.1379234063726074
2018-12-21,10. Max Decorrelation,-0.15286751072890584
2018-12-24,10. Max Decorrelation,-0.1844147771334222
2018-12-26,10. Max Decorrelation,-0.13361020072597918
2018-12-27,10. Max Decorrelation,-0.13062017423789896
2018-12-28,10. Max Decorrelation,-0.12449949023240409
2018-12-31,10. Max Decorrelation,-0.1248248215276241
2019-01-02,10. Max Decorrelation,-0.12969998550844852
2019-01-03,10. Max Decorrelation,-0.14635996828179373
2019-01-04,10. Max Decorrelation,-0.11127157057727532
2019-01-07,10. Max Decorrelation,-0.09440078220548477
2019-01-08,10. Max Decorrelation,-0.08621913425621267
2019-01-09,10. Max Decorrelation,-0.08541421861797617
2019-01-10,10. Max Decorrelation,-0.07848658467382698
2019-01-11,10. Max Decorrelation,-0.07063016090446451
2019-01-14,10. Max Decorrelation,-0.07709231751046217
2019-01-15,10. Max Decorrelation,-0.05825765088907855
2019-01-16,10. Max Decorrelation,-0.060859541540688705
2019-01-17,10. Max Decorrelation,-0.056646922432689525
2019-01-18,10. Max Decorrelation,-0.07173732342357532
2019-01-22,10. Max Decorrelation,-0.08841734210785597
2019-01-23,10. Max Decorrelation,-0.0885757219193789
2019-01-24,10. Max Decorrelation,-0.08190378708565028
2019-01-25,10. Max Decorrelation,-0.07269043580109912
2019-01-28,10. Max Decorrelation,-0.08734818909216165
2019-01-29,10. Max Decorrelation,-0.09539879443259637
2019-01-30,10. Max Decorrelation,-0.07570674323854626
2019-01-31,10. Max Decorrelation,-0.07598447608224558
2019-02-01,10. Max Decorrelation,-0.07216782717822708
2019-02-04,10. Max Decorrelation,-0.06206960577062155
2019-02-05,10. Max Decorrelation,-0.05461266852597529
2019-02-06,10. Max Decorrelation,-0.05499141525410574
2019-02-07,10. Max Decorrelation,-0.0702381714776057
2019-02-08,10. Max Decorrelation,-0.06980816668109063
2019-02-11,10. Max Decorrelation,-0.06695780683178629
2019-02-12,10. Max Decorrelation,-0.058713649605734844
2019-02-13,10. Max Decorrelation,-0.059594927886408515
2019-02-14,10. Max Decorrelation,-0.06470237535707389
2019-02-15,10. Max Decorrelation,-0.05736399186260256
2019-02-19,10. Max Decorrelation,-0.05391919820310676
2019-02-20,10. Max Decorrelation,-0.057247346988073954
2019-02-21,10. Max Decorrelation,-0.06808012155256293
2019-02-22,10. Max Decorrelation,-0.060372968744363965
2019-02-25,10. Max Decorrelation,-0.057662899717278386
2019-02-26,10. Max Decorrelation,-0.059854384556144856
2019-02-27,10. Max Decorrelation,-0.054370862787471344
2019-02-28,10. Max Decorrelation,-0.05467359498660256
2019-03-01,10. Max Decorrelation,-0.06520434555063194
2019-03-04,10. Max Decorrelation,-0.06599505441525287
2019-03-05,10. Max Decorrelation,-0.06626987991073705
2019-03-06,10. Max Decorrelation,-0.06938279201800607
2019-03-07,10. Max Decorrelation,-0.0775722319207637
2019-03-08,10. Max Decorrelation,-0.07452715518267154
2019-03-11,10. Max Decorrelation,-0.05413547161180083
2019-03-12,10. Max Decorrelation,-0.05707017310218242
2019-03-13,10. Max Decorrelation,-0.04517908215315878
2019-03-14,10. Max Decorrelation,-0.052172158992872676
2019-03-15,10. Max Decorrelation,-0.05988022479755064
2019-03-18,10. Max Decorrelation,-0.06557344284037595
2019-03-19,10. Max Decorrelation,-0.06098065518580024
2019-03-20,10. Max Decorrelation,-0.058245044781874845
2019-03-21,10. Max Decorrelation,-0.050986577840319486
2019-03-22,10. Max Decorrelation,-0.0675307834660645
2019-03-25,10. Max Decorrelation,-0.06964407110716249
2019-03-26,10. Max Decorrelation,-0.05855436465588465
2019-03-27,10. Max Decorrelation,-0.05967209172981315
2019-03-28,10. Max Decorrelation,-0.05580500484585197
2019-03-29,10. Max Decorrelation,-0.049692057515799706
2019-04-01,10. Max Decorrelation,-0.03856693270155282
2019-04-02,10. Max Decorrelation,-0.03605584661657794
2019-04-03,10. Max Decorrelation,-0.03141640337957315
2019-04-04,10. Max Decorrelation,-0.039962517051268645
2019-04-05,10. Max Decorrelation,-0.03404828306250079
2019-04-08,10. Max Decorrelation,-0.0329316838395414
2019-04-09,10. Max Decorrelation,-0.034156480512607675
2019-04-10,10. Max Decorrelation,-0.02924682076971627
2019-04-11,10. Max Decorrelation,-0.03198825392835604
2019-04-12,10. Max Decorrelation,-0.029974603779797694
2019-04-15,10. Max Decorrelation,-0.03145343926325361
2019-04-16,10. Max Decorrelation,-0.024191548277137032
2019-04-17,10. Max Decorrelation,-0.025871915419141033
2019-04-18,10. Max Decorrelation,-0.025028571279228955
2019-04-22,10. Max Decorrelation,-0.025517983411361536
2019-04-23,10. Max Decorrelation,-0.020132454470356474
2019-04-24,10. Max Decorrelation,-0.024508892922661944
2019-04-25,10. Max Decorrelation,-0.024942379466809023
2019-04-26,10. Max Decorrelation,-0.033919848639418625
2019-04-29,10. Max Decorrelation,-0.027874418892093307
2019-04-30,10. Max Decorrelation,-0.02812143326134403
2019-05-01,10. Max Decorrelation,-0.03575852271864846
2019-05-02,10. Max Decorrelation,-0.02936974323109858
2019-05-03,10. Max Decorrelation,-0.015990881553420978
2019-05-06,10. Max Decorrelation,-0.019610628553872127
2019-05-07,10. Max Decorrelation,-0.03840268584639496
2019-05-08,10. Max Decorrelation,-0.04121034612461034
2019-05-09,10. Max Decorrelation,-0.04958349566523841
2019-05-10,10. Max Decorrelation,-0.04586337961509113
2019-05-13,10. Max Decorrelation,-0.07267002563169657
2019-05-14,10. Max Decorrelation,-0.06510281262653035
2019-05-15,10. Max Decorrelation,-0.05922708653587573
2019-05-16,10. Max Decorrelation,-0.05457288798815954
2019-05-17,10. Max Decorrelation,-0.07177378791315658
2019-05-20,10. Max Decorrelation,-0.08070361065519951
2019-05-21,10. Max Decorrelation,-0.07856435726464837
2019-05-22,10. Max Decorrelation,-0.08267210126190318
2019-05-23,10. Max Decorrelation,-0.08874938015898248
2019-05-24,10. Max Decorrelation,-0.09152735566089462
2019-05-28,10. Max Decorrelation,-0.09637082108972628
2019-05-29,10. Max Decorrelation,-0.10434182370633001
2019-05-30,10. Max Decorrelation,-0.10298102297257114
2019-05-31,10. Max Decorrelation,-0.11683351525556107
2019-06-03,10. Max Decorrelation,-0.12752116046784076
2019-06-04,10. Max Decorrelation,-0.10321941416118006
2019-06-05,10. Max Decorrelation,-0.09453388230048847
2019-06-06,10. Max Decorrelation,-0.08239168731405402
2019-06-07,10. Max Decorrelation,-0.07558035429848889
2019-06-10,10. Max Decorrelation,-0.06631105127229084
2019-06-11,10. Max Decorrelation,-0.0597560891774492
2019-06-12,10. Max Decorrelation,-0.06691215282907054
2019-06-13,10. Max Decorrelation,-0.060265461140713066
2019-06-14,10. Max Decorrelation,-0.05739985982930259
2019-06-17,10. Max Decorrelation,-0.045725508517046674
2019-06-18,10. Max Decorrelation,-0.04223865159433882
2019-06-19,10. Max Decorrelation,-0.03885562823099167
2019-06-20,10. Max Decorrelation,-0.036537065045871946
2019-06-21,10. Max Decorrelation,-0.03516284363233949
2019-06-24,10. Max Decorrelation,-0.0306869310657807
2019-06-25,10. Max Decorrelation,-0.03892451415469069
2019-06-26,10. Max Decorrelation,-0.04176753852043083
2019-06-27,10. Max Decorrelation,-0.035902133398671154
2019-06-28,10. Max Decorrelation,-0.0315137682218248
2019-07-01,10. Max Decorrelation,-0.022764399181428387
2019-07-02,10. Max Decorrelation,-0.021363680726159108
2019-07-03,10. Max Decorrelation,-0.007675508467344384
2019-07-05,10. Max Decorrelation,-0.01246728030495408
2019-07-08,10. Max Decorrelation,-0.01598931738568577
2019-07-09,10. Max Decorrelation,-0.014234023372512327
2019-07-10,10. Max Decorrelation,-0.0027396468057875436
2019-07-11,10. Max Decorrelation,0.0
2019-07-12,10. Max Decorrelation,0.0
2019-07-15,10. Max Decorrelation,0.0
2019-07-16,10. Max Decorrelation,-0.0027176210985373995
2019-07-17,10. Max Decorrelation,-0.002627408159227256
2019-07-18,10. Max Decorrelation,-0.00825067132533734
2019-07-19,10. Max Decorrelation,-0.013561562902301285
2019-07-22,10. Max Decorrelation,-0.012973737551696507
2019-07-23,10. Max Decorrelation,-0.0005726257441897424
2019-07-24,10. Max Decorrelation,0.0
2019-07-25,10. Max Decorrelation,-0.028200434066902407
2019-07-26,10. Max Decorrelation,-0.0207193120275247
2019-07-29,10. Max Decorrelation,-0.018947638503371028
2019-07-30,10. Max Decorrelation,-0.013490580297506993
2019-07-31,10. Max Decorrelation,-0.027716121383464264
2019-08-01,10. Max Decorrelation,-0.04321303909560359
2019-08-02,10. Max Decorrelation,-0.046752635736048764
2019-08-05,10. Max Decorrelation,-0.07527104064203784
2019-08-06,10. Max Decorrelation,-0.06403707039142742
2019-08-07,10. Max Decorrelation,-0.062061533841712396
2019-08-08,10. Max Decorrelation,-0.04564755850140133
2019-08-09,10. Max Decorrelation,-0.05462228249579642
2019-08-12,10. Max Decorrelation,-0.06811391062242302
2019-08-13,10. Max Decorrelation,-0.054526785155208056
2019-08-14,10. Max Decorrelation,-0.08538838377413839
2019-08-15,10. Max Decorrelation,-0.0759011653396355
2019-08-16,10. Max Decorrelation,-0.06101277051749518
2019-08-19,10. Max Decorrelation,-0.04574444872505412
2019-08-20,10. Max Decorrelation,-0.05795150209461828
2019-08-21,10. Max Decorrelation,-0.057995736995953895
2019-08-22,10. Max Decorrelation,-0.056435648902203296
2019-08-23,10. Max Decorrelation,-0.08117987467038379
2019-08-26,10. Max Decorrelation,-0.06812466440792926
2019-08-27,10. Max Decorrelation,-0.06827610807698276
2019-08-28,10. Max Decorrelation,-0.06326433998300489
2019-08-29,10. Max Decorrelation,-0.050934743098782695
2019-08-30,10. Max Decorrelation,-0.051263977316125364
2019-09-03,10. Max Decorrelation,-0.05429790190315666
2019-09-04,10. Max Decorrelation,-0.04778402251365502
2019-09-05,10. Max Decorrelation,-0.033009559414166306
2019-09-06,10. Max Decorrelation,-0.03757823738118278
2019-09-09,10. Max Decorrelation,-0.032869220779491684
2019-09-10,10. Max Decorrelation,-0.030874372916912547
2019-09-11,10. Max Decorrelation,-0.016741218239830668
2019-09-12,10. Max Decorrelation,-0.01515883817474803
2019-09-13,10. Max Decorrelation,-0.017792816343143246
2019-09-16,10. Max Decorrelation,-0.026764321714216447
2019-09-17,10. Max Decorrelation,-0.021502434854545557
2019-09-18,10. Max Decorrelation,-0.02290258237704044
2019-09-19,10. Max Decorrelation,-0.02316609280852092
2019-09-20,10. Max Decorrelation,-0.03333252880272148
2019-09-23,10. Max Decorrelation,-0.032905638911296095
2019-09-24,10. Max Decorrelation,-0.05281351785895301
2019-09-25,10. Max Decorrelation,-0.04353947234743744
2019-09-26,10. Max Decorrelation,-0.0364626432516056
2019-09-27,10. Max Decorrelation,-0.04099691977054736
2019-09-30,10. Max Decorrelation,-0.039363171641927874
2019-10-01,10. Max Decorrelation,-0.03980902304096894
2019-10-02,10. Max Decorrelation,-0.050414613673651645
2019-10-03,10. Max Decorrelation,-0.04870390092602698
2019-10-04,10. Max Decorrelation,-0.03923087644570453
2019-10-07,10. Max Decorrelation,-0.03668019058748885
2019-10-08,10. Max Decorrelation,-0.04667704677488831
2019-10-09,10. Max Decorrelation,-0.039269699949202486
2019-10-10,10. Max Decorrelation,-0.034923848793678144
2019-10-11,10. Max Decorrelation,-0.0266802547902786
2019-10-14,10. Max Decorrelation,-0.020838160327156893
2019-10-15,10. Max Decorrelation,-0.01119246961747839
2019-10-16,10. Max Decorrelation,-0.007312130812068942
2019-10-17,10. Max Decorrelation,-0.002148570669624301
2019-10-18,10. Max Decorrelation,-0.016308348545173965
2019-10-21,10. Max Decorrelation,-0.012188204845970564
2019-10-22,10. Max Decorrelation,-0.012109581728990985
2019-10-23,10. Max Decorrelation,-0.007245529415191971
2019-10-24,10. Max Decorrelation,0.0
2019-10-25,10. Max Decorrelation,0.0
2019-10-28,10. Max Decorrelation,0.0
2019-10-29,10. Max Decorrelation,-0.01012851664113367
2019-10-30,10. Max Decorrelation,-0.005286541260776413
2019-10-31,10. Max Decorrelation,-0.006026426435914625
2019-11-01,10. Max Decorrelation,-0.005223483809209732
2019-11-04,10. Max Decorrelation,-0.0025855298233984523
2019-11-05,10. Max Decorrelation,-0.006089225977741537
2019-11-06,10. Max Decorrelation,0.0
2019-11-07,10. Max Decorrelation,0.0
2019-11-08,10. Max Decorrelation,0.0
2019-11-11,10. Max Decorrelation,0.0
2019-11-12,10. Max Decorrelation,0.0
2019-11-13,10. Max Decorrelation,0.0
2019-11-14,10. Max Decorrelation,0.0
2019-11-15,10. Max Decorrelation,0.0
2019-11-18,10. Max Decorrelation,0.0
2019-11-19,10. Max Decorrelation,0.0
2019-11-20,10. Max Decorrelation,-0.00443324714003563
2019-11-21,10. Max Decorrelation,-0.0024595959588594955
2019-11-22,10. Max Decorrelation,-0.013605905053573421
2019-11-25,10. Max Decorrelation,-0.0036299444761274616
2019-11-26,10. Max Decorrelation,-0.008238380893238608
2019-11-27,10. Max Decorrelation,-0.0038016522583708286
2019-11-29,10. Max Decorrelation,-0.004156117429438101
2019-12-02,10. Max Decorrelation,-0.0034007694803084142
2019-12-03,10. Max Decorrelation,-0.007267846632102551
2019-12-04,10. Max Decorrelation,-0.004034407111066984
2019-12-05,10. Max Decorrelation,-0.006654460226914688
2019-12-06,10. Max Decorrelation,0.0
2019-12-09,10. Max Decorrelation,-0.0007059340226429312
2019-12-10,10. Max Decorrelation,0.0
2019-12-11,10. Max Decorrelation,0.0
2019-12-12,10. Max Decorrelation,0.0
2019-12-13,10. Max Decorrelation,-0.0022117885118488534
2019-12-16,10. Max Decorrelation,0.0
2019-12-17,10. Max Decorrelation,0.0
2019-12-18,10. Max Decorrelation,0.0
2019-12-19,10. Max Decorrelation,0.0
2019-12-20,10. Max Decorrelation,0.0
2019-12-23,10. Max Decorrelation,0.0
2019-12-24,10. Max Decorrelation,0.0
2019-12-26,10. Max Decorrelation,0.0
2019-12-27,10. Max Decorrelation,-0.0001399600189955122
2019-12-30,10. Max Decorrelation,-0.01479516196053589
2019-12-31,10. Max Decorrelation,-0.010367895681753178
2020-01-02,10. Max Decorrelation,0.0
2020-01-03,10. Max Decorrelation,-0.001136833252837753
2020-01-06,10. Max Decorrelation,0.0
2020-01-07,10. Max Decorrelation,0.0
2020-01-08,10. Max Decorrelation,0.0
2020-01-09,10. Max Decorrelation,-0.0007364259762134037
2020-01-10,10. Max Decorrelation,-0.0032195181955177988
2020-01-13,10. Max Decorrelation,0.0
2020-01-14,10. Max Decorrelation,0.0
2020-01-15,10. Max Decorrelation,-0.0069978405154918315
2020-01-16,10. Max Decorrelation,-0.006936084749675314
2020-01-17,10. Max Decorrelation,-0.007925472265185682
2020-01-21,10. Max Decorrelation,0.0
2020-01-22,10. Max Decorrelation,0.0
2020-01-23,10. Max Decorrelation,0.0
2020-01-24,10. Max Decorrelation,-0.00849501505333392
2020-01-27,10. Max Decorrelation,-0.018320893236645826
2020-01-28,10. Max Decorrelation,-0.012598973172610255
2020-01-29,10. Max Decorrelation,-0.008214629802158169
2020-01-30,10. Max Decorrelation,0.0
2020-01-31,10. Max Decorrelation,-0.0004920928329886201
2020-02-03,10. Max Decorrelation,0.0
2020-02-04,10. Max Decorrelation,0.0
2020-02-05,10. Max Decorrelation,-0.03333905623355812
2020-02-06,10. Max Decorrelation,-0.029544081923104506
2020-02-07,10. Max Decorrelation,-0.03292933596257049
2020-02-10,10. Max Decorrelation,-0.025605962032260243
2020-02-11,10. Max Decorrelation,-0.0272745037830506
2020-02-12,10. Max Decorrelation,-0.027257857801085777
2020-02-13,10. Max Decorrelation,-0.01882624988644083
2020-02-14,10. Max Decorrelation,-0.020213574884604492
2020-02-18,10. Max Decorrelation,-0.005855026315069299
2020-02-19,10. Max Decorrelation,0.0
2020-02-20,10. Max Decorrelation,-0.006877044217718399
2020-02-21,10. Max Decorrelation,-0.009081314088365317
2020-02-24,10. Max Decorrelation,-0.04976027002855218
2020-02-25,10. Max Decorrelation,-0.07332373901477054
2020-02-26,10. Max Decorrelation,-0.0792688771835229
2020-02-27,10. Max Decorrelation,-0.13077135927449623
2020-02-28,10. Max Decorrelation,-0.13096633289638238
2020-03-02,10. Max Decorrelation,-0.08383396744487433
2020-03-03,10. Max Decorrelation,-0.10263659427685062
2020-03-04,10. Max Decorrelation,-0.06959819713115792
2020-03-05,10. Max Decorrelation,-0.09638434683057466
2020-03-06,10. Max Decorrelation,-0.10798942087507518
2020-03-09,10. Max Decorrelation,-0.1716487686716771
2020-03-10,10. Max Decorrelation,-0.13461405067406249
2020-03-11,10. Max Decorrelation,-0.17614720327305258
2020-03-12,10. Max Decorrelation,-0.2539691654325324
2020-03-13,10. Max Decorrelation,-0.20606878923806626
2020-03-16,10. Max Decorrelation,-0.2841252722967367
2020-03-17,10. Max Decorrelation,-0.2507958613220372
2020-03-18,10. Max Decorrelation,-0.2798891208382959
2020-03-19,10. Max Decorrelation,-0.27303636800738057
2020-03-20,10. Max Decorrelation,-0.3058494753317239
2020-03-23,10. Max Decorrelation,-0.30961796830312843
2020-03-24,10. Max Decorrelation,-0.25805358516785115
2020-03-25,10. Max Decorrelation,-0.2530378211247989
2020-03-26,10. Max Decorrelation,-0.22228287764717722
2020-03-27,10. Max Decorrelation,-0.24393565786378563
2020-03-30,10. Max Decorrelation,-0.21571745258332276
2020-03-31,10. Max Decorrelation,-0.2162331404390541
2020-04-01,10. Max Decorrelation,-0.24609597249349585
2020-04-02,10. Max Decorrelation,-0.24257387342998585
2020-04-03,10. Max Decorrelation,-0.23126881345143355
2020-04-06,10. Max Decorrelation,-0.18833774168203837
2020-04-07,10. Max Decorrelation,-0.18535203883578666
2020-04-08,10. Max Decorrelation,-0.17651416833598305
2020-04-09,10. Max Decorrelation,-0.16178811546547794
2020-04-13,10. Max Decorrelation,-0.11497653185091716
2020-04-14,10. Max Decorrelation,-0.06579947273551245
2020-04-15,10. Max Decorrelation,-0.0549811115236008
2020-04-16,10. Max Decorrelation,-0.03952781543991721
2020-04-17,10. Max Decorrelation,-0.03229825431214395
2020-04-20,10. Max Decorrelation,-0.04082825054839517
2020-04-21,10. Max Decorrelation,-0.07596131434468939
2020-04-22,10. Max Decorrelation,-0.05097178324085637
2020-04-23,10. Max Decorrelation,-0.06324183408665064
2020-04-24,10. Max Decorrelation,-0.05171641617779669
2020-04-27,10. Max Decorrelation,-0.01321869305234152
2020-04-28,10. Max Decorrelation,-0.03631120139615626
2020-04-29,10. Max Decorrelation,-0.019896688535803033
2020-04-30,10. Max Decorrelation,-0.02029216980330012
2020-05-01,10. Max Decorrelation,-0.06238911062311046
2020-05-04,10. Max Decorrelation,-0.029812397460133807
2020-05-05,10. Max Decorrelation,-0.02455120737263358
2020-05-06,10. Max Decorrelation,-0.02216053828557133
2020-05-07,10. Max Decorrelation,-0.02681390780642817
2020-05-08,10. Max Decorrelation,-0.0019561834478270443
2020-05-11,10. Max Decorrelation,-0.002408494333980658
2020-05-12,10. Max Decorrelation,-0.013705128470118183
2020-05-13,10. Max Decorrelation,-0.025786804234395003
2020-05-14,10. Max Decorrelation,-0.0177165645806872
2020-05-15,10. Max Decorrelation,-0.010638849521671786
2020-05-18,10. Max Decorrelation,0.0
2020-05-19,10. Max Decorrelation,-0.01322313173604326
2020-05-20,10. Max Decorrelation,-0.006585386405860614
2020-05-21,10. Max Decorrelation,-0.01121155103689365
2020-05-22,10. Max Decorrelation,-0.019590142266103585
2020-05-26,10. Max Decorrelation,-0.020405339640966923
2020-05-27,10. Max Decorrelation,-0.018012571897439624
2020-05-28,10. Max Decorrelation,-0.023814127156486408
2020-05-29,10. Max Decorrelation,-0.008077572947550687
2020-06-01,10. Max Decorrelation,0.0
2020-06-02,10. Max Decorrelation,-0.0011652849661245952
2020-06-03,10. Max Decorrelation,0.0
2020-06-04,10. Max Decorrelation,-0.013955096104892512
2020-06-05,10. Max Decorrelation,0.0
2020-06-08,10. Max Decorrelation,0.0
2020-06-09,10. Max Decorrelation,-0.0031873616809593437
2020-06-10,10. Max Decorrelation,0.0
2020-06-11,10. Max Decorrelation,-0.04486184838024267
2020-06-12,10. Max Decorrelation,-0.060005108458073136
2020-06-15,10. Max Decorrelation,-0.0378214765301174
2020-06-16,10. Max Decorrelation,-0.029964965115290284
2020-06-17,10. Max Decorrelation,-0.027579657152522148
2020-06-18,10. Max Decorrelation,-0.0234246910844779
2020-06-19,10. Max Decorrelation,-0.023411340452771302
2020-06-22,10. Max Decorrelation,-0.018634727238824235
2020-06-23,10. Max Decorrelation,-0.01762574230250929
2020-06-24,10. Max Decorrelation,-0.04502138444862988
2020-06-25,10. Max Decorrelation,-0.03193854459110509
2020-06-26,10. Max Decorrelation,-0.05763492902028523
2020-06-29,10. Max Decorrelation,-0.03335319568972741
2020-06-30,10. Max Decorrelation,-0.03364719172094318
2020-07-01,10. Max Decorrelation,-0.012713632328671952
2020-07-02,10. Max Decorrelation,0.0
2020-07-06,10. Max Decorrelation,0.0
2020-07-07,10. Max Decorrelation,0.0
2020-07-08,10. Max Decorrelation,-0.0072834648343387464
2020-07-09,10. Max Decorrelation,-0.0005906837039402696
2020-07-10,10. Max Decorrelation,0.0
2020-07-13,10. Max Decorrelation,-0.014357489307674703
2020-07-14,10. Max Decorrelation,-0.0012005720351320594
2020-07-15,10. Max Decorrelation,0.0
2020-07-16,10. Max Decorrelation,-0.009980262044811426
2020-07-17,10. Max Decorrelation,-0.020256420583254494
2020-07-20,10. Max Decorrelation,0.0
2020-07-21,10. Max Decorrelation,-0.012793232650081959
2020-07-22,10. Max Decorrelation,-0.003702543749061427
2020-07-23,10. Max Decorrelation,-0.027028596701310796
2020-07-24,10. Max Decorrelation,-0.05195906873527314
2020-07-27,10. Max Decorrelation,-0.018968174248606293
2020-07-28,10. Max Decorrelation,-0.031849431828002504
2020-07-29,10. Max Decorrelation,-0.027552121289061312
2020-07-30,10. Max Decorrelation,-0.0372500922218285
2020-07-31,10. Max Decorrelation,-0.03745976383313808
2020-08-03,10. Max Decorrelation,-0.023859884101307113
2020-08-04,10. Max Decorrelation,-0.012034256981557797
2020-08-05,10. Max Decorrelation,-0.0141656757341989
2020-08-06,10. Max Decorrelation,-0.013494344689352443
2020-08-07,10. Max Decorrelation,-0.02327158777968695
2020-08-10,10. Max Decorrelation,-0.02636626876955825
2020-08-11,10. Max Decorrelation,-0.04236883957069773
2020-08-12,10. Max Decorrelation,-0.0033552573716214137
2020-08-13,10. Max Decorrelation,0.0
2020-08-14,10. Max Decorrelation,0.0
2020-08-17,10. Max Decorrelation,0.0
2020-08-18,10. Max Decorrelation,0.0
2020-08-19,10. Max Decorrelation,-0.008806010044470779
2020-08-20,10. Max Decorrelation,0.0
2020-08-21,10. Max Decorrelation,0.0
2020-08-24,10. Max Decorrelation,-0.003442705497411902
2020-08-25,10. Max Decorrelation,-0.008433378434950308
2020-08-26,10. Max Decorrelation,0.0
2020-08-27,10. Max Decorrelation,0.0
2020-08-28,10. Max Decorrelation,0.0
2020-08-31,10. Max Decorrelation,-0.00037183072726894344
2020-09-01,10. Max Decorrelation,0.0
2020-09-02,10. Max Decorrelation,-0.014491165002235198
2020-09-03,10. Max Decorrelation,-0.052995442182714785
2020-09-04,10. Max Decorrelation,-0.05328707763242156
2020-09-08,10. Max Decorrelation,-0.11392023442920277
2020-09-09,10. Max Decorrelation,-0.09472548964229102
2020-09-10,10. Max Decorrelation,-0.1092383072472505
2020-09-11,10. Max Decorrelation,-0.10742827311657899
2020-09-14,10. Max Decorrelation,-0.0814663210543731
2020-09-15,10. Max Decorrelation,-0.06148652867076624
2020-09-16,10. Max Decorrelation,-0.06465540499972253
2020-09-17,10. Max Decorrelation,-0.07834864963830793
2020-09-18,10. Max Decorrelation,-0.07408335047763209
2020-09-21,10. Max Decorrelation,-0.06958553111478585
2020-09-22,10. Max Decorrelation,-0.0825887592031311
2020-09-23,10. Max Decorrelation,-0.12200928192103376
2020-09-24,10. Max Decorrelation,-0.11763159302536182
2020-09-25,10. Max Decorrelation,-0.10056146936820716
2020-09-28,10. Max Decorrelation,-0.08598320862710448
2020-09-29,10. Max Decorrelation,-0.09197958491312723
2020-09-30,10. Max Decorrelation,-0.0921332935309896
2020-10-01,10. Max Decorrelation,-0.0763886541412529
2020-10-02,10. Max Decorrelation,-0.10694732455371708
2020-10-05,10. Max Decorrelation,-0.0881448573913891
2020-10-06,10. Max Decorrelation,-0.10594042660566745
2020-10-07,10. Max Decorrelation,-0.08764081535908289
2020-10-08,10. Max Decorrelation,-0.07802305379280904
2020-10-09,10. Max Decorrelation,-0.07060518688170414
2020-10-12,10. Max Decorrelation,-0.06204116991536262
2020-10-13,10. Max Decorrelation,-0.05509026800289138
2020-10-14,10. Max Decorrelation,-0.0549876779961953
2020-10-15,10. Max Decorrelation,-0.06084033743307746
2020-10-16,10. Max Decorrelation,-0.06700790024599557
2020-10-19,10. Max Decorrelation,-0.07967142473926335
2020-10-20,10. Max Decorrelation,-0.0841907939708848
2020-10-21,10. Max Decorrelation,-0.09785462228390406
2020-10-22,10. Max Decorrelation,-0.08905464342287066
2020-10-23,10. Max Decorrelation,-0.09119636072999979
2020-10-26,10. Max Decorrelation,-0.09902365103654309
2020-10-27,10. Max Decorrelation,-0.09902597056120538
2020-10-28,10. Max Decorrelation,-0.1290495946453417
2020-10-29,10. Max Decorrelation,-0.11359336387421848
2020-10-30,10. Max Decorrelation,-0.13938568904036042
2020-11-02,10. Max Decorrelation,-0.11991394087216825
2020-11-03,10. Max Decorrelation,-0.10484799024060712
2020-11-04,10. Max Decorrelation,-0.09888813603110141
2020-11-05,10. Max Decorrelation,-0.08427948930890654
2020-11-06,10. Max Decorrelation,-0.08739997975122521
2020-11-09,10. Max Decorrelation,-0.07698822135331077
2020-11-10,10. Max Decorrelation,-0.08061561839885642
2020-11-11,10. Max Decorrelation,-0.07319727223695728
2020-11-12,10. Max Decorrelation,-0.08661202906819909
2020-11-13,10. Max Decorrelation,-0.07864029491372988
2020-11-16,10. Max Decorrelation,-0.07047684830999167
2020-11-17,10. Max Decorrelation,-0.057099467824418194
2020-11-18,10. Max Decorrelation,-0.03923598453090822
2020-11-19,10. Max Decorrelation,-0.028111301525402366
2020-11-20,10. Max Decorrelation,-0.0355400426983276
2020-11-23,10. Max Decorrelation,-0.009740752154398668
2020-11-24,10. Max Decorrelation,0.0
2020-11-25,10. Max Decorrelation,0.0
2020-11-27,10. Max Decorrelation,0.0
2020-11-30,10. Max Decorrelation,-0.0002893405828144041
2020-12-01,10. Max Decorrelation,0.0
2020-12-02,10. Max Decorrelation,0.0
2020-12-03,10. Max Decorrelation,0.0
2020-12-04,10. Max Decorrelation,0.0
2020-12-07,10. Max Decorrelation,0.0
2020-12-08,10. Max Decorrelation,0.0
2020-12-09,10. Max Decorrelation,-0.026057516727798682
2020-12-10,10. Max Decorrelation,-0.01010622573871745
2020-12-11,10. Max Decorrelation,-0.018504693184391324
2020-12-14,10. Max Decorrelation,-0.016870270400349236
2020-12-15,10. Max Decorrelation,-0.01638221197892195
2020-12-16,10. Max Decorrelation,-0.017859526548615827
2020-12-17,10. Max Decorrelation,-0.0021579874174630633
2020-12-18,10. Max Decorrelation,0.0
2020-12-21,10. Max Decorrelation,-0.023559172205926505
2020-12-22,10. Max Decorrelation,-0.03436871637620759
2020-12-23,10. Max Decorrelation,-0.03254401909968601
2020-12-24,10. Max Decorrelation,-0.02788354824350089
2020-12-28,10. Max Decorrelation,-0.022238869261447483
2020-12-29,10. Max Decorrelation,-0.019793950303905624
2020-12-30,10. Max Decorrelation,-0.011180976985881406
2020-12-31,10. Max Decorrelation,-0.0039163181268289105
2021-01-04,10. Max Decorrelation,0.0
2021-01-05,10. Max Decorrelation,0.0
2021-01-06,10. Max Decorrelation,0.0
2021-01-07,10. Max Decorrelation,0.0
2021-01-08,10. Max Decorrelation,0.0
2021-01-11,10. Max Decorrelation,-0.019934115360679485
2021-01-12,10. Max Decorrelation,-0.0038505713626931577
2021-01-13,10. Max Decorrelation,0.0
2021-01-14,10. Max Decorrelation,0.0
2021-01-15,10. Max Decorrelation,-0.021498912922278637
2021-01-19,10. Max Decorrelation,-0.010092800500993985
2021-01-20,10. Max Decorrelation,0.0
2021-01-21,10. Max Decorrelation,-0.009441057393192748
2021-01-22,10. Max Decorrelation,-0.014583045949852552
2021-01-25,10. Max Decorrelation,-0.004730993579345097
2021-01-26,10. Max Decorrelation,-0.005546177603734781
2021-01-27,10. Max Decorrelation,-0.034058232502326126
2021-01-28,10. Max Decorrelation,-0.03806500275397724
2021-01-29,10. Max Decorrelation,-0.03828346087407448
2021-02-01,10. Max Decorrelation,-0.02253189345797543
2021-02-02,10. Max Decorrelation,-0.007372744909785769
2021-02-03,10. Max Decorrelation,-0.008986215204297836
2021-02-04,10. Max Decorrelation,0.0
2021-02-05,10. Max Decorrelation,0.0
2021-02-08,10. Max Decorrelation,0.0
2021-02-09,10. Max Decorrelation,-0.005236179019712979
2021-02-10,10. Max Decorrelation,-0.015910881569274123
2021-02-11,10. Max Decorrelation,-0.022516340100634052
2021-02-12,10. Max Decorrelation,-0.018064304779965724
2021-02-16,10. Max Decorrelation,-0.016843839308149606
2021-02-17,10. Max Decorrelation,-0.013093166311349276
2021-02-18,10. Max Decorrelation,-0.031628296766110335
2021-02-19,10. Max Decorrelation,-0.03472020128817324
2021-02-22,10. Max Decorrelation,-0.047381966268811526
2021-02-23,10. Max Decorrelation,-0.04636223897460788
2021-02-24,10. Max Decorrelation,-0.028956229796874355
2021-02-25,10. Max Decorrelation,-0.055046588932774795
2021-02-26,10. Max Decorrelation,-0.05520578347690872
2021-03-01,10. Max Decorrelation,-0.025652152624818715
2021-03-02,10. Max Decorrelation,-0.04050401042162301
2021-03-03,10. Max Decorrelation,-0.05908237569240345
2021-03-04,10. Max Decorrelation,-0.0678372717191005
2021-03-05,10. Max Decorrelation,-0.06260694455910605
2021-03-08,10. Max Decorrelation,-0.08115219062596588
2021-03-09,10. Max Decorrelation,-0.045350566038198405
2021-03-10,10. Max Decorrelation,-0.03651479764402413
2021-03-11,10. Max Decorrelation,-0.021643224174038654
2021-03-12,10. Max Decorrelation,-0.02025414917935593
2021-03-15,10. Max Decorrelation,-0.018112896296438395
2021-03-16,10. Max Decorrelation,-0.02861023644062625
2021-03-17,10. Max Decorrelation,-0.02133592880706999
2021-03-18,10. Max Decorrelation,-0.05578313581851072
2021-03-19,10. Max Decorrelation,-0.05330150883227153
2021-03-22,10. Max Decorrelation,-0.042403779421496285
2021-03-23,10. Max Decorrelation,-0.04519206177274902
2021-03-24,10. Max Decorrelation,-0.058084285067503114
2021-03-25,10. Max Decorrelation,-0.06021073994207702
2021-03-26,10. Max Decorrelation,-0.05637942759746311
2021-03-29,10. Max Decorrelation,-0.05444886626966768
2021-03-30,10. Max Decorrelation,-0.05300868845038173
2021-03-31,10. Max Decorrelation,-0.0535522079723718
2021-04-01,10. Max Decorrelation,-0.04129645123267973
2021-04-05,10. Max Decorrelation,-0.03271425892899458
2021-04-06,10. Max Decorrelation,-0.03224011704557054
2021-04-07,10. Max Decorrelation,-0.030504407609788106
2021-04-08,10. Max Decorrelation,-0.025284903365893435
2021-04-09,10. Max Decorrelation,-0.019872468189317417
2021-04-12,10. Max Decorrelation,-0.019243423885630436
2021-04-13,10. Max Decorrelation,-0.011989439331084773
2021-04-14,10. Max Decorrelation,-0.021202097630393404
2021-04-15,10. Max Decorrelation,-0.012227768858130964
2021-04-16,10. Max Decorrelation,-0.008224542552205776
2021-04-19,10. Max Decorrelation,-0.007996470808457497
2021-04-20,10. Max Decorrelation,-0.015167538690736884
2021-04-21,10. Max Decorrelation,-0.02256667076422892
2021-04-22,10. Max Decorrelation,-0.03601493573882542
2021-04-23,10. Max Decorrelation,-0.03124122064468773
2021-04-26,10. Max Decorrelation,-0.029067762456626234
2021-04-27,10. Max Decorrelation,-0.03282646038776077
2021-04-28,10. Max Decorrelation,-0.029093602586266462
2021-04-29,10. Max Decorrelation,-0.023504801014143584
2021-04-30,10. Max Decorrelation,-0.023524739554682175
2021-05-03,10. Max Decorrelation,-0.01826415364574453
2021-05-04,10. Max Decorrelation,-0.024857985685485952
2021-05-05,10. Max Decorrelation,-0.024653947325803206
2021-05-06,10. Max Decorrelation,-0.021355116495724497
2021-05-07,10. Max Decorrelation,-0.015128550159461419
2021-05-10,10. Max Decorrelation,-0.027284330322499467
2021-05-11,10. Max Decorrelation,-0.03521010119009981
2021-05-12,10. Max Decorrelation,-0.049664388813255134
2021-05-13,10. Max Decorrelation,-0.043031400439907934
2021-05-14,10. Max Decorrelation,-0.03208011192950543
2021-05-17,10. Max Decorrelation,-0.033742614086412825
2021-05-18,10. Max Decorrelation,-0.03904341813556824
2021-05-19,10. Max Decorrelation,-0.04418515005914326
2021-05-20,10. Max Decorrelation,-0.03243984838403519
2021-05-21,10. Max Decorrelation,-0.0357990182066444
2021-05-24,10. Max Decorrelation,-0.02762131939690608
2021-05-25,10. Max Decorrelation,-0.03251739552344445
2021-05-26,10. Max Decorrelation,-0.03137813853718868
2021-05-27,10. Max Decorrelation,-0.031199168812648465
2021-05-28,10. Max Decorrelation,-0.0314911401945067
2021-06-01,10. Max Decorrelation,-0.03042760621565541
2021-06-02,10. Max Decorrelation,-0.028830516788911995
2021-06-03,10. Max Decorrelation,-0.03365830760114621
2021-06-04,10. Max Decorrelation,-0.024331250393019862
2021-06-07,10. Max Decorrelation,-0.02612873176369148
2021-06-08,10. Max Decorrelation,-0.02683682613068601
2021-06-09,10. Max Decorrelation,-0.02611134111288702
2021-06-10,10. Max Decorrelation,-0.02069667116414197
2021-06-11,10. Max Decorrelation,-0.02090455473603054
2021-06-14,10. Max Decorrelation,-0.017014190489101227
2021-06-15,10. Max Decorrelation,-0.020794048573095265
2021-06-16,10. Max Decorrelation,-0.024061378972964308
2021-06-17,10. Max Decorrelation,-0.021852068492600994
2021-06-18,10. Max Decorrelation,-0.03262873690715202
2021-06-21,10. Max Decorrelation,-0.02348913296989681
2021-06-22,10. Max Decorrelation,-0.013074014124164111
2021-06-23,10. Max Decorrelation,-0.009874800691281604
2021-06-24,10. Max Decorrelation,-0.0027832092623923427
2021-06-25,10. Max Decorrelation,0.0
2021-06-28,10. Max Decorrelation,0.0
2021-06-29,10. Max Decorrelation,-0.0024024616729933918
2021-06-30,10. Max Decorrelation,0.0
2021-07-01,10. Max Decorrelation,0.0
2021-07-02,10. Max Decorrelation,0.0
2021-07-06,10. Max Decorrelation,-0.003910910156428717
2021-07-07,10. Max Decorrelation,-0.007336697414395868
2021-07-08,10. Max Decorrelation,-0.01267258300013111
2021-07-09,10. Max Decorrelation,-0.0010210292938999165
2021-07-12,10. Max Decorrelation,0.0
2021-07-13,10. Max Decorrelation,-0.0030505786622003644
2021-07-14,10. Max Decorrelation,-0.0014601816454435012
2021-07-15,10. Max Decorrelation,-0.005694745423719931
2021-07-16,10. Max Decorrelation,-0.01911934111151489
2021-07-19,10. Max Decorrelation,-0.029102210947250396
2021-07-20,10. Max Decorrelation,-0.05224809686016657
2021-07-21,10. Max Decorrelation,-0.054118179060370745
2021-07-22,10. Max Decorrelation,-0.05509633907631389
2021-07-23,10. Max Decorrelation,-0.050291987234809946
2021-07-26,10. Max Decorrelation,-0.04323065794151607
2021-07-27,10. Max Decorrelation,-0.045620781630984104
2021-07-28,10. Max Decorrelation,-0.041505004018069454
2021-07-29,10. Max Decorrelation,-0.040608451963323605
2021-07-30,10. Max Decorrelation,-0.04111409246108412
2021-08-02,10. Max Decorrelation,-0.036003808718262746
2021-08-03,10. Max Decorrelation,-0.02711373742990433
2021-08-04,10. Max Decorrelation,-0.027674751268729245
2021-08-05,10. Max Decorrelation,-0.01808163962276723
2021-08-06,10. Max Decorrelation,-0.020091729367013644
2021-08-09,10. Max Decorrelation,-0.017171381686053134
2021-08-10,10. Max Decorrelation,-0.010566024417749042
2021-08-11,10. Max Decorrelation,-0.016057968036121525
2021-08-12,10. Max Decorrelation,-0.010895920918810855
2021-08-13,10. Max Decorrelation,-0.005284083143731309
2021-08-16,10. Max Decorrelation,-0.00840343550312222
2021-08-17,10. Max Decorrelation,-0.014291629380677144
2021-08-18,10. Max Decorrelation,-0.024062831717816903
2021-08-19,10. Max Decorrelation,-0.017717600592912976
2021-08-20,10. Max Decorrelation,-0.005471522616780862
2021-08-23,10. Max Decorrelation,0.0
2021-08-24,10. Max Decorrelation,-0.004935114781059641
2021-08-25,10. Max Decorrelation,-0.004762300450215809
2021-08-26,10. Max Decorrelation,-0.009201642468148833
2021-08-27,10. Max Decorrelation,0.0
2021-08-30,10. Max Decorrelation,0.0
2021-08-31,10. Max Decorrelation,-0.004662042026712114
2021-09-01,10. Max Decorrelation,-0.0015698281179806115
2021-09-02,10. Max Decorrelation,0.0
2021-09-03,10. Max Decorrelation,0.0
2021-09-07,10. Max Decorrelation,0.0
2021-09-08,10. Max Decorrelation,-0.004420560764351888
2021-09-09,10. Max Decorrelation,-0.00951335342375692
2021-09-10,10. Max Decorrelation,-0.0138736791167129
2021-09-13,10. Max Decorrelation,-0.015852058194313408
2021-09-14,10. Max Decorrelation,-0.023574812627771446
2021-09-15,10. Max Decorrelation,-0.015662095509504124
2021-09-16,10. Max Decorrelation,-0.01715962064804892
2021-09-17,10. Max Decorrelation,-0.022728246222368496
2021-09-20,10. Max Decorrelation,-0.04422369900073919
2021-09-21,10. Max Decorrelation,-0.04578520235609541
2021-09-22,10. Max Decorrelation,-0.027474602963073264
2021-09-23,10. Max Decorrelation,-0.013538068675961568
2021-09-24,10. Max Decorrelation,-0.014102116135986258
2021-09-27,10. Max Decorrelation,-0.011925165563112535
2021-09-28,10. Max Decorrelation,-0.028424493421447403
2021-09-29,10. Max Decorrelation,-0.023094920057063487
2021-09-30,10. Max Decorrelation,-0.023503850368226803
2021-10-01,10. Max Decorrelation,-0.01582457532341978
2021-10-04,10. Max Decorrelation,-0.02742482994618599
2021-10-05,10. Max Decorrelation,-0.012713704720342126
2021-10-06,10. Max Decorrelation,-0.01046542990383394
2021-10-07,10. Max Decorrelation,-0.0013508662648730081
2021-10-08,10. Max Decorrelation,-0.004141592608616509
2021-10-11,10. Max Decorrelation,-0.009334627510767928
2021-10-12,10. Max Decorrelation,-0.010050072053476168
2021-10-13,10. Max Decorrelation,-0.008500981078736078
2021-10-14,10. Max Decorrelation,0.0
2021-10-15,10. Max Decorrelation,0.0
2021-10-18,10. Max Decorrelation,0.0
2021-10-19,10. Max Decorrelation,0.0
2021-10-20,10. Max Decorrelation,0.0
2021-10-21,10. Max Decorrelation,0.0
2021-10-22,10. Max Decorrelation,0.0
2021-10-25,10. Max Decorrelation,0.0
2021-10-26,10. Max Decorrelation,0.0
2021-10-27,10. Max Decorrelation,-0.007203913676720979
2021-10-28,10. Max Decorrelation,0.0
2021-10-29,10. Max Decorrelation,0.0
2021-11-01,10. Max Decorrelation,0.0
2021-11-02,10. Max Decorrelation,0.0
2021-11-03,10. Max Decorrelation,0.0
2021-11-04,10. Max Decorrelation,0.0
2021-11-05,10. Max Decorrelation,0.0
2021-11-08,10. Max Decorrelation,0.0
2021-11-09,10. Max Decorrelation,-0.01905582470128381
2021-11-10,10. Max Decorrelation,-0.0200792752952069
2021-11-11,10. Max Decorrelation,-0.01322725713525067
2021-11-12,10. Max Decorrelation,-0.014773612711339793
2021-11-15,10. Max Decorrelation,-0.01961556786744007
2021-11-16,10. Max Decorrelation,-0.006713987009519942
2021-11-17,10. Max Decorrelation,-0.006024555749975055
2021-11-18,10. Max Decorrelation,0.0
2021-11-19,10. Max Decorrelation,0.0
2021-11-22,10. Max Decorrelation,-0.00363239190576282
2021-11-23,10. Max Decorrelation,-0.0075107427529000305
2021-11-24,10. Max Decorrelation,0.0
2021-11-26,10. Max Decorrelation,-0.011110433720590875
2021-11-29,10. Max Decorrelation,0.0
2021-11-30,10. Max Decorrelation,-0.000316029257560769
2021-12-01,10. Max Decorrelation,-0.01425709520691415
2021-12-02,10. Max Decorrelation,-0.00944381093639718
2021-12-03,10. Max Decorrelation,-0.022332151403904862
2021-12-06,10. Max Decorrelation,-0.025131464670877533
2021-12-07,10. Max Decorrelation,-0.004085847438281541
2021-12-08,10. Max Decorrelation,-0.006442394085814992
2021-12-09,10. Max Decorrelation,-0.018097352606241214
2021-12-10,10. Max Decorrelation,-0.013201583409933748
2021-12-13,10. Max Decorrelation,-0.02469735448590392
2021-12-14,10. Max Decorrelation,-0.02430986842879097
2021-12-15,10. Max Decorrelation,0.0
2021-12-16,10. Max Decorrelation,-0.00796975448177911
2021-12-17,10. Max Decorrelation,-0.025499153028437825
2021-12-20,10. Max Decorrelation,-0.02664035709403029
2021-12-21,10. Max Decorrelation,-0.01510161420965279
2021-12-22,10. Max Decorrelation,-0.0008432632532573513
2021-12-23,10. Max Decorrelation,0.0
2021-12-27,10. Max Decorrelation,0.0
2021-12-28,10. Max Decorrelation,-0.0052423309678021664
2021-12-29,10. Max Decorrelation,-0.008045301943400458
2021-12-30,10. Max Decorrelation,-0.009060509164922147
2021-12-31,10. Max Decorrelation,-0.009707135327015634
2022-01-03,10. Max Decorrelation,0.0
2022-01-04,10. Max Decorrelation,-0.008799634172600669
2022-01-05,10. Max Decorrelation,-0.02373283414526613
2022-01-06,10. Max Decorrelation,-0.02467087805075181
2022-01-07,10. Max Decorrelation,-0.030230430856389833
2022-01-10,10. Max Decorrelation,-0.029023844636860367
2022-01-11,10. Max Decorrelation,-0.02049152355262417
2022-01-12,10. Max Decorrelation,-0.01753587467428319
2022-01-13,10. Max Decorrelation,-0.03987743247902991
2022-01-14,10. Max Decorrelation,-0.04133059529277341
2022-01-18,10. Max Decorrelation,-0.05757851848736438
2022-01-19,10. Max Decorrelation,-0.06645886811636384
2022-01-20,10. Max Decorrelation,-0.07594491767829493
2022-01-21,10. Max Decorrelation,-0.1161698279071994
2022-01-24,10. Max Decorrelation,-0.12072962782881531
2022-01-25,10. Max Decorrelation,-0.1244357309384879
2022-01-26,10. Max Decorrelation,-0.12280838200343226
2022-01-27,10. Max Decorrelation,-0.12823248952111518
2022-01-28,10. Max Decorrelation,-0.11314894734938247
2022-01-31,10. Max Decorrelation,-0.09123170935385991
2022-02-01,10. Max Decorrelation,-0.07663346324468902
2022-02-02,10. Max Decorrelation,-0.07698117141033925
2022-02-03,10. Max Decorrelation,-0.09736813438416596
2022-02-04,10. Max Decorrelation,-0.08560592280822601
2022-02-07,10. Max Decorrelation,-0.08449087132468312
2022-02-08,10. Max Decorrelation,-0.08527172832452586
2022-02-09,10. Max Decorrelation,-0.0764087800639622
2022-02-10,10. Max Decorrelation,-0.08880422571301047
2022-02-11,10. Max Decorrelation,-0.1075002943943659
2022-02-14,10. Max Decorrelation,-0.10836287620808814
2022-02-15,10. Max Decorrelation,-0.09032524464025496
2022-02-16,10. Max Decorrelation,-0.09137157495434688
2022-02-17,10. Max Decorrelation,-0.11306400366846922
2022-02-18,10. Max Decorrelation,-0.12179814950782605
2022-02-22,10. Max Decorrelation,-0.1425237980077221
2022-02-23,10. Max Decorrelation,-0.16144101948502018
2022-02-24,10. Max Decorrelation,-0.15346507987057767
2022-02-25,10. Max Decorrelation,-0.13354732260554558
2022-02-28,10. Max Decorrelation,-0.13388951094961254
2022-03-01,10. Max Decorrelation,-0.14813287250133889
2022-03-02,10. Max Decorrelation,-0.1321627855101368
2022-03-03,10. Max Decorrelation,-0.14163824920923793
2022-03-04,10. Max Decorrelation,-0.14204906990058785
2022-03-07,10. Max Decorrelation,-0.16280594855015
2022-03-08,10. Max Decorrelation,-0.16855872841450179
2022-03-09,10. Max Decorrelation,-0.15079024490603707
2022-03-10,10. Max Decorrelation,-0.15198035807971588
2022-03-11,10. Max Decorrelation,-0.16257939748224537
2022-03-14,10. Max Decorrelation,-0.16688122620551496
2022-03-15,10. Max Decorrelation,-0.15044742338014838
2022-03-16,10. Max Decorrelation,-0.12999416971406183
2022-03-17,10. Max Decorrelation,-0.11237235191360664
2022-03-18,10. Max Decorrelation,-0.09649182753273762
2022-03-21,10. Max Decorrelation,-0.09258928096603732
2022-03-22,10. Max Decorrelation,-0.08466669473828362
2022-03-23,10. Max Decorrelation,-0.09562017022658051
2022-03-24,10. Max Decorrelation,-0.07847478592376554
2022-03-25,10. Max Decorrelation,-0.07629481914365498
2022-03-28,10. Max Decorrelation,-0.06259589768251705
2022-03-29,10. Max Decorrelation,-0.056615673742755376
2022-03-30,10. Max Decorrelation,-0.0649819419899016
2022-03-31,10. Max Decorrelation,-0.0653320335797599
2022-04-01,10. Max Decorrelation,-0.06346533731586324
2022-04-04,10. Max Decorrelation,-0.05144853379304268
2022-04-05,10. Max Decorrelation,-0.06615790238863832
2022-04-06,10. Max Decorrelation,-0.07198475807261935
2022-04-07,10. Max Decorrelation,-0.06135166908421302
2022-04-08,10. Max Decorrelation,-0.06511305066898704
2022-04-11,10. Max Decorrelation,-0.09120637070611447
2022-04-12,10. Max Decorrelation,-0.09213446695479338
2022-04-13,10. Max Decorrelation,-0.07769129116837223
2022-04-14,10. Max Decorrelation,-0.08743182159297071
2022-04-18,10. Max Decorrelation,-0.08845885605259514
2022-04-19,10. Max Decorrelation,-0.08261098955473875
2022-04-20,10. Max Decorrelation,-0.11468566950468212
2022-04-21,10. Max Decorrelation,-0.1255399532202313
2022-04-22,10. Max Decorrelation,-0.14183161950906298
2022-04-25,10. Max Decorrelation,-0.14261323300867867
2022-04-26,10. Max Decorrelation,-0.1676025059392233
2022-04-27,10. Max Decorrelation,-0.16406023746648124
2022-04-28,10. Max Decorrelation,-0.13992280657512896
2022-04-29,10. Max Decorrelation,-0.14016464334900688
2022-05-02,10. Max Decorrelation,-0.12741189614910373
2022-05-03,10. Max Decorrelation,-0.12101178563311929
2022-05-04,10. Max Decorrelation,-0.09748432068998188
2022-05-05,10. Max Decorrelation,-0.13628780461194837
2022-05-06,10. Max Decorrelation,-0.138818417394298
2022-05-09,10. Max Decorrelation,-0.1779787290044314
2022-05-10,10. Max Decorrelation,-0.16891801581569824
2022-05-11,10. Max Decorrelation,-0.18781632471826518
2022-05-12,10. Max Decorrelation,-0.18477629182758143
2022-05-13,10. Max Decorrelation,-0.15771465340333427
2022-05-16,10. Max Decorrelation,-0.15972703467905455
2022-05-17,10. Max Decorrelation,-0.1469713868970115
2022-05-18,10. Max Decorrelation,-0.18449966007226695
2022-05-19,10. Max Decorrelation,-0.1819091437071903
2022-05-20,10. Max Decorrelation,-0.18065413413728285
2022-05-23,10. Max Decorrelation,-0.16802034510380634
2022-05-24,10. Max Decorrelation,-0.177162540929904
2022-05-25,10. Max Decorrelation,-0.1609609949627817
2022-05-26,10. Max Decorrelation,-0.1433597055506512
2022-05-27,10. Max Decorrelation,-0.12421008853915233
2022-05-31,10. Max Decorrelation,-0.12445115718465079
2022-06-01,10. Max Decorrelation,-0.13444178600240353
2022-06-02,10. Max Decorrelation,-0.11258893708111205
2022-06-03,10. Max Decorrelation,-0.12954659576711489
2022-06-06,10. Max Decorrelation,-0.12908264369251962
2022-06-07,10. Max Decorrelation,-0.11791075269503136
2022-06-08,10. Max Decorrelation,-0.11861114882812065
2022-06-09,10. Max Decorrelation,-0.1402098195126182
2022-06-10,10. Max Decorrelation,-0.1651953984997344
2022-06-13,10. Max Decorrelation,-0.20474955270397613
2022-06-14,10. Max Decorrelation,-0.20433825199432923
2022-06-15,10. Max Decorrelation,-0.1892099352883913
2022-06-16,10. Max Decorrelation,-0.21536873418526076
2022-06-17,10. Max Decorrelation,-0.22464398707483865
2022-06-21,10. Max Decorrelation,-0.1949092963973506
2022-06-22,10. Max Decorrelation,-0.19604860176245703
2022-06-23,10. Max Decorrelation,-0.1925005161729152
2022-06-24,10. Max Decorrelation,-0.1679340281677789
2022-06-27,10. Max Decorrelation,-0.16674780625332827
2022-06-28,10. Max Decorrelation,-0.1865305042333293
2022-06-29,10. Max Decorrelation,-0.19564052489856357
2022-06-30,10. Max Decorrelation,-0.1959192837761198
2022-07-01,10. Max Decorrelation,-0.1889835204111383
2022-07-05,10. Max Decorrelation,-0.18318586303605675
2022-07-06,10. Max Decorrelation,-0.18114615055342814
2022-07-07,10. Max Decorrelation,-0.16223607671078014
2022-07-08,10. Max Decorrelation,-0.1627352322937509
2022-07-11,10. Max Decorrelation,-0.18084499088423683
2022-07-12,10. Max Decorrelation,-0.19049478384743299
2022-07-13,10. Max Decorrelation,-0.18657041072488775
2022-07-14,10. Max Decorrelation,-0.18688217722550732
2022-07-15,10. Max Decorrelation,-0.17001735244801322
2022-07-18,10. Max Decorrelation,-0.16837562000098352
2022-07-19,10. Max Decorrelation,-0.1464722265401279
2022-07-20,10. Max Decorrelation,-0.12980522521323787
2022-07-21,10. Max Decorrelation,-0.11621704617023433
2022-07-22,10. Max Decorrelation,-0.12503814162488194
2022-07-25,10. Max Decorrelation,-0.12417625730992457
2022-07-26,10. Max Decorrelation,-0.14542108795194883
2022-07-27,10. Max Decorrelation,-0.1152930866693691
2022-07-28,10. Max Decorrelation,-0.10885188151706572
2022-07-29,10. Max Decorrelation,-0.10926715639964298
2022-08-01,10. Max Decorrelation,-0.11207066916309937
2022-08-02,10. Max Decorrelation,-0.1173252008726966
2022-08-03,10. Max Decorrelation,-0.10934096432049331
2022-08-04,10. Max Decorrelation,-0.11505989994901533
2022-08-05,10. Max Decorrelation,-0.1231856584708355
2022-08-08,10. Max Decorrelation,-0.11949078215255314
2022-08-09,10. Max Decorrelation,-0.12137006687952381
2022-08-10,10. Max Decorrelation,-0.10253491706152573
2022-08-11,10. Max Decorrelation,-0.11025549198383272
2022-08-12,10. Max Decorrelation,-0.09071086324149544
2022-08-15,10. Max Decorrelation,-0.09058123273804414
2022-08-16,10. Max Decorrelation,-0.08625122118805742
2022-08-17,10. Max Decorrelation,-0.09408728074310062
2022-08-18,10. Max Decorrelation,-0.0910978167175006
2022-08-19,10. Max Decorrelation,-0.10161731186760144
2022-08-22,10. Max Decorrelation,-0.11980049489571748
2022-08-23,10. Max Decorrelation,-0.1166763788214417
2022-08-24,10. Max Decorrelation,-0.11491698523782908
2022-08-25,10. Max Decorrelation,-0.15744596010860887
2022-08-26,10. Max Decorrelation,-0.1850424641944928
2022-08-29,10. Max Decorrelation,-0.1849270627497838
2022-08-30,10. Max Decorrelation,-0.19640574937906477
2022-08-31,10. Max Decorrelation,-0.19667278495751678
2022-09-01,10. Max Decorrelation,-0.18835656801194722
2022-09-02,10. Max Decorrelation,-0.19709219601246242
2022-09-06,10. Max Decorrelation,-0.20113785821886843
2022-09-07,10. Max Decorrelation,-0.18668519644611262
2022-09-08,10. Max Decorrelation,-0.18121903674818357
2022-09-09,10. Max Decorrelation,-0.1643834006070058
2022-09-12,10. Max Decorrelation,-0.15654302928677868
2022-09-13,10. Max Decorrelation,-0.19275047872527956
2022-09-14,10. Max Decorrelation,-0.18141966311299232
2022-09-15,10. Max Decorrelation,-0.18838802451182257
2022-09-16,10. Max Decorrelation,-0.19155265507753327
2022-09-19,10. Max Decorrelation,-0.1882217225961362
2022-09-20,10. Max Decorrelation,-0.19634664143696343
2022-09-21,10. Max Decorrelation,-0.21083984370672423
2022-09-22,10. Max Decorrelation,-0.21479701304538787
2022-09-23,10. Max Decorrelation,-0.23703080789125347
2022-09-26,10. Max Decorrelation,-0.23982886600257383
2022-09-27,10. Max Decorrelation,-0.23727599929891616
2022-09-28,10. Max Decorrelation,-0.21761296086473902
2022-09-29,10. Max Decorrelation,-0.2359558941894544
2022-09-30,10. Max Decorrelation,-0.24701992718619648
2022-10-03,10. Max Decorrelation,-0.24000412268316962
2022-10-04,10. Max Decorrelation,-0.22165765847509572
2022-10-05,10. Max Decorrelation,-0.22318320910978795
2022-10-06,10. Max Decorrelation,-0.2249399672986965
2022-10-07,10. Max Decorrelation,-0.24888831426233482
2022-10-10,10. Max Decorrelation,-0.25354190999548437
2022-10-11,10. Max Decorrelation,-0.2604018419148838
2022-10-12,10. Max Decorrelation,-0.2577358120755881
2022-10-13,10. Max Decorrelation,-0.24274293590392057
2022-10-14,10. Max Decorrelation,-0.2634588799091706
2022-10-17,10. Max Decorrelation,-0.23849543991309138
2022-10-18,10. Max Decorrelation,-0.2331713511315651
2022-10-19,10. Max Decorrelation,-0.22590495152494877
2022-10-20,10. Max Decorrelation,-0.23380066201337676
2022-10-21,10. Max Decorrelation,-0.21137407808041025
2022-10-24,10. Max Decorrelation,-0.20772140898844366
2022-10-25,10. Max Decorrelation,-0.19758342301552584
2022-10-26,10. Max Decorrelation,-0.20543456884490044
2022-10-27,10. Max Decorrelation,-0.21640795403068216
2022-10-28,10. Max Decorrelation,-0.2055752085662458
2022-10-31,10. Max Decorrelation,-0.21264475369499308
2022-11-01,10. Max Decorrelation,-0.21740303685577056
2022-11-02,10. Max Decorrelation,-0.24100114608002748
2022-11-03,10. Max Decorrelation,-0.24729950346442658
2022-11-04,10. Max Decorrelation,-0.2429235326243695
2022-11-07,10. Max Decorrelation,-0.24177619691375107
2022-11-08,10. Max Decorrelation,-0.24152788074038548
2022-11-09,10. Max Decorrelation,-0.264105562984
2022-11-10,10. Max Decorrelation,-0.2298112193480044
2022-11-11,10. Max Decorrelation,-0.21398678457909492
2022-11-14,10. Max Decorrelation,-0.2151363883440979
2022-11-15,10. Max Decorrelation,-0.20358461690666738
2022-11-16,10. Max Decorrelation,-0.21071993400556982
2022-11-17,10. Max Decorrelation,-0.21664292439303373
2022-11-18,10. Max Decorrelation,-0.2202880449947564
2022-11-21,10. Max Decorrelation,-0.22989241581457326
2022-11-22,10. Max Decorrelation,-0.21868850704349585
2022-11-23,10. Max Decorrelation,-0.21048646517526126
2022-11-25,10. Max Decorrelation,-0.21275629469234197
2022-11-28,10. Max Decorrelation,-0.21876171669310507
2022-11-29,10. Max Decorrelation,-0.22190671055033917
2022-11-30,10. Max Decorrelation,-0.22217726427815704
2022-12-01,10. Max Decorrelation,-0.2198711767302454
2022-12-02,10. Max Decorrelation,-0.221717860506632
2022-12-05,10. Max Decorrelation,-0.2396612609266932
2022-12-06,10. Max Decorrelation,-0.2569843057313139
2022-12-07,10. Max Decorrelation,-0.2615080714396471
2022-12-08,10. Max Decorrelation,-0.2568429847143474
2022-12-09,10. Max Decorrelation,-0.2581573467129137
2022-12-12,10. Max Decorrelation,-0.25753217590148486
2022-12-13,10. Max Decorrelation,-0.2517950243136687
2022-12-14,10. Max Decorrelation,-0.2542076716390803
2022-12-15,10. Max Decorrelation,-0.2703774914012884
2022-12-16,10. Max Decorrelation,-0.2818269033071399
2022-12-19,10. Max Decorrelation,-0.28866311106436743
2022-12-20,10. Max Decorrelation,-0.29181240887671306
2022-12-21,10. Max Decorrelation,-0.28428305237187
2022-12-22,10. Max Decorrelation,-0.30122963759042237
2022-12-23,10. Max Decorrelation,-0.29532779394480063
2022-12-27,10. Max Decorrelation,-0.3087298681180886
2022-12-28,10. Max Decorrelation,-0.3151126889668994
2022-12-29,10. Max Decorrelation,-0.29892407133072824
2022-12-30,10. Max Decorrelation,-0.29903515382469414
2023-01-03,10. Max Decorrelation,-0.3105595413943885
2023-01-04,10. Max Decorrelation,-0.3059447219334579
2023-01-05,10. Max Decorrelation,-0.3126554150212181
2023-01-06,10. Max Decorrelation,-0.2982232703574336
2023-01-09,10. Max Decorrelation,-0.2977007533941594
2023-01-10,10. Max Decorrelation,-0.29240737489023777
2023-01-11,10. Max Decorrelation,-0.2774415729181902
2023-01-12,10. Max Decorrelation,-0.2749375554278377
2023-01-13,10. Max Decorrelation,-0.27068642942264776
2023-01-17,10. Max Decorrelation,-0.27001440337158844
2023-01-18,10. Max Decorrelation,-0.28116810978812595
2023-01-19,10. Max Decorrelation,-0.28371284305631417
2023-01-20,10. Max Decorrelation,-0.2619247749779507
2023-01-23,10. Max Decorrelation,-0.24851372620968865
2023-01-24,10. Max Decorrelation,-0.25060987585985256
2023-01-25,10. Max Decorrelation,-0.2526242341583104
2023-01-26,10. Max Decorrelation,-0.22848779241816503
2023-01-27,10. Max Decorrelation,-0.20884963557990985
2023-01-30,10. Max Decorrelation,-0.2300447524927361
2023-01-31,10. Max Decorrelation,-0.2135070895506008
2023-02-01,10. Max Decorrelation,-0.20073817325510604
2023-02-02,10. Max Decorrelation,-0.1701286252940396
2023-02-03,10. Max Decorrelation,-0.1844856056104626
2023-02-06,10. Max Decorrelation,-0.18614167129303216
2023-02-07,10. Max Decorrelation,-0.17396159048192705
2023-02-08,10. Max Decorrelation,-0.18594296882488798
2023-02-09,10. Max Decorrelation,-0.19057317443704436
2023-02-10,10. Max Decorrelation,-0.19595389369003344
2023-02-13,10. Max Decorrelation,-0.19282470409724517
2023-02-14,10. Max Decorrelation,-0.18196256491151597
2023-02-15,10. Max Decorrelation,-0.17474968451857156
2023-02-16,10. Max Decorrelation,-0.19560638268761152
2023-02-17,10. Max Decorrelation,-0.19470394695083476
2023-02-21,10. Max Decorrelation,-0.21236493092183836
2023-02-22,10. Max Decorrelation,-0.21180158273758865
2023-02-23,10. Max Decorrelation,-0.21242298522897934
2023-02-24,10. Max Decorrelation,-0.2238607171608052
2023-02-27,10. Max Decorrelation,-0.21486188329928657
2023-02-28,10. Max Decorrelation,-0.2150030385521728
2023-03-01,10. Max Decorrelation,-0.22037696418271696
2023-03-02,10. Max Decorrelation,-0.22323218670065098
2023-03-03,10. Max Decorrelation,-0.20716729989261298
2023-03-06,10. Max Decorrelation,-0.20782652659018452
2023-03-07,10. Max Decorrelation,-0.21976485470780965
2023-03-08,10. Max Decorrelation,-0.22521940368926324
2023-03-09,10. Max Decorrelation,-0.2405385616115422
2023-03-10,10. Max Decorrelation,-0.246741066415351
2023-03-13,10. Max Decorrelation,-0.24292669148198684
2023-03-14,10. Max Decorrelation,-0.2256539682904809
2023-03-15,10. Max Decorrelation,-0.22585338915914036
2023-03-16,10. Max Decorrelation,-0.21218181767463362
2023-03-17,10. Max Decorrelation,-0.2187992416889267
2023-03-20,10. Max Decorrelation,-0.2120396468060004
2023-03-21,10. Max Decorrelation,-0.18881243098254735
2023-03-22,10. Max Decorrelation,-0.20390758544124793
2023-03-23,10. Max Decorrelation,-0.19790914245440178
2023-03-24,10. Max Decorrelation,-0.19643978542010024
2023-03-27,10. Max Decorrelation,-0.19681470169045268
2023-03-28,10. Max Decorrelation,-0.20145558519635928
2023-03-29,10. Max Decorrelation,-0.18915461329678848
2023-03-30,10. Max Decorrelation,-0.18399896910508914
2023-03-31,10. Max Decorrelation,-0.1670271207328724
2023-04-03,10. Max Decorrelation,-0.16427915101370102
2023-04-04,10. Max Decorrelation,-0.16497377751780617
2023-04-05,10. Max Decorrelation,-0.16691641578951583
2023-04-06,10. Max Decorrelation,-0.1615607725295444
2023-04-10,10. Max Decorrelation,-0.16592535421133583
2023-04-11,10. Max Decorrelation,-0.16818888894399298
2023-04-12,10. Max Decorrelation,-0.17702897538317627
2023-04-13,10. Max Decorrelation,-0.16005683774066423
2023-04-14,10. Max Decorrelation,-0.1597004235900342
2023-04-17,10. Max Decorrelation,-0.16435130120938451
2023-04-18,10. Max Decorrelation,-0.16812216081762102
2023-04-19,10. Max Decorrelation,-0.17007774167551293
2023-04-20,10. Max Decorrelation,-0.1814763038083442
2023-04-21,10. Max Decorrelation,-0.17339176759959934
2023-04-24,10. Max Decorrelation,-0.17181629227777181
2023-04-25,10. Max Decorrelation,-0.18489153523132523
2023-04-26,10. Max Decorrelation,-0.19017696657063954
2023-04-27,10. Max Decorrelation,-0.16482395632271005
2023-04-28,10. Max Decorrelation,-0.16497365946819412
2023-05-01,10. Max Decorrelation,-0.17420309075977988
2023-05-02,10. Max Decorrelation,-0.18183395908962927
2023-05-03,10. Max Decorrelation,-0.18628259651658022
2023-05-04,10. Max Decorrelation,-0.18999477564248138
2023-05-05,10. Max Decorrelation,-0.17496525966569484
2023-05-08,10. Max Decorrelation,-0.16948127032956267
2023-05-09,10. Max Decorrelation,-0.17228478037798445
2023-05-10,10. Max Decorrelation,-0.16460531722418104
2023-05-11,10. Max Decorrelation,-0.15518683032726546
2023-05-12,10. Max Decorrelation,-0.16033314018580203
2023-05-15,10. Max Decorrelation,-0.1628370719604931
2023-05-16,10. Max Decorrelation,-0.16056899351464665
2023-05-17,10. Max Decorrelation,-0.14726959449134902
2023-05-18,10. Max Decorrelation,-0.1369040138918528
2023-05-19,10. Max Decorrelation,-0.13646196714986558
2023-05-22,10. Max Decorrelation,-0.12877390338913677
2023-05-23,10. Max Decorrelation,-0.13303150034704117
2023-05-24,10. Max Decorrelation,-0.13549152954142366
2023-05-25,10. Max Decorrelation,-0.13728230619772155
2023-05-26,10. Max Decorrelation,-0.12072152447078588
2023-05-30,10. Max Decorrelation,-0.11547484498559778
2023-05-31,10. Max Decorrelation,-0.1152851417110116
2023-06-01,10. Max Decorrelation,-0.10472622146784948
2023-06-02,10. Max Decorrelation,-0.09054613771077806
2023-06-05,10. Max Decorrelation,-0.08394644014824319
2023-06-06,10. Max Decorrelation,-0.07737292473318368
2023-06-07,10. Max Decorrelation,-0.08540356836580332
2023-06-08,10. Max Decorrelation,-0.07071950515207771
2023-06-09,10. Max Decorrelation,-0.06380956900334764
2023-06-12,10. Max Decorrelation,-0.05183397560292146
2023-06-13,10. Max Decorrelation,-0.0423327923979471
2023-06-14,10. Max Decorrelation,-0.04490017400574199
2023-06-15,10. Max Decorrelation,-0.037892341069485865
2023-06-16,10. Max Decorrelation,-0.03926966101314779
2023-06-20,10. Max Decorrelation,-0.031317401905812635
2023-06-21,10. Max Decorrelation,-0.04813871133885586
2023-06-22,10. Max Decorrelation,-0.03232438801164673
2023-06-23,10. Max Decorrelation,-0.04256703750089516
2023-06-26,10. Max Decorrelation,-0.06638628368932573
2023-06-27,10. Max Decorrelation,-0.05446657723223379
2023-06-28,10. Max Decorrelation,-0.04633067666099252
2023-06-29,10. Max Decorrelation,-0.047949005629287084
2023-06-30,10. Max Decorrelation,-0.048452648336402226
2023-07-03,10. Max Decorrelation,-0.035746375732305956
2023-07-05,10. Max Decorrelation,-0.030592971111103248
2023-07-06,10. Max Decorrelation,-0.04704774171510626
2023-07-07,10. Max Decorrelation,-0.05362758902678618
2023-07-10,10. Max Decorrelation,-0.05656669077909975
2023-07-11,10. Max Decorrelation,-0.052049805745813166
2023-07-12,10. Max Decorrelation,-0.04175945908374536
2023-07-13,10. Max Decorrelation,-0.02979971684952164
2023-07-14,10. Max Decorrelation,-0.03219369248566582
2023-07-17,10. Max Decorrelation,-0.02662670761599592
2023-07-18,10. Max Decorrelation,-0.024053720092145396
2023-07-19,10. Max Decorrelation,-0.024812750249903228
2023-07-20,10. Max Decorrelation,-0.04527706763702314
2023-07-21,10. Max Decorrelation,-0.04546540899721434
2023-07-24,10. Max Decorrelation,-0.03397240057531388
2023-07-25,10. Max Decorrelation,-0.03361842564699977
2023-07-26,10. Max Decorrelation,-0.02401042230250203
2023-07-27,10. Max Decorrelation,-0.02765863253630536
2023-07-28,10. Max Decorrelation,-0.009769672114889631
2023-07-31,10. Max Decorrelation,-0.010160235927673213
2023-08-01,10. Max Decorrelation,-0.015257349050617897
2023-08-02,10. Max Decorrelation,-0.03005243696596019
2023-08-03,10. Max Decorrelation,-0.02276026583257321
2023-08-04,10. Max Decorrelation,-0.029845342093527235
2023-08-07,10. Max Decorrelation,-0.021788466253100384
2023-08-08,10. Max Decorrelation,-0.025023430331120602
2023-08-09,10. Max Decorrelation,-0.03419277024675258
2023-08-10,10. Max Decorrelation,-0.032400352828849746
2023-08-11,10. Max Decorrelation,-0.033103383299316794
2023-08-14,10. Max Decorrelation,-0.030024642333479398
2023-08-15,10. Max Decorrelation,-0.04645966294841338
2023-08-16,10. Max Decorrelation,-0.06083844743532107
2023-08-17,10. Max Decorrelation,-0.06565037382672635
2023-08-18,10. Max Decorrelation,-0.06601812988103171
2023-08-21,10. Max Decorrelation,-0.05083773424361622
2023-08-22,10. Max Decorrelation,-0.05471568948638013
2023-08-23,10. Max Decorrelation,-0.04796769464337334
2023-08-24,10. Max Decorrelation,-0.06035395729488943
2023-08-25,10. Max Decorrelation,-0.04988014239108427
2023-08-28,10. Max Decorrelation,-0.04600136853151526
2023-08-29,10. Max Decorrelation,-0.023089062744667637
2023-08-30,10. Max Decorrelation,-0.02206897237776434
2023-08-31,10. Max Decorrelation,-0.02229419370779554
2023-09-01,10. Max Decorrelation,-0.028053406561680837
2023-09-05,10. Max Decorrelation,-0.02073351524636208
2023-09-06,10. Max Decorrelation,-0.03014373970805507
2023-09-07,10. Max Decorrelation,-0.030073545816873673
2023-09-08,10. Max Decorrelation,-0.030446857603048324
2023-09-11,10. Max Decorrelation,-0.011707742370011051
2023-09-12,10. Max Decorrelation,-0.013331062025675485
2023-09-13,10. Max Decorrelation,-0.011103543184900299
2023-09-14,10. Max Decorrelation,-0.001789799756234324
2023-09-15,10. Max Decorrelation,-0.017718574819342896
2023-09-18,10. Max Decorrelation,-0.02106724158430743
2023-09-19,10. Max Decorrelation,-0.020087187321854567
2023-09-20,10. Max Decorrelation,-0.0295923977479579
2023-09-21,10. Max Decorrelation,-0.04524755578853197
2023-09-22,10. Max Decorrelation,-0.05067991505630021
2023-09-25,10. Max Decorrelation,-0.044450222921876587
2023-09-26,10. Max Decorrelation,-0.05110753231370607
2023-09-27,10. Max Decorrelation,-0.05033072176353678
2023-09-28,10. Max Decorrelation,-0.04428520556961524
2023-09-29,10. Max Decorrelation,-0.04585419323690451
2023-10-02,10. Max Decorrelation,-0.041475847964706804
2023-10-03,10. Max Decorrelation,-0.04987243403942495
2023-10-04,10. Max Decorrelation,-0.04520000286927769
2023-10-05,10. Max Decorrelation,-0.048956295387866305
2023-10-06,10. Max Decorrelation,-0.045557042714776556
2023-10-09,10. Max Decorrelation,-0.03866359526983487
2023-10-10,10. Max Decorrelation,-0.03438623563169272
2023-10-11,10. Max Decorrelation,-0.0398416494262777
2023-10-12,10. Max Decorrelation,-0.043915628426017476
2023-10-13,10. Max Decorrelation,-0.051082849727414115
2023-10-16,10. Max Decorrelation,-0.04020440430318974
2023-10-17,10. Max Decorrelation,-0.04322097919876399
2023-10-18,10. Max Decorrelation,-0.06061575043448859
2023-10-19,10. Max Decorrelation,-0.07378639342984433
2023-10-20,10. Max Decorrelation,-0.0867686068309214
2023-10-23,10. Max Decorrelation,-0.0835265386265769
2023-10-24,10. Max Decorrelation,-0.08085454587501052
2023-10-25,10. Max Decorrelation,-0.09165900376932572
2023-10-26,10. Max Decorrelation,-0.10810629891358929
2023-10-27,10. Max Decorrelation,-0.11402709928229425
2023-10-30,10. Max Decorrelation,-0.11051108965678251
2023-10-31,10. Max Decorrelation,-0.11083219684961955
2023-11-01,10. Max Decorrelation,-0.10026108186392937
2023-11-02,10. Max Decorrelation,-0.0813715186356442
2023-11-03,10. Max Decorrelation,-0.07535117202732834
2023-11-06,10. Max Decorrelation,-0.07572440541934206
2023-11-07,10. Max Decorrelation,-0.07492948795103038
2023-11-08,10. Max Decorrelation,-0.07790985906471903
2023-11-09,10. Max Decorrelation,-0.091174758619953
2023-11-10,10. Max Decorrelation,-0.07945009194591994
2023-11-13,10. Max Decorrelation,-0.07252482524805677
2023-11-14,10. Max Decorrelation,-0.05915909108075411
2023-11-15,10. Max Decorrelation,-0.053227384357592104
2023-11-16,10. Max Decorrelation,-0.06259691414804987
2023-11-17,10. Max Decorrelation,-0.058685267401773836
2023-11-20,10. Max Decorrelation,-0.053860832895518206
2023-11-21,10. Max Decorrelation,-0.05041838227330461
2023-11-22,10. Max Decorrelation,-0.05520520254448118
2023-11-24,10. Max Decorrelation,-0.05308100516729394
2023-11-27,10. Max Decorrelation,-0.05521201649237178
2023-11-28,10. Max Decorrelation,-0.048890466188045746
2023-11-29,10. Max Decorrelation,-0.05401727567966979
2023-11-30,10. Max Decorrelation,-0.05568844017603541
2023-12-01,10. Max Decorrelation,-0.0600174930345197
2023-12-04,10. Max Decorrelation,-0.06754685263886523
2023-12-05,10. Max Decorrelation,-0.06894242929057952
2023-12-06,10. Max Decorrelation,-0.07800522059693299
2023-12-07,10. Max Decorrelation,-0.0736437192848217
2023-12-08,10. Max Decorrelation,-0.0692972434496804
2023-12-11,10. Max Decorrelation,-0.0734940634887424
2023-12-12,10. Max Decorrelation,-0.07282350790656512
2023-12-13,10. Max Decorrelation,-0.06884107268738247
2023-12-14,10. Max Decorrelation,-0.06283202458166046
2023-12-15,10. Max Decorrelation,-0.06006041959178657
2023-12-18,10. Max Decorrelation,-0.04865621392540256
2023-12-19,10. Max Decorrelation,-0.03743242011494143
2023-12-20,10. Max Decorrelation,-0.057054889723906765
2023-12-21,10. Max Decorrelation,-0.04432699096372558
2023-12-22,10. Max Decorrelation,-0.04468163842536559
2023-12-26,10. Max Decorrelation,-0.03904054540585096
2023-12-27,10. Max Decorrelation,-0.03450066568942004
2023-12-28,10. Max Decorrelation,-0.0412239821597211
2023-12-29,10. Max Decorrelation,-0.041591053610215444
2024-01-02,10. Max Decorrelation,-0.03737946226319168
2024-01-03,10. Max Decorrelation,-0.04021825387744673
2024-01-04,10. Max Decorrelation,-0.04396721362073205
2024-01-05,10. Max Decorrelation,-0.039042782591153916
2024-01-08,10. Max Decorrelation,-0.02623689358030594
2024-01-09,10. Max Decorrelation,-0.02746158028376873
2024-01-10,10. Max Decorrelation,-0.024424928269451238
2024-01-11,10. Max Decorrelation,-0.025675208226059596
2024-01-12,10. Max Decorrelation,-0.022786472665313515
2024-01-16,10. Max Decorrelation,-0.02790944832823101
2024-01-17,10. Max Decorrelation,-0.032838746884068216
2024-01-18,10. Max Decorrelation,-0.02856235573113274
2024-01-19,10. Max Decorrelation,-0.019670240295788094
2024-01-22,10. Max Decorrelation,-0.019654810591498744
2024-01-23,10. Max Decorrelation,-0.012651436287929885
2024-01-24,10. Max Decorrelation,-0.0005085982396466331
2024-01-25,10. Max Decorrelation,0.0
2024-01-26,10. Max Decorrelation,0.0
2024-01-29,10. Max Decorrelation,0.0
2024-01-30,10. Max Decorrelation,0.0
2024-01-31,10. Max Decorrelation,-0.012425914601531463
2024-02-01,10. Max Decorrelation,-0.002665446949642279
2024-02-02,10. Max Decorrelation,0.0
2024-02-05,10. Max Decorrelation,0.0
2024-02-06,10. Max Decorrelation,0.0
2024-02-07,10. Max Decorrelation,0.0
2024-02-08,10. Max Decorrelation,0.0
2024-02-09,10. Max Decorrelation,0.0
2024-02-12,10. Max Decorrelation,0.0
2024-02-13,10. Max Decorrelation,-0.011689098811016622
2024-02-14,10. Max Decorrelation,-0.0011297459531029175
2024-02-15,10. Max Decorrelation,0.0
2024-02-16,10. Max Decorrelation,-0.0033549690531484715
2024-02-20,10. Max Decorrelation,-0.013192392716634829
2024-02-21,10. Max Decorrelation,-0.01333571909303744
2024-02-22,10. Max Decorrelation,0.0
2024-02-23,10. Max Decorrelation,-0.0010723098658335004
2024-02-26,10. Max Decorrelation,-0.03162014434946433
2024-02-27,10. Max Decorrelation,-0.03193747317545371
2024-02-28,10. Max Decorrelation,-0.03365203935399975
2024-02-29,10. Max Decorrelation,-0.03409175480117271
2024-03-01,10. Max Decorrelation,-0.02289747363216914
2024-03-04,10. Max Decorrelation,-0.02632792824497984
2024-03-05,10. Max Decorrelation,-0.02781597491428018
2024-03-06,10. Max Decorrelation,-0.020359498563428086
2024-03-07,10. Max Decorrelation,-0.010510935527246544
2024-03-08,10. Max Decorrelation,-0.019457769663568433
2024-03-11,10. Max Decorrelation,-0.015433757366089982
2024-03-12,10. Max Decorrelation,-0.0006910211560438509
2024-03-13,10. Max Decorrelation,-0.004259974475181838
2024-03-14,10. Max Decorrelation,-0.011955440086207476
2024-03-15,10. Max Decorrelation,-0.016659770237721732
2024-03-18,10. Max Decorrelation,-0.008563814814473835
2024-03-19,10. Max Decorrelation,-0.006182335561742531
2024-03-20,10. Max Decorrelation,0.0
2024-03-21,10. Max Decorrelation,0.0
2024-03-22,10. Max Decorrelation,0.0
2024-03-25,10. Max Decorrelation,0.0
2024-03-26,10. Max Decorrelation,-0.002650954252974216
2024-03-27,10. Max Decorrelation,-0.002042662923601786
2024-03-28,10. Max Decorrelation,-0.0034741768024784967
2024-04-01,10. Max Decorrelation,-0.0037608934038301403
2024-04-02,10. Max Decorrelation,-0.007578541605195891
2024-04-03,10. Max Decorrelation,-0.011763034020126144
2024-04-04,10. Max Decorrelation,-0.021748042764065882
2024-04-05,10. Max Decorrelation,-0.012231749238527925
2024-04-08,10. Max Decorrelation,-0.014853738521199953
2024-04-09,10. Max Decorrelation,-0.015232281606354078
2024-04-10,10. Max Decorrelation,-0.013979389335807536
2024-04-11,10. Max Decorrelation,-0.007915660823733881
2024-04-12,10. Max Decorrelation,-0.021257286304052672
2024-04-15,10. Max Decorrelation,-0.03318544246259967
2024-04-16,10. Max Decorrelation,-0.03444511285306403
2024-04-17,10. Max Decorrelation,-0.04272813701921438
2024-04-18,10. Max Decorrelation,-0.04430479230180034
2024-04-19,10. Max Decorrelation,-0.06246388170724068
2024-04-22,10. Max Decorrelation,-0.05307678650499306
2024-04-23,10. Max Decorrelation,-0.04298437982438309
2024-04-24,10. Max Decorrelation,-0.04300051112646488
2024-04-25,10. Max Decorrelation,-0.039884285054665805
2024-04-26,10. Max Decorrelation,-0.03589686169275509
2024-04-29,10. Max Decorrelation,-0.023788903759219132
2024-04-30,10. Max Decorrelation,-0.03746144710220747
2024-05-01,10. Max Decorrelation,-0.03845124417326324
2024-05-02,10. Max Decorrelation,-0.02655661049384313
2024-05-03,10. Max Decorrelation,-0.017592534273170837
2024-05-06,10. Max Decorrelation,-0.0041183192930224
2024-05-07,10. Max Decorrelation,-0.012299483132374176
2024-05-08,10. Max Decorrelation,-0.012523030116686708
2024-05-09,10. Max Decorrelation,-0.011498426213988519
2024-05-10,10. Max Decorrelation,-0.011538171005266789
2024-05-13,10. Max Decorrelation,-0.007635536388755958
2024-05-14,10. Max Decorrelation,-0.00630703344739346
2024-05-15,10. Max Decorrelation,0.0
2024-05-16,10. Max Decorrelation,0.0
2024-05-17,10. Max Decorrelation,0.0
2024-05-20,10. Max Decorrelation,-6.532415053974915e-05
2024-05-21,10. Max Decorrelation,0.0
2024-05-22,10. Max Decorrelation,-0.002692687429172776
2024-05-23,10. Max Decorrelation,-0.0019433467630354565
2024-05-24,10. Max Decorrelation,0.0
2024-05-28,10. Max Decorrelation,0.0
2024-05-29,10. Max Decorrelation,-0.002632525686719794
2024-05-30,10. Max Decorrelation,-0.0077938012554518345
2024-05-31,10. Max Decorrelation,-0.008068687159162818
2024-06-03,10. Max Decorrelation,-0.003827617322378741
2024-06-04,10. Max Decorrelation,-0.001327300511308589
2024-06-05,10. Max Decorrelation,0.0
2024-06-06,10. Max Decorrelation,0.0
2024-06-07,10. Max Decorrelation,-0.005744786209151237
2024-06-10,10. Max Decorrelation,-0.13464613681966767
2024-06-11,10. Max Decorrelation,-0.13810944740280012
2024-06-12,10. Max Decorrelation,-0.13928371859918712
2024-06-13,10. Max Decorrelation,-0.1365567181240904
2024-06-14,10. Max Decorrelation,-0.13724644365795008
2024-06-17,10. Max Decorrelation,-0.1310772311227622
2024-06-18,10. Max Decorrelation,-0.1287621505564457
2024-06-20,10. Max Decorrelation,-0.12607829846728444
2024-06-21,10. Max Decorrelation,-0.1252078196197801
2024-06-24,10. Max Decorrelation,-0.12027111148258421
2024-06-25,10. Max Decorrelation,-0.1202979730619094
2024-06-26,10. Max Decorrelation,-0.11427894333076766
2024-06-27,10. Max Decorrelation,-0.11294938211967534
2024-06-28,10. Max Decorrelation,-0.11325428981859972
2024-07-01,10. Max Decorrelation,-0.10923637540522557
2024-07-02,10. Max Decorrelation,-0.10082705708499039
2024-07-03,10. Max Decorrelation,-0.08844970564144922
2024-07-05,10. Max Decorrelation,-0.08029876844749906
2024-07-08,10. Max Decorrelation,-0.0818998786599593
2024-07-09,10. Max Decorrelation,-0.0757888906886107
2024-07-10,10. Max Decorrelation,-0.06705636897452608
2024-07-11,10. Max Decorrelation,-0.08900919217402353
2024-07-12,10. Max Decorrelation,-0.08579244100592195
2024-07-15,10. Max Decorrelation,-0.08260295495760821
2024-07-16,10. Max Decorrelation,-0.07817464402095507
2024-07-17,10. Max Decorrelation,-0.08615317006605876
2024-07-18,10. Max Decorrelation,-0.08419410813043883
2024-07-19,10. Max Decorrelation,-0.09573596608779233
2024-07-22,10. Max Decorrelation,-0.08566517683593206
2024-07-23,10. Max Decorrelation,-0.09437757121836295
2024-07-24,10. Max Decorrelation,-0.11506789319977138
2024-07-25,10. Max Decorrelation,-0.1136996999150224
2024-07-26,10. Max Decorrelation,-0.10892582678741311
2024-07-29,10. Max Decorrelation,-0.10681867175782066
2024-07-30,10. Max Decorrelation,-0.116259281085183
2024-07-31,10. Max Decorrelation,-0.10238655625213344
2024-08-01,10. Max Decorrelation,-0.10968909593757066
2024-08-02,10. Max Decorrelation,-0.11883672938402284
2024-08-05,10. Max Decorrelation,-0.14247629750063062
2024-08-06,10. Max Decorrelation,-0.1358402624879975
2024-08-07,10. Max Decorrelation,-0.14740726534214962
2024-08-08,10. Max Decorrelation,-0.12904455196291953
2024-08-09,10. Max Decorrelation,-0.12569411464144725
2024-08-12,10. Max Decorrelation,-0.12426257771942024
2024-08-13,10. Max Decorrelation,-0.11176890780948365
2024-08-14,10. Max Decorrelation,-0.1080930977047895
2024-08-15,10. Max Decorrelation,-0.08817886424250317
2024-08-16,10. Max Decorrelation,-0.08542161748287476
2024-08-19,10. Max Decorrelation,-0.07250084556134972
2024-08-20,10. Max Decorrelation,-0.07602280475356675
2024-08-21,10. Max Decorrelation,-0.07097802976365797
2024-08-22,10. Max Decorrelation,-0.08141981159899069
2024-08-23,10. Max Decorrelation,-0.06927656899201291
2024-08-26,10. Max Decorrelation,-0.07080652891367645
2024-08-27,10. Max Decorrelation,-0.073166374517922
2024-08-28,10. Max Decorrelation,-0.08064323051678644
2024-08-29,10. Max Decorrelation,-0.08381870778617778
2024-08-30,10. Max Decorrelation,-0.08398117781211112
2024-09-03,10. Max Decorrelation,-0.10403287797448191
2024-09-04,10. Max Decorrelation,-0.10204516628298282
2024-09-05,10. Max Decorrelation,-0.09886033027375078
2024-09-06,10. Max Decorrelation,-0.11683445553334364
2024-09-09,10. Max Decorrelation,-0.10281786030493292
2024-09-10,10. Max Decorrelation,-0.09737558775451267
2024-09-11,10. Max Decorrelation,-0.09067362338839165
2024-09-12,10. Max Decorrelation,-0.08329667545665298
2024-09-13,10. Max Decorrelation,-0.0784308392247407
2024-09-16,10. Max Decorrelation,-0.07439800118105695
2024-09-17,10. Max Decorrelation,-0.07515984297137357
2024-09-18,10. Max Decorrelation,-0.07922552473274029
2024-09-19,10. Max Decorrelation,-0.06576845622107648
2024-09-20,10. Max Decorrelation,-0.06785579538045675
2024-09-23,10. Max Decorrelation,-0.06029573248400181
2024-09-24,10. Max Decorrelation,-0.051359564454954765
2024-09-25,10. Max Decorrelation,-0.05123263501224955
2024-09-26,10. Max Decorrelation,-0.054840570172212846
2024-09-27,10. Max Decorrelation,-0.05164161845282348
2024-09-30,10. Max Decorrelation,-0.047089616258819765
2024-10-01,10. Max Decorrelation,-0.05183065988654355
2024-10-02,10. Max Decorrelation,-0.05417686224918059
2024-10-03,10. Max Decorrelation,-0.0542988954517019
2024-10-04,10. Max Decorrelation,-0.04194141020159277
2024-10-07,10. Max Decorrelation,-0.0512761935918679
2024-10-08,10. Max Decorrelation,-0.042313805954289165
2024-10-09,10. Max Decorrelation,-0.038079893732253796
2024-10-10,10. Max Decorrelation,-0.040574140349590476
2024-10-11,10. Max Decorrelation,-0.0453040374266043
2024-10-14,10. Max Decorrelation,-0.0402512175806524
2024-10-15,10. Max Decorrelation,-0.04695088613390646
2024-10-16,10. Max Decorrelation,-0.04268058619345446
2024-10-17,10. Max Decorrelation,-0.04571939112101246
2024-10-18,10. Max Decorrelation,-0.03458246102024617
2024-10-21,10. Max Decorrelation,-0.03321246760968974
2024-10-22,10. Max Decorrelation,-0.0314668774709081
2024-10-23,10. Max Decorrelation,-0.04014130400447118
2024-10-24,10. Max Decorrelation,-0.023621212684355655
2024-10-25,10. Max Decorrelation,-0.022011882565117845
2024-10-28,10. Max Decorrelation,-0.02263351122558471
2024-10-29,10. Max Decorrelation,-0.02577191503551788
2024-10-30,10. Max Decorrelation,-0.031004163000139327
2024-10-31,10. Max Decorrelation,-0.04325727886717761
2024-11-01,10. Max Decorrelation,-0.043477227667400996
2024-11-04,10. Max Decorrelation,-0.044105164234539904
2024-11-05,10. Max Decorrelation,-0.030746865024632166
2024-11-06,10. Max Decorrelation,-0.0110802891915377
2024-11-07,10. Max Decorrelation,0.0
2024-11-08,10. Max Decorrelation,0.0
2024-11-11,10. Max Decorrelation,0.0
2024-11-12,10. Max Decorrelation,-0.003478387936467624
2024-11-13,10. Max Decorrelation,0.0
2024-11-14,10. Max Decorrelation,-0.005876457662767325
2024-11-15,10. Max Decorrelation,-0.00958538109005148
2024-11-18,10. Max Decorrelation,-0.0005744438224100536
2024-11-19,10. Max Decorrelation,0.0
2024-11-20,10. Max Decorrelation,0.0
2024-11-21,10. Max Decorrelation,0.0
2024-11-22,10. Max Decorrelation,0.0
2024-11-25,10. Max Decorrelation,-0.013028689657882543
2024-11-26,10. Max Decorrelation,-0.010256207343578452
2024-11-27,10. Max Decorrelation,-0.011187006778366966
2024-11-29,10. Max Decorrelation,-0.0007175076196603942
2024-12-02,10. Max Decorrelation,0.0
2024-12-03,10. Max Decorrelation,-0.000537295984169751
2024-12-04,10. Max Decorrelation,0.0
2024-12-05,10. Max Decorrelation,0.0
2024-12-06,10. Max Decorrelation,0.0
2024-12-09,10. Max Decorrelation,-0.01148106645520766
2024-12-10,10. Max Decorrelation,-0.009285022785798454
2024-12-11,10. Max Decorrelation,0.0
2024-12-12,10. Max Decorrelation,-0.006448481499198081
2024-12-13,10. Max Decorrelation,-0.006054802646148816
2024-12-16,10. Max Decorrelation,-0.0014287609473057567
2024-12-17,10. Max Decorrelation,0.0
2024-12-18,10. Max Decorrelation,-0.029757004805669115
2024-12-19,10. Max Decorrelation,-0.03023487679778693
2024-12-20,10. Max Decorrelation,-0.03128109932463475
2024-12-23,10. Max Decorrelation,-0.022778206577583292
2024-12-24,10. Max Decorrelation,-0.0030904460100043456
2024-12-26,10. Max Decorrelation,-0.007327846640030282
2024-12-27,10. Max Decorrelation,-0.022910193663999778
2024-12-30,10. Max Decorrelation,-0.0345756438745114
2024-12-31,10. Max Decorrelation,-0.03488707132574679
2025-01-02,10. Max Decorrelation,-0.03786097672950411
2025-01-03,10. Max Decorrelation,-0.023873381590268694
2025-01-06,10. Max Decorrelation,-0.01761982070450223
2025-01-07,10. Max Decorrelation,-0.02880108234605157
2025-01-08,10. Max Decorrelation,-0.03391638448982713
2025-01-10,10. Max Decorrelation,-0.0436987317686818
2025-01-13,10. Max Decorrelation,-0.042624490058413414
2025-01-14,10. Max Decorrelation,-0.04809742518630804
2025-01-15,10. Max Decorrelation,-0.02909197722474118
2025-01-16,10. Max Decorrelation,-0.03515595148168193
2025-01-17,10. Max Decorrelation,-0.024557041614576273
2025-01-21,10. Max Decorrelation,-0.01750876421107477
2025-01-22,10. Max Decorrelation,-0.00953495807418531
2025-01-23,10. Max Decorrelation,-0.000988970331648722
2025-01-24,10. Max Decorrelation,-0.0066859086045973955
2025-01-27,10. Max Decorrelation,-0.015957611388154675
2025-01-28,10. Max Decorrelation,-0.010337906959048931
2025-01-29,10. Max Decorrelation,-0.014478871560528316
2025-01-30,10. Max Decorrelation,-0.004451694735017436
2025-01-31,10. Max Decorrelation,-0.012376410432211517
2025-02-03,10. Max Decorrelation,-0.016696808152474138
2025-02-04,10. Max Decorrelation,-0.006102835201792621
2025-02-05,10. Max Decorrelation,-0.0026624406563003585
2025-02-06,10. Max Decorrelation,0.0
2025-02-07,10. Max Decorrelation,-0.006663935206539806
2025-02-10,10. Max Decorrelation,-0.0001969899699733339
2025-02-11,10. Max Decorrelation,-0.0030522566597588653
2025-02-12,10. Max Decorrelation,-0.004126022707954911
2025-02-13,10. Max Decorrelation,0.0
2025-02-14,10. Max Decorrelation,-0.0017237439915499567
2025-02-18,10. Max Decorrelation,-0.0038278488087787124
2025-02-19,10. Max Decorrelation,0.0
2025-02-20,10. Max Decorrelation,-0.008084259585238876
2025-02-21,10. Max Decorrelation,-0.021069323735396866
2025-02-24,10. Max Decorrelation,-0.02696008304923205
2025-02-25,10. Max Decorrelation,-0.032830331834300765
2025-02-26,10. Max Decorrelation,-0.03392637867572703
2025-02-27,10. Max Decorrelation,-0.04946663887415109
2025-02-28,10. Max Decorrelation,-0.03196555074536311
2025-03-03,10. Max Decorrelation,-0.04942815096060527
2025-03-04,10. Max Decorrelation,-0.06185631889666373
2025-03-05,10. Max Decorrelation,-0.05500172604265088
2025-03-06,10. Max Decorrelation,-0.07485051581448052
2025-03-07,10. Max Decorrelation,-0.07334154297185001
2025-03-10,10. Max Decorrelation,-0.09727329632837305
2025-03-11,10. Max Decorrelation,-0.10289028815436585
2025-03-12,10. Max Decorrelation,-0.0973023033660494
2025-03-13,10. Max Decorrelation,-0.1089991511397769
2025-03-14,10. Max Decorrelation,-0.09171086048672465
2025-03-17,10. Max Decorrelation,-0.08782310446028493
2025-03-18,10. Max Decorrelation,-0.10136134849028251
2025-03-19,10. Max Decorrelation,-0.09129020536564088
2025-03-20,10. Max Decorrelation,-0.09248277372869321
2025-03-21,10. Max Decorrelation,-0.0883895898352582
2025-03-24,10. Max Decorrelation,-0.07254760369238432
2025-03-25,10. Max Decorrelation,-0.0731821130352855
2025-03-26,10. Max Decorrelation,-0.08351265292686025
2025-03-27,10. Max Decorrelation,-0.08439874189702212
2025-03-28,10. Max Decorrelation,-0.09866008588810928
2025-03-31,10. Max Decorrelation,-0.09898097571100493
2025-04-01,10. Max Decorrelation,-0.10118188807335256
2025-04-02,10. Max Decorrelation,-0.09612503628023422
2025-04-03,10. Max Decorrelation,-0.1262694257522413
2025-04-04,10. Max Decorrelation,-0.17790445454645645
2025-04-07,10. Max Decorrelation,-0.17935505669805443
2025-04-08,10. Max Decorrelation,-0.19219948583547947
2025-04-09,10. Max Decorrelation,-0.11887595435056947
2025-04-10,10. Max Decorrelation,-0.15008893176236557
2025-04-11,10. Max Decorrelation,-0.13455165552332504
2025-04-14,10. Max Decorrelation,-0.12879273592256396
2025-04-15,10. Max Decorrelation,-0.1272672254873679
2025-04-16,10. Max Decorrelation,-0.14814064938129737
2025-04-17,10. Max Decorrelation,-0.14230425343381287
2025-04-21,10. Max Decorrelation,-0.1602858896155469
2025-04-22,10. Max Decorrelation,-0.1400329395526007
2025-04-23,10. Max Decorrelation,-0.13118562924167407
2025-04-24,10. Max Decorrelation,-0.11896832331089183
2025-04-25,10. Max Decorrelation,-0.1033981184474912
2025-04-28,10. Max Decorrelation,-0.1049047798529291
2025-04-29,10. Max Decorrelation,-0.09901812418061505
2025-04-30,10. Max Decorrelation,-0.0994595299944835
2025-05-01,10. Max Decorrelation,-0.09718576015351277
2025-05-02,10. Max Decorrelation,-0.08326242082490001
2025-05-05,10. Max Decorrelation,-0.09146590615158998
2025-05-06,10. Max Decorrelation,-0.09405037062295113
2025-05-07,10. Max Decorrelation,-0.08897239541923162
2025-05-08,10. Max Decorrelation,-0.08717499294282545
2025-05-09,10. Max Decorrelation,-0.08964748278119448
2025-05-12,10. Max Decorrelation,-0.06552677115458094
2025-05-13,10. Max Decorrelation,-0.05607800562250425
2025-05-14,10. Max Decorrelation,-0.043467272717145476
2025-05-15,10. Max Decorrelation,-0.03642923735207044
2025-05-16,10. Max Decorrelation,-0.02912578330855333
2025-05-19,10. Max Decorrelation,-0.029155734688609075
2025-05-20,10. Max Decorrelation,-0.032117012415682024
2025-05-21,10. Max Decorrelation,-0.03760274224803649
2025-05-22,10. Max Decorrelation,-0.035698608099695675
2025-05-23,10. Max Decorrelation,-0.03968159224951497
2025-05-27,10. Max Decorrelation,-0.01988559790213053
2025-05-28,10. Max Decorrelation,-0.025839170184049687
2025-05-29,10. Max Decorrelation,-0.016902736430139155
2025-05-30,10. Max Decorrelation,-0.02158278317720821
2025-06-02,10. Max Decorrelation,-0.019136047180152844
2025-06-03,10. Max Decorrelation,-0.016247568656699476
2025-06-04,10. Max Decorrelation,-0.016518234193139192
2025-06-05,10. Max Decorrelation,-0.030954107888882657
2025-06-06,10. Max Decorrelation,-0.017665970745323903
2025-06-09,10. Max Decorrelation,-0.012467419811945827
2025-06-10,10. Max Decorrelation,-0.0017673657962812544
2025-06-11,10. Max Decorrelation,-0.0055135298140053055
2025-06-12,10. Max Decorrelation,-0.0017846879778399224
2025-06-13,10. Max Decorrelation,-0.008991264110112205
2025-06-16,10. Max Decorrelation,-0.0023785210352166657
2025-06-17,10. Max Decorrelation,-0.0121713107031591
2025-06-18,10. Max Decorrelation,-0.013963071013313899
2025-06-20,10. Max Decorrelation,-0.02090191643519656
2025-06-23,10. Max Decorrelation,-0.011612428614112456
2025-06-24,10. Max Decorrelation,-0.00421936565218802
2025-06-25,10. Max Decorrelation,0.0
2025-06-26,10. Max Decorrelation,0.0
2025-06-27,10. Max Decorrelation,0.0
2025-06-30,10. Max Decorrelation,-0.0003276194057834673
2025-07-01,10. Max Decorrelation,-0.002700090226656805
2025-07-02,10. Max Decorrelation,0.0
2025-07-03,10. Max Decorrelation,0.0
2025-07-07,10. Max Decorrelation,-0.010084079423586445
2025-07-08,10. Max Decorrelation,-0.009966673206905545
2025-07-09,10. Max Decorrelation,-0.005575277083625668
2025-07-10,10. Max Decorrelation,0.0
2025-07-11,10. Max Decorrelation,0.0
2025-07-14,10. Max Decorrelation,-0.0029302930553755093
2025-07-15,10. Max Decorrelation,0.0
2025-07-16,10. Max Decorrelation,0.0
2025-07-17,10. Max Decorrelation,0.0
2025-07-18,10. Max Decorrelation,-0.0037661338883701575
2025-07-21,10. Max Decorrelation,0.0
2025-07-22,10. Max Decorrelation,0.0
2025-07-23,10. Max Decorrelation,0.0
2025-07-24,10. Max Decorrelation,0.0
2025-07-25,10. Max Decorrelation,-0.00031062553700031826
2025-07-28,10. Max Decorrelation,0.0
2025-07-29,10. Max Decorrelation,0.0
2025-07-30,10. Max Decorrelation,0.0
2025-07-31,10. Max Decorrelation,-0.014304120467239235
2025-08-01,10. Max Decorrelation,-0.02005554736317746
2025-08-04,10. Max Decorrelation,-0.00315049906842193
2025-08-05,10. Max Decorrelation,-0.006426326561489776
2025-08-06,10. Max Decorrelation,0.0
2025-08-07,10. Max Decorrelation,0.0
2025-08-08,10. Max Decorrelation,0.0
2025-08-11,10. Max Decorrelation,0.0
2025-08-12,10. Max Decorrelation,0.0
2025-08-13,10. Max Decorrelation,-0.0006628104987255664
2025-08-14,10. Max Decorrelation,-0.00091767295616487
2025-08-15,10. Max Decorrelation,-0.00020512898891259025
2025-08-18,10. Max Decorrelation,0.0
2025-08-19,10. Max Decorrelation,-0.005588647322364491
2025-08-20,10. Max Decorrelation,-0.004614148425434626
2025-08-21,10. Max Decorrelation,-0.005667013691257463
2025-08-22,10. Max Decorrelation,0.0
2025-08-25,10. Max Decorrelation,0.0
2025-08-26,10. Max Decorrelation,-0.00011538661445772798
2025-08-27,10. Max Decorrelation,0.0
2025-08-28,10. Max Decorrelation,-0.0023970614540709916
2025-08-29,10. Max Decorrelation,-0.007164587895878966
2025-09-02,10. Max Decorrelation,-0.01092535806435825
2025-09-03,10. Max Decorrelation,0.0
2025-09-04,10. Max Decorrelation,0.0
2025-09-05,10. Max Decorrelation,-0.005261704179958481
2025-09-08,10. Max Decorrelation,-0.006494049908350884
2025-09-09,10. Max Decorrelation,0.0
2025-09-10,10. Max Decorrelation,0.0
2025-09-11,10. Max Decorrelation,0.0
2025-09-12,10. Max Decorrelation,0.0
2025-09-15,10. Max Decorrelation,0.0
2025-09-16,10. Max Decorrelation,-0.0007404587636133102
2025-09-17,10. Max Decorrelation,-0.0014252415221178826
2025-09-18,10. Max Decorrelation,-0.00195420534193069
2025-09-19,10. Max Decorrelation,0.0
2025-09-22,10. Max Decorrelation,0.0
2025-09-23,10. Max Decorrelation,-0.0041316404298784104
2025-09-24,10. Max Decorrelation,-0.006424576599293173
2025-09-25,10. Max Decorrelation,-0.00850966994294008
2025-09-26,10. Max Decorrelation,-0.0012178496281587885
2025-09-29,10. Max Decorrelation,0.0
2025-09-30,10. Max Decorrelation,0.0
2025-10-01,10. Max Decorrelation,0.0
2025-10-02,10. Max Decorrelation,-0.0037730996284275234
2025-10-03,10. Max Decorrelation,-0.0012957645493189803
2025-10-06,10. Max Decorrelation,0.0
2025-10-07,10. Max Decorrelation,-0.0023613468063753804
2025-10-08,10. Max Decorrelation,0.0
2025-10-09,10. Max Decorrelation,0.0
2025-10-10,10. Max Decorrelation,-0.020080009760233098
2025-10-13,10. Max Decorrelation,-0.006472232249820978
2025-10-14,10. Max Decorrelation,-0.014386096533160496
2025-10-15,10. Max Decorrelation,-0.011899071428935808
2025-10-16,10. Max Decorrelation,-0.00925037484694188
2025-10-17,10. Max Decorrelation,0.0
2025-10-20,10. Max Decorrelation,0.0
2025-10-21,10. Max Decorrelation,-0.004056483863152892
2025-10-22,10. Max Decorrelation,-0.007541052754665094
2025-10-23,10. Max Decorrelation,-0.003836325807626066
2025-10-24,10. Max Decorrelation,-0.0006477112825739235
2025-10-27,10. Max Decorrelation,0.0
2025-10-28,10. Max Decorrelation,0.0
2025-10-29,10. Max Decorrelation,0.0
2025-10-30,10. Max Decorrelation,-0.0013637121038470442
2025-10-31,10. Max Decorrelation,-0.0018453352689550193
2025-11-03,10. Max Decorrelation,-0.0052561311854771135
2025-11-04,10. Max Decorrelation,-0.015534509858317757
2025-11-05,10. Max Decorrelation,-0.015237067415266559
2025-11-06,10. Max Decorrelation,-0.019907938260031642
2025-11-07,10. Max Decorrelation,-0.017529172600283027
2025-11-10,10. Max Decorrelation,0.0
2025-11-11,10. Max Decorrelation,0.0
2025-11-12,10. Max Decorrelation,-0.0026766377757537945
2025-11-13,10. Max Decorrelation,-0.012973385561382281
2025-11-14,10. Max Decorrelation,-0.014358378046624076
2025-11-17,10. Max Decorrelation,-0.08898072707012761
2025-11-18,10. Max Decorrelation,-0.09059670952037126
2025-11-19,10. Max Decorrelation,-0.0834512419641681
2025-11-20,10. Max Decorrelation,-0.0889416306716029
2025-11-21,10. Max Decorrelation,-0.07903471918601508
2025-11-24,10. Max Decorrelation,-0.06581398311517328
2025-11-25,10. Max Decorrelation,-0.0638005305554618
2025-11-26,10. Max Decorrelation,-0.06424083719672619
2015-11-30,11. Sharpe Maximization,0.0
2015-12-01,11. Sharpe Maximization,0.0
2015-12-02,11. Sharpe Maximization,0.0
2015-12-03,11. Sharpe Maximization,0.0
2015-12-04,11. Sharpe Maximization,0.0
2015-12-07,11. Sharpe Maximization,0.0
2015-12-08,11. Sharpe Maximization,0.0
2015-12-09,11. Sharpe Maximization,0.0
2015-12-10,11. Sharpe Maximization,0.0
2015-12-11,11. Sharpe Maximization,0.0
2015-12-14,11. Sharpe Maximization,0.0
2015-12-15,11. Sharpe Maximization,0.0
2015-12-16,11. Sharpe Maximization,0.0
2015-12-17,11. Sharpe Maximization,0.0
2015-12-18,11. Sharpe Maximization,0.0
2015-12-21,11. Sharpe Maximization,0.0
2015-12-22,11. Sharpe Maximization,0.0
2015-12-23,11. Sharpe Maximization,0.0
2015-12-24,11. Sharpe Maximization,0.0
2015-12-28,11. Sharpe Maximization,0.0
2015-12-29,11. Sharpe Maximization,0.0
2015-12-30,11. Sharpe Maximization,0.0
2015-12-31,11. Sharpe Maximization,-0.0010999999999998789
2016-01-04,11. Sharpe Maximization,-0.015413755371760485
2016-01-05,11. Sharpe Maximization,-0.004096530430990564
2016-01-06,11. Sharpe Maximization,-0.01305038251693491
2016-01-07,11. Sharpe Maximization,-0.021180998951733088
2016-01-08,11. Sharpe Maximization,-0.03843620471610809
2016-01-11,11. Sharpe Maximization,-0.03099125528025648
2016-01-12,11. Sharpe Maximization,-0.030311276682143173
2016-01-13,11. Sharpe Maximization,-0.05375540953023128
2016-01-14,11. Sharpe Maximization,-0.04754548952686499
2016-01-15,11. Sharpe Maximization,-0.07258438238228293
2016-01-19,11. Sharpe Maximization,-0.06018602021285124
2016-01-20,11. Sharpe Maximization,-0.07250863391776718
2016-01-21,11. Sharpe Maximization,-0.061072876188958514
2016-01-22,11. Sharpe Maximization,-0.046312031189328695
2016-01-25,11. Sharpe Maximization,-0.04551453870238842
2016-01-26,11. Sharpe Maximization,-0.030098653635395767
2016-01-27,11. Sharpe Maximization,-0.03511859088203728
2016-01-28,11. Sharpe Maximization,-0.02341286337955162
2016-01-29,11. Sharpe Maximization,-0.02415611272334328
2016-02-01,11. Sharpe Maximization,-0.013713261516255626
2016-02-02,11. Sharpe Maximization,-0.021917221176119495
2016-02-03,11. Sharpe Maximization,-0.025697042312275986
2016-02-04,11. Sharpe Maximization,-0.032437925528770895
2016-02-05,11. Sharpe Maximization,-0.04798861098266516
2016-02-08,11. Sharpe Maximization,-0.05325142289777374
2016-02-09,11. Sharpe Maximization,-0.05856794013913169
2016-02-10,11. Sharpe Maximization,-0.0587271759614485
2016-02-11,11. Sharpe Maximization,-0.06462347363361953
2016-02-12,11. Sharpe Maximization,-0.05654341759706161
2016-02-16,11. Sharpe Maximization,-0.05663444040726351
2016-02-17,11. Sharpe Maximization,-0.042650724727662404
2016-02-18,11. Sharpe Maximization,-0.056013268961686014
2016-02-19,11. Sharpe Maximization,-0.05151332815381726
2016-02-22,11. Sharpe Maximization,-0.03869636290401002
2016-02-23,11. Sharpe Maximization,-0.04115703194670772
2016-02-24,11. Sharpe Maximization,-0.03469815933616571
2016-02-25,11. Sharpe Maximization,-0.023403724796334235
2016-02-26,11. Sharpe Maximization,-0.03555848201739076
2016-02-29,11. Sharpe Maximization,-0.03597500003024379
2016-03-01,11. Sharpe Maximization,-0.02392091953294806
2016-03-02,11. Sharpe Maximization,-0.020631773714886115
2016-03-03,11. Sharpe Maximization,-0.021297838792020296
2016-03-04,11. Sharpe Maximization,-0.01765031753847157
2016-03-07,11. Sharpe Maximization,-0.015953468561122897
2016-03-08,11. Sharpe Maximization,-0.016693171309623334
2016-03-09,11. Sharpe Maximization,-0.016147846385743958
2016-03-10,11. Sharpe Maximization,-0.018468020489086356
2016-03-11,11. Sharpe Maximization,-0.017972141863515256
2016-03-14,11. Sharpe Maximization,-0.0189386086166764
2016-03-15,11. Sharpe Maximization,-0.014270958185955251
2016-03-16,11. Sharpe Maximization,-0.014200507799077222
2016-03-17,11. Sharpe Maximization,-0.014363107776257045
2016-03-18,11. Sharpe Maximization,-0.012623597089884586
2016-03-21,11. Sharpe Maximization,-0.007806590177847239
2016-03-22,11. Sharpe Maximization,-0.009697995542808369
2016-03-23,11. Sharpe Maximization,-0.007855381956278773
2016-03-24,11. Sharpe Maximization,-0.005310531708039523
2016-03-28,11. Sharpe Maximization,-0.005402965391729131
2016-03-29,11. Sharpe Maximization,-0.00043461201222527723
2016-03-30,11. Sharpe Maximization,0.0
2016-03-31,11. Sharpe Maximization,-0.0007611106188462016
2016-04-01,11. Sharpe Maximization,0.0
2016-04-04,11. Sharpe Maximization,-0.003919900449840513
2016-04-05,11. Sharpe Maximization,-0.007943282833702285
2016-04-06,11. Sharpe Maximization,-0.0021873291033531125
2016-04-07,11. Sharpe Maximization,-0.010812146715228897
2016-04-08,11. Sharpe Maximization,-0.010070258580465858
2016-04-11,11. Sharpe Maximization,-0.016277844174368405
2016-04-12,11. Sharpe Maximization,-0.008361703836550917
2016-04-13,11. Sharpe Maximization,-0.006976692000719656
2016-04-14,11. Sharpe Maximization,-0.010398795277060247
2016-04-15,11. Sharpe Maximization,-0.006495063203688744
2016-04-18,11. Sharpe Maximization,-0.0008958341823107779
2016-04-19,11. Sharpe Maximization,0.0
2016-04-20,11. Sharpe Maximization,-0.01718028941827055
2016-04-21,11. Sharpe Maximization,-0.025674076371794266
2016-04-22,11. Sharpe Maximization,-0.02243153622221413
2016-04-25,11. Sharpe Maximization,-0.01630024222411585
2016-04-26,11. Sharpe Maximization,-0.025013868409183612
2016-04-27,11. Sharpe Maximization,-0.01912174075180475
2016-04-28,11. Sharpe Maximization,-0.02278984738997595
2016-04-29,11. Sharpe Maximization,-0.023839645866503886
2016-05-02,11. Sharpe Maximization,-0.01471775183462906
2016-05-03,11. Sharpe Maximization,-0.021749159351586587
2016-05-04,11. Sharpe Maximization,-0.025602220612036528
2016-05-05,11. Sharpe Maximization,-0.023013249164555074
2016-05-06,11. Sharpe Maximization,-0.014202744848526112
2016-05-09,11. Sharpe Maximization,-0.009211002629883249
2016-05-10,11. Sharpe Maximization,-0.0015178671204680607
2016-05-11,11. Sharpe Maximization,-0.01394436617355877
2016-05-12,11. Sharpe Maximization,-0.01368976397941605
2016-05-13,11. Sharpe Maximization,0.0
2016-05-16,11. Sharpe Maximization,0.0
2016-05-17,11. Sharpe Maximization,-0.007051635131060104
2016-05-18,11. Sharpe Maximization,-0.009914808881135521
2016-05-19,11. Sharpe Maximization,0.0
2016-05-20,11. Sharpe Maximization,0.0
2016-05-23,11. Sharpe Maximization,-0.004424742148802077
2016-05-24,11. Sharpe Maximization,0.0
2016-05-25,11. Sharpe Maximization,0.0
2016-05-26,11. Sharpe Maximization,0.0
2016-05-27,11. Sharpe Maximization,0.0
2016-05-31,11. Sharpe Maximization,-0.00024014798333503746
2016-06-01,11. Sharpe Maximization,-0.0005299935287373347
2016-06-02,11. Sharpe Maximization,0.0
2016-06-03,11. Sharpe Maximization,-0.004133441458746966
2016-06-06,11. Sharpe Maximization,-0.0016568331064157104
2016-06-07,11. Sharpe Maximization,-0.0012113637047610536
2016-06-08,11. Sharpe Maximization,-0.0005737921787738356
2016-06-09,11. Sharpe Maximization,0.0
2016-06-10,11. Sharpe Maximization,-0.008492847540400953
2016-06-13,11. Sharpe Maximization,-0.00898202436256649
2016-06-14,11. Sharpe Maximization,-0.005366512016638247
2016-06-15,11. Sharpe Maximization,-0.0037737477888819
2016-06-16,11. Sharpe Maximization,-0.0008779633358440872
2016-06-17,11. Sharpe Maximization,-0.011519633360597744
2016-06-20,11. Sharpe Maximization,-0.002471109891872079
2016-06-21,11. Sharpe Maximization,-0.0030570039224647877
2016-06-22,11. Sharpe Maximization,-0.0017612353796003155
2016-06-23,11. Sharpe Maximization,0.0
2016-06-24,11. Sharpe Maximization,-0.024860522506578785
2016-06-27,11. Sharpe Maximization,-0.02921985239211784
2016-06-28,11. Sharpe Maximization,-0.017972040212618452
2016-06-29,11. Sharpe Maximization,-0.005141058909161066
2016-06-30,11. Sharpe Maximization,-0.005295639016178575
2016-07-01,11. Sharpe Maximization,-0.0082834440981437
2016-07-05,11. Sharpe Maximization,-0.00022523901981193144
2016-07-06,11. Sharpe Maximization,0.0
2016-07-07,11. Sharpe Maximization,0.0
2016-07-08,11. Sharpe Maximization,0.0
2016-07-11,11. Sharpe Maximization,0.0
2016-07-12,11. Sharpe Maximization,0.0
2016-07-13,11. Sharpe Maximization,0.0
2016-07-14,11. Sharpe Maximization,0.0
2016-07-15,11. Sharpe Maximization,-0.004148448404665538
2016-07-18,11. Sharpe Maximization,-0.0017127399723683575
2016-07-19,11. Sharpe Maximization,0.0
2016-07-20,11. Sharpe Maximization,0.0
2016-07-21,11. Sharpe Maximization,-0.007124321492934071
2016-07-22,11. Sharpe Maximization,0.0
2016-07-25,11. Sharpe Maximization,0.0
2016-07-26,11. Sharpe Maximization,0.0
2016-07-27,11. Sharpe Maximization,-0.006585594055250164
2016-07-28,11. Sharpe Maximization,-0.007076815100879287
2016-07-29,11. Sharpe Maximization,-0.0010999735979948608
2016-08-01,11. Sharpe Maximization,-0.0009769203187335982
2016-08-02,11. Sharpe Maximization,-0.008041775732520094
2016-08-03,11. Sharpe Maximization,-0.010251013731812867
2016-08-04,11. Sharpe Maximization,-0.0027409583364173813
2016-08-05,11. Sharpe Maximization,0.0
2016-08-08,11. Sharpe Maximization,0.0
2016-08-09,11. Sharpe Maximization,0.0
2016-08-10,11. Sharpe Maximization,-0.0018557304380782526
2016-08-11,11. Sharpe Maximization,0.0
2016-08-12,11. Sharpe Maximization,0.0
2016-08-15,11. Sharpe Maximization,-0.0045184831974734215
2016-08-16,11. Sharpe Maximization,-0.012886063452574406
2016-08-17,11. Sharpe Maximization,-0.01861002887052278
2016-08-18,11. Sharpe Maximization,-0.008733317089610197
2016-08-19,11. Sharpe Maximization,-0.0157429173190542
2016-08-22,11. Sharpe Maximization,-0.016555974541437455
2016-08-23,11. Sharpe Maximization,-0.01617931903706731
2016-08-24,11. Sharpe Maximization,-0.022323518313467846
2016-08-25,11. Sharpe Maximization,-0.028719883999534932
2016-08-26,11. Sharpe Maximization,-0.025348242875187863
2016-08-29,11. Sharpe Maximization,-0.021998019567454518
2016-08-30,11. Sharpe Maximization,-0.025956159340696613
2016-08-31,11. Sharpe Maximization,-0.026188168424997393
2016-09-01,11. Sharpe Maximization,-0.011502477506436681
2016-09-02,11. Sharpe Maximization,-0.015327304898466277
2016-09-06,11. Sharpe Maximization,-0.008685485539049638
2016-09-07,11. Sharpe Maximization,-0.018040045205527055
2016-09-08,11. Sharpe Maximization,-0.01734915907050179
2016-09-09,11. Sharpe Maximization,-0.043425192108732434
2016-09-12,11. Sharpe Maximization,-0.026460782721959057
2016-09-13,11. Sharpe Maximization,-0.037748527460954015
2016-09-14,11. Sharpe Maximization,-0.03440237078933479
2016-09-15,11. Sharpe Maximization,-0.016850049058551895
2016-09-16,11. Sharpe Maximization,-0.014981530811177202
2016-09-19,11. Sharpe Maximization,-0.015426627963356756
2016-09-20,11. Sharpe Maximization,-0.017672784617090685
2016-09-21,11. Sharpe Maximization,-0.0065434746972491435
2016-09-22,11. Sharpe Maximization,-0.002692770249752412
2016-09-23,11. Sharpe Maximization,-0.005432084232265319
2016-09-26,11. Sharpe Maximization,-0.013889590940856357
2016-09-27,11. Sharpe Maximization,0.0
2016-09-28,11. Sharpe Maximization,0.0
2016-09-29,11. Sharpe Maximization,-0.007694431992255647
2016-09-30,11. Sharpe Maximization,-0.007940818070714522
2016-10-03,11. Sharpe Maximization,-0.008334403286447457
2016-10-04,11. Sharpe Maximization,-0.010643426548560682
2016-10-05,11. Sharpe Maximization,-0.008819858830136177
2016-10-06,11. Sharpe Maximization,-0.023111004512300172
2016-10-07,11. Sharpe Maximization,-0.02681583173984979
2016-10-10,11. Sharpe Maximization,-0.028048702865614655
2016-10-11,11. Sharpe Maximization,-0.04049989103131875
2016-10-12,11. Sharpe Maximization,-0.03785384901636525
2016-10-13,11. Sharpe Maximization,-0.03975113176247808
2016-10-14,11. Sharpe Maximization,-0.03807793426038755
2016-10-17,11. Sharpe Maximization,-0.04081778005366753
2016-10-18,11. Sharpe Maximization,-0.039015812450655545
2016-10-19,11. Sharpe Maximization,-0.042418323339593694
2016-10-20,11. Sharpe Maximization,-0.03856548512943106
2016-10-21,11. Sharpe Maximization,-0.04283115033469108
2016-10-24,11. Sharpe Maximization,-0.02274709124235389
2016-10-25,11. Sharpe Maximization,-0.014686109296606412
2016-10-26,11. Sharpe Maximization,-0.012826264720344165
2016-10-27,11. Sharpe Maximization,-0.017377150739277588
2016-10-28,11. Sharpe Maximization,-0.023581013887811943
2016-10-31,11. Sharpe Maximization,-0.023868232421859127
2016-11-01,11. Sharpe Maximization,-0.03786039619303044
2016-11-02,11. Sharpe Maximization,-0.040949041776311694
2016-11-03,11. Sharpe Maximization,-0.047480198849293095
2016-11-04,11. Sharpe Maximization,-0.05140632914443516
2016-11-07,11. Sharpe Maximization,-0.028365049087122316
2016-11-08,11. Sharpe Maximization,-0.02609973514468141
2016-11-09,11. Sharpe Maximization,-0.01995314900331097
2016-11-10,11. Sharpe Maximization,-0.03278912689411752
2016-11-11,11. Sharpe Maximization,0.0
2016-11-14,11. Sharpe Maximization,-0.026540488314908687
2016-11-15,11. Sharpe Maximization,-0.011796553290616402
2016-11-16,11. Sharpe Maximization,0.0
2016-11-17,11. Sharpe Maximization,-0.004568433527812049
2016-11-18,11. Sharpe Maximization,-0.006983362184310072
2016-11-21,11. Sharpe Maximization,-0.0028576406475844494
2016-11-22,11. Sharpe Maximization,-0.0021046580431756303
2016-11-23,11. Sharpe Maximization,0.0
2016-11-25,11. Sharpe Maximization,0.0
2016-11-28,11. Sharpe Maximization,-0.0026500991647440105
2016-11-29,11. Sharpe Maximization,-0.0064744243830437385
2016-11-30,11. Sharpe Maximization,-0.006792020075957776
2016-12-01,11. Sharpe Maximization,-0.02114756909994428
2016-12-02,11. Sharpe Maximization,-0.01612293543232679
2016-12-05,11. Sharpe Maximization,-0.0072178564299784885
2016-12-06,11. Sharpe Maximization,0.0
2016-12-07,11. Sharpe Maximization,0.0
2016-12-08,11. Sharpe Maximization,-0.007058187814810012
2016-12-09,11. Sharpe Maximization,-0.009612205806653652
2016-12-12,11. Sharpe Maximization,-0.00220198643472746
2016-12-13,11. Sharpe Maximization,0.0
2016-12-14,11. Sharpe Maximization,0.0
2016-12-15,11. Sharpe Maximization,0.0
2016-12-16,11. Sharpe Maximization,0.0
2016-12-19,11. Sharpe Maximization,0.0
2016-12-20,11. Sharpe Maximization,0.0
2016-12-21,11. Sharpe Maximization,-0.001363360690451364
2016-12-22,11. Sharpe Maximization,-0.003986144981053465
2016-12-23,11. Sharpe Maximization,0.0
2016-12-27,11. Sharpe Maximization,0.0
2016-12-28,11. Sharpe Maximization,-0.027690233914139013
2016-12-29,11. Sharpe Maximization,-0.020857603250210414
2016-12-30,11. Sharpe Maximization,-0.021068736661597115
2017-01-03,11. Sharpe Maximization,-0.033803373912102606
2017-01-04,11. Sharpe Maximization,-0.026681275509147492
2017-01-05,11. Sharpe Maximization,-0.03041759914711195
2017-01-06,11. Sharpe Maximization,-0.031597813564520946
2017-01-09,11. Sharpe Maximization,-0.019328601108646697
2017-01-10,11. Sharpe Maximization,-0.02480065096820857
2017-01-11,11. Sharpe Maximization,-0.029978963324067184
2017-01-12,11. Sharpe Maximization,-0.037188549019286754
2017-01-13,11. Sharpe Maximization,-0.0406980832713857
2017-01-17,11. Sharpe Maximization,-0.04040782414100088
2017-01-18,11. Sharpe Maximization,-0.038015613953103544
2017-01-19,11. Sharpe Maximization,-0.036431860715253415
2017-01-20,11. Sharpe Maximization,-0.040723108353499
2017-01-23,11. Sharpe Maximization,-0.04096914767650697
2017-01-24,11. Sharpe Maximization,-0.03683584441794149
2017-01-25,11. Sharpe Maximization,-0.034365457518120736
2017-01-26,11. Sharpe Maximization,-0.03207589679582837
2017-01-27,11. Sharpe Maximization,-0.02705784937413989
2017-01-30,11. Sharpe Maximization,-0.029986410762355035
2017-01-31,11. Sharpe Maximization,-0.031005149616868007
2017-02-01,11. Sharpe Maximization,-0.014844897471874337
2017-02-02,11. Sharpe Maximization,-0.009491746424958097
2017-02-03,11. Sharpe Maximization,-0.01625031906360576
2017-02-06,11. Sharpe Maximization,-0.01072440480280678
2017-02-07,11. Sharpe Maximization,-0.003922213413253869
2017-02-08,11. Sharpe Maximization,-0.0023625477983829535
2017-02-09,11. Sharpe Maximization,-0.0005605661059309494
2017-02-10,11. Sharpe Maximization,-0.009131150043306014
2017-02-13,11. Sharpe Maximization,-0.0188368896269877
2017-02-14,11. Sharpe Maximization,-0.010407538304961127
2017-02-15,11. Sharpe Maximization,-0.0027773998719996165
2017-02-16,11. Sharpe Maximization,-0.006602219823731512
2017-02-17,11. Sharpe Maximization,-0.0054464374239577475
2017-02-21,11. Sharpe Maximization,0.0
2017-02-22,11. Sharpe Maximization,0.0
2017-02-23,11. Sharpe Maximization,-0.031189652078246817
2017-02-24,11. Sharpe Maximization,-0.03060714468991818
2017-02-27,11. Sharpe Maximization,-0.020658910033437165
2017-02-28,11. Sharpe Maximization,-0.0208878943611453
2017-03-01,11. Sharpe Maximization,-0.00605756480314798
2017-03-02,11. Sharpe Maximization,-0.02077612621334417
2017-03-03,11. Sharpe Maximization,-0.02119943344805101
2017-03-06,11. Sharpe Maximization,-0.026913269526505263
2017-03-07,11. Sharpe Maximization,-0.02448109149710034
2017-03-08,11. Sharpe Maximization,-0.023276778369276416
2017-03-09,11. Sharpe Maximization,-0.02142237823291544
2017-03-10,11. Sharpe Maximization,-0.019864031294889315
2017-03-13,11. Sharpe Maximization,-0.011789766821462166
2017-03-14,11. Sharpe Maximization,-0.01070842278783894
2017-03-15,11. Sharpe Maximization,-0.010316807951119094
2017-03-16,11. Sharpe Maximization,-0.006361673356938536
2017-03-17,11. Sharpe Maximization,-0.005588207804023144
2017-03-20,11. Sharpe Maximization,0.0
2017-03-21,11. Sharpe Maximization,-0.03123074460003475
2017-03-22,11. Sharpe Maximization,-0.023804765101599852
2017-03-23,11. Sharpe Maximization,-0.026114644153574736
2017-03-24,11. Sharpe Maximization,-0.0254559921091627
2017-03-27,11. Sharpe Maximization,-0.023818662522324587
2017-03-28,11. Sharpe Maximization,-0.016067615061345575
2017-03-29,11. Sharpe Maximization,-0.012511041239704515
2017-03-30,11. Sharpe Maximization,0.0
2017-03-31,11. Sharpe Maximization,-0.0007404582033476629
2017-04-03,11. Sharpe Maximization,-0.0014434670549957507
2017-04-04,11. Sharpe Maximization,-0.02042587396327292
2017-04-05,11. Sharpe Maximization,-0.02586148110956144
2017-04-06,11. Sharpe Maximization,-0.026281628934318735
2017-04-07,11. Sharpe Maximization,-0.02656653798688709
2017-04-10,11. Sharpe Maximization,-0.031820478525588954
2017-04-11,11. Sharpe Maximization,-0.03254559515416385
2017-04-12,11. Sharpe Maximization,-0.03981346974045753
2017-04-13,11. Sharpe Maximization,-0.05265296081786632
2017-04-17,11. Sharpe Maximization,-0.03062491259806215
2017-04-18,11. Sharpe Maximization,-0.03028296648412435
2017-04-19,11. Sharpe Maximization,-0.029723414947938658
2017-04-20,11. Sharpe Maximization,-0.018884741657708547
2017-04-21,11. Sharpe Maximization,-0.02265420560872818
2017-04-24,11. Sharpe Maximization,-0.005876030725369203
2017-04-25,11. Sharpe Maximization,0.0
2017-04-26,11. Sharpe Maximization,-0.0018604838307299256
2017-04-27,11. Sharpe Maximization,0.0
2017-04-28,11. Sharpe Maximization,-0.0004684109951865577
2017-05-01,11. Sharpe Maximization,0.0
2017-05-02,11. Sharpe Maximization,-0.007724089975697439
2017-05-03,11. Sharpe Maximization,-0.006728849778014635
2017-05-04,11. Sharpe Maximization,-0.006953609341317956
2017-05-05,11. Sharpe Maximization,-0.006404929884076079
2017-05-08,11. Sharpe Maximization,-0.0026178142861739855
2017-05-09,11. Sharpe Maximization,0.0
2017-05-10,11. Sharpe Maximization,0.0
2017-05-11,11. Sharpe Maximization,0.0
2017-05-12,11. Sharpe Maximization,0.0
2017-05-15,11. Sharpe Maximization,0.0
2017-05-16,11. Sharpe Maximization,0.0
2017-05-17,11. Sharpe Maximization,-0.03832901855638023
2017-05-18,11. Sharpe Maximization,-0.012620922729046654
2017-05-19,11. Sharpe Maximization,-0.00037413417687372555
2017-05-22,11. Sharpe Maximization,0.0
2017-05-23,11. Sharpe Maximization,-0.0036215279915367206
2017-05-24,11. Sharpe Maximization,0.0
2017-05-25,11. Sharpe Maximization,0.0
2017-05-26,11. Sharpe Maximization,0.0
2017-05-30,11. Sharpe Maximization,0.0
2017-05-31,11. Sharpe Maximization,-0.0010140295643023248
2017-06-01,11. Sharpe Maximization,0.0
2017-06-02,11. Sharpe Maximization,0.0
2017-06-05,11. Sharpe Maximization,0.0
2017-06-06,11. Sharpe Maximization,-0.0013150749406768913
2017-06-07,11. Sharpe Maximization,0.0
2017-06-08,11. Sharpe Maximization,0.0
2017-06-09,11. Sharpe Maximization,-0.040447883221782915
2017-06-12,11. Sharpe Maximization,-0.047660544207935786
2017-06-13,11. Sharpe Maximization,-0.03487678747023685
2017-06-14,11. Sharpe Maximization,-0.03498060377732627
2017-06-15,11. Sharpe Maximization,-0.03977272498867483
2017-06-16,11. Sharpe Maximization,-0.05228484902468375
2017-06-19,11. Sharpe Maximization,-0.031446918237837886
2017-06-20,11. Sharpe Maximization,-0.03432647997450053
2017-06-21,11. Sharpe Maximization,-0.02396592115691495
2017-06-22,11. Sharpe Maximization,-0.025705541344471543
2017-06-23,11. Sharpe Maximization,-0.03278196957681704
2017-06-26,11. Sharpe Maximization,-0.03986569397381167
2017-06-27,11. Sharpe Maximization,-0.06302645942541321
2017-06-28,11. Sharpe Maximization,-0.04307259193474908
2017-06-29,11. Sharpe Maximization,-0.06497334266738586
2017-06-30,11. Sharpe Maximization,-0.06557830246767676
2017-07-03,11. Sharpe Maximization,-0.07886214575305106
2017-07-05,11. Sharpe Maximization,-0.08260352332543378
2017-07-06,11. Sharpe Maximization,-0.09598947981500833
2017-07-07,11. Sharpe Maximization,-0.08311742583845916
2017-07-10,11. Sharpe Maximization,-0.06568784315510336
2017-07-11,11. Sharpe Maximization,-0.056492030112497475
2017-07-12,11. Sharpe Maximization,-0.04309972359917251
2017-07-13,11. Sharpe Maximization,-0.0448312867206862
2017-07-14,11. Sharpe Maximization,-0.03465149517337332
2017-07-17,11. Sharpe Maximization,-0.041104767159880685
2017-07-18,11. Sharpe Maximization,-0.0287320739787454
2017-07-19,11. Sharpe Maximization,-0.02921067079868215
2017-07-20,11. Sharpe Maximization,-0.02407326335796433
2017-07-21,11. Sharpe Maximization,-0.02398487287241746
2017-07-24,11. Sharpe Maximization,-0.016287779387860055
2017-07-25,11. Sharpe Maximization,-0.014119737795681398
2017-07-26,11. Sharpe Maximization,-0.008632106521282311
2017-07-27,11. Sharpe Maximization,-0.031276208384343945
2017-07-28,11. Sharpe Maximization,-0.02785478286742807
2017-07-31,11. Sharpe Maximization,-0.029046734606680415
2017-08-01,11. Sharpe Maximization,-0.023050105217440726
2017-08-02,11. Sharpe Maximization,-0.023910615150967963
2017-08-03,11. Sharpe Maximization,-0.018342215865681803
2017-08-04,11. Sharpe Maximization,-0.014078023429015828
2017-08-07,11. Sharpe Maximization,-0.0005365250081457555
2017-08-08,11. Sharpe Maximization,-0.006345795011924742
2017-08-09,11. Sharpe Maximization,-0.007739554167438429
2017-08-10,11. Sharpe Maximization,-0.03755773087591803
2017-08-11,11. Sharpe Maximization,-0.05072238088557091
2017-08-14,11. Sharpe Maximization,-0.025943526257372958
2017-08-15,11. Sharpe Maximization,-0.032392986682578694
2017-08-16,11. Sharpe Maximization,-0.032966890150032874
2017-08-17,11. Sharpe Maximization,-0.05328157016698991
2017-08-18,11. Sharpe Maximization,-0.0546828669119279
2017-08-21,11. Sharpe Maximization,-0.05908485356233704
2017-08-22,11. Sharpe Maximization,-0.04630673250174597
2017-08-23,11. Sharpe Maximization,-0.039435113109369854
2017-08-24,11. Sharpe Maximization,-0.047752520257213785
2017-08-25,11. Sharpe Maximization,-0.05358802861524159
2017-08-28,11. Sharpe Maximization,-0.0522942212893033
2017-08-29,11. Sharpe Maximization,-0.047356445552617185
2017-08-30,11. Sharpe Maximization,-0.03551654988593909
2017-08-31,11. Sharpe Maximization,-0.03632669078943688
2017-09-01,11. Sharpe Maximization,-0.03440154847967392
2017-09-05,11. Sharpe Maximization,-0.046459968184768836
2017-09-06,11. Sharpe Maximization,-0.04552166493757517
2017-09-07,11. Sharpe Maximization,-0.041475685754252575
2017-09-08,11. Sharpe Maximization,-0.05794839575136283
2017-09-11,11. Sharpe Maximization,-0.02812339729410251
2017-09-12,11. Sharpe Maximization,-0.024842632988148365
2017-09-13,11. Sharpe Maximization,-0.023893660386139652
2017-09-14,11. Sharpe Maximization,-0.021414287243716672
2017-09-15,11. Sharpe Maximization,0.0
2017-09-18,11. Sharpe Maximization,0.0
2017-09-19,11. Sharpe Maximization,-0.00524099770716125
2017-09-20,11. Sharpe Maximization,-0.011319071248007186
2017-09-21,11. Sharpe Maximization,-0.02550511238694961
2017-09-22,11. Sharpe Maximization,-0.04135968840587361
2017-09-25,11. Sharpe Maximization,-0.06797880542296364
2017-09-26,11. Sharpe Maximization,-0.06201062211877094
2017-09-27,11. Sharpe Maximization,-0.054860482140776864
2017-09-28,11. Sharpe Maximization,-0.058445533368143496
2017-09-29,11. Sharpe Maximization,-0.05896964165695022
2017-10-02,11. Sharpe Maximization,-0.06252298357744628
2017-10-03,11. Sharpe Maximization,-0.05334500616924101
2017-10-04,11. Sharpe Maximization,-0.04154869792207307
2017-10-05,11. Sharpe Maximization,-0.02749738448449344
2017-10-06,11. Sharpe Maximization,-0.022364605590470703
2017-10-09,11. Sharpe Maximization,-0.020530445526014223
2017-10-10,11. Sharpe Maximization,-0.0005511486282320312
2017-10-11,11. Sharpe Maximization,0.0
2017-10-12,11. Sharpe Maximization,0.0
2017-10-13,11. Sharpe Maximization,0.0
2017-10-16,11. Sharpe Maximization,0.0
2017-10-17,11. Sharpe Maximization,-0.0010892144324970855
2017-10-18,11. Sharpe Maximization,-0.0031857014350889865
2017-10-19,11. Sharpe Maximization,-0.006509782427674605
2017-10-20,11. Sharpe Maximization,-0.00856796321975301
2017-10-23,11. Sharpe Maximization,-0.011670133085177194
2017-10-24,11. Sharpe Maximization,-0.005047984344942067
2017-10-25,11. Sharpe Maximization,-0.01982218549870571
2017-10-26,11. Sharpe Maximization,-0.014216508435567727
2017-10-27,11. Sharpe Maximization,-0.0031394731745920433
2017-10-30,11. Sharpe Maximization,-0.005582704570632345
2017-10-31,11. Sharpe Maximization,-0.00630848036272163
2017-11-01,11. Sharpe Maximization,-0.007445638899956059
2017-11-02,11. Sharpe Maximization,-0.01739783647498453
2017-11-03,11. Sharpe Maximization,-0.005679217054411377
2017-11-06,11. Sharpe Maximization,-0.009130336331131396
2017-11-07,11. Sharpe Maximization,-0.004779032992953352
2017-11-08,11. Sharpe Maximization,-0.003973181962029964
2017-11-09,11. Sharpe Maximization,-0.011412650496184363
2017-11-10,11. Sharpe Maximization,0.0
2017-11-13,11. Sharpe Maximization,0.0
2017-11-14,11. Sharpe Maximization,0.0
2017-11-15,11. Sharpe Maximization,-0.013234817863664691
2017-11-16,11. Sharpe Maximization,0.0
2017-11-17,11. Sharpe Maximization,-0.006687690845812377
2017-11-20,11. Sharpe Maximization,-0.0013608232495646525
2017-11-21,11. Sharpe Maximization,0.0
2017-11-22,11. Sharpe Maximization,-0.004972258578862198
2017-11-24,11. Sharpe Maximization,0.0
2017-11-27,11. Sharpe Maximization,-0.0011158425627397365
2017-11-28,11. Sharpe Maximization,-0.0011081005002576084
2017-11-29,11. Sharpe Maximization,-0.021583772560628125
2017-11-30,11. Sharpe Maximization,-0.0217935974576965
2017-12-01,11. Sharpe Maximization,-0.02682246792086191
2017-12-04,11. Sharpe Maximization,-0.0411157654032645
2017-12-05,11. Sharpe Maximization,-0.03952183093081958
2017-12-06,11. Sharpe Maximization,-0.03706720071103855
2017-12-07,11. Sharpe Maximization,-0.03365164134117512
2017-12-08,11. Sharpe Maximization,-0.03159785462297397
2017-12-11,11. Sharpe Maximization,-0.021915446087444748
2017-12-12,11. Sharpe Maximization,-0.02443810591546037
2017-12-13,11. Sharpe Maximization,-0.02723921812922711
2017-12-14,11. Sharpe Maximization,-0.029477637337926976
2017-12-15,11. Sharpe Maximization,-0.019237317727051874
2017-12-18,11. Sharpe Maximization,-0.006304612923903525
2017-12-19,11. Sharpe Maximization,-0.008211992951404548
2017-12-20,11. Sharpe Maximization,-0.006928658033930424
2017-12-21,11. Sharpe Maximization,-0.008647521042581471
2017-12-22,11. Sharpe Maximization,-0.011605455699410603
2017-12-26,11. Sharpe Maximization,-0.005846110651171002
2017-12-27,11. Sharpe Maximization,-0.00812499241144538
2017-12-28,11. Sharpe Maximization,-0.005565216825703088
2017-12-29,11. Sharpe Maximization,-0.005875817957476745
2018-01-02,11. Sharpe Maximization,0.0
2018-01-03,11. Sharpe Maximization,0.0
2018-01-04,11. Sharpe Maximization,0.0
2018-01-05,11. Sharpe Maximization,0.0
2018-01-08,11. Sharpe Maximization,0.0
2018-01-09,11. Sharpe Maximization,-0.0015595647376620222
2018-01-10,11. Sharpe Maximization,-0.002367311916038118
2018-01-11,11. Sharpe Maximization,0.0
2018-01-12,11. Sharpe Maximization,0.0
2018-01-16,11. Sharpe Maximization,-0.004798389812271396
2018-01-17,11. Sharpe Maximization,0.0
2018-01-18,11. Sharpe Maximization,0.0
2018-01-19,11. Sharpe Maximization,0.0
2018-01-22,11. Sharpe Maximization,0.0
2018-01-23,11. Sharpe Maximization,0.0
2018-01-24,11. Sharpe Maximization,-0.003727583270961012
2018-01-25,11. Sharpe Maximization,0.0
2018-01-26,11. Sharpe Maximization,0.0
2018-01-29,11. Sharpe Maximization,0.0
2018-01-30,11. Sharpe Maximization,-0.011036146476915198
2018-01-31,11. Sharpe Maximization,-0.011346140922244806
2018-02-01,11. Sharpe Maximization,-0.03183242399482423
2018-02-02,11. Sharpe Maximization,-0.03945461001142706
2018-02-05,11. Sharpe Maximization,-0.09085237313465556
2018-02-06,11. Sharpe Maximization,-0.05905967790001376
2018-02-07,11. Sharpe Maximization,-0.05382860383988599
2018-02-08,11. Sharpe Maximization,-0.09447124469102182
2018-02-09,11. Sharpe Maximization,-0.07907813315566607
2018-02-12,11. Sharpe Maximization,-0.07403067970884619
2018-02-13,11. Sharpe Maximization,-0.06038610466046204
2018-02-14,11. Sharpe Maximization,-0.03954898301871861
2018-02-15,11. Sharpe Maximization,-0.02296897026357521
2018-02-16,11. Sharpe Maximization,-0.023489395340138934
2018-02-20,11. Sharpe Maximization,-0.044072435037092274
2018-02-21,11. Sharpe Maximization,-0.059310180408490905
2018-02-22,11. Sharpe Maximization,-0.05438967513508927
2018-02-23,11. Sharpe Maximization,-0.04354505558725686
2018-02-26,11. Sharpe Maximization,-0.036327629333282666
2018-02-27,11. Sharpe Maximization,-0.04567511946052945
2018-02-28,11. Sharpe Maximization,-0.04589661768588442
2018-03-01,11. Sharpe Maximization,-0.06420977771670336
2018-03-02,11. Sharpe Maximization,-0.05477687790885254
2018-03-05,11. Sharpe Maximization,-0.042467660076563
2018-03-06,11. Sharpe Maximization,-0.031272607251785114
2018-03-07,11. Sharpe Maximization,-0.036089448349737194
2018-03-08,11. Sharpe Maximization,-0.03666502629195069
2018-03-09,11. Sharpe Maximization,-0.018854479348409694
2018-03-12,11. Sharpe Maximization,-0.016079334766018673
2018-03-13,11. Sharpe Maximization,-0.021672599360338562
2018-03-14,11. Sharpe Maximization,-0.01978335926134421
2018-03-15,11. Sharpe Maximization,-0.021308722987924494
2018-03-16,11. Sharpe Maximization,-0.017591777989850392
2018-03-19,11. Sharpe Maximization,-0.040958834077265534
2018-03-20,11. Sharpe Maximization,-0.02025100956961805
2018-03-21,11. Sharpe Maximization,-0.02194794350037442
2018-03-22,11. Sharpe Maximization,-0.04353657202739277
2018-03-23,11. Sharpe Maximization,-0.0705360723471791
2018-03-26,11. Sharpe Maximization,-0.0320997858208161
2018-03-27,11. Sharpe Maximization,-0.07717547032425044
2018-03-28,11. Sharpe Maximization,-0.09407315629603359
2018-03-29,11. Sharpe Maximization,-0.09420506576520563
2018-04-02,11. Sharpe Maximization,-0.1357110343953915
2018-04-03,11. Sharpe Maximization,-0.12221474289768304
2018-04-04,11. Sharpe Maximization,-0.11443426048406985
2018-04-05,11. Sharpe Maximization,-0.10987139180227032
2018-04-06,11. Sharpe Maximization,-0.13091243869625477
2018-04-09,11. Sharpe Maximization,-0.13009542784438935
2018-04-10,11. Sharpe Maximization,-0.10627276651048193
2018-04-11,11. Sharpe Maximization,-0.10808953122469805
2018-04-12,11. Sharpe Maximization,-0.09371852997841648
2018-04-13,11. Sharpe Maximization,-0.09669631988741849
2018-04-16,11. Sharpe Maximization,-0.09483503866732236
2018-04-17,11. Sharpe Maximization,-0.06038078415899748
2018-04-18,11. Sharpe Maximization,-0.060275466236600954
2018-04-19,11. Sharpe Maximization,-0.06486445965928689
2018-04-20,11. Sharpe Maximization,-0.07480989207879868
2018-04-23,11. Sharpe Maximization,-0.08946951924819042
2018-04-24,11. Sharpe Maximization,-0.10569803857376855
2018-04-25,11. Sharpe Maximization,-0.10974815100580872
2018-04-26,11. Sharpe Maximization,-0.08483950445529113
2018-04-27,11. Sharpe Maximization,-0.0791580322578221
2018-04-30,11. Sharpe Maximization,-0.07933215148045143
2018-05-01,11. Sharpe Maximization,-0.07551675640377656
2018-05-02,11. Sharpe Maximization,-0.08102388636288721
2018-05-03,11. Sharpe Maximization,-0.07358485022818866
2018-05-04,11. Sharpe Maximization,-0.05698146215368647
2018-05-07,11. Sharpe Maximization,-0.04269980230887346
2018-05-08,11. Sharpe Maximization,-0.04101461000688891
2018-05-09,11. Sharpe Maximization,-0.03547714669343128
2018-05-10,11. Sharpe Maximization,-0.031137865659323534
2018-05-11,11. Sharpe Maximization,-0.039407561534402884
2018-05-14,11. Sharpe Maximization,-0.035277721069099655
2018-05-15,11. Sharpe Maximization,-0.05288668418553975
2018-05-16,11. Sharpe Maximization,-0.04572755918680996
2018-05-17,11. Sharpe Maximization,-0.04983346084767256
2018-05-18,11. Sharpe Maximization,-0.05573245872311072
2018-05-21,11. Sharpe Maximization,-0.04964143535058021
2018-05-22,11. Sharpe Maximization,-0.054816679069290865
2018-05-23,11. Sharpe Maximization,-0.03857798449541795
2018-05-24,11. Sharpe Maximization,-0.035922665635751756
2018-05-25,11. Sharpe Maximization,-0.032421312762721394
2018-05-29,11. Sharpe Maximization,-0.033806804510566606
2018-05-30,11. Sharpe Maximization,-0.020410809560350792
2018-05-31,11. Sharpe Maximization,-0.020948457799494134
2018-06-01,11. Sharpe Maximization,-0.0016878045751807713
2018-06-04,11. Sharpe Maximization,0.0
2018-06-05,11. Sharpe Maximization,0.0
2018-06-06,11. Sharpe Maximization,0.0
2018-06-07,11. Sharpe Maximization,-0.01126508649077756
2018-06-08,11. Sharpe Maximization,-0.013009164485166015
2018-06-11,11. Sharpe Maximization,-0.014657164138428325
2018-06-12,11. Sharpe Maximization,-0.007841405993509437
2018-06-13,11. Sharpe Maximization,0.0
2018-06-14,11. Sharpe Maximization,0.0
2018-06-15,11. Sharpe Maximization,-0.0034664867409589847
2018-06-18,11. Sharpe Maximization,-0.0025969265837641714
2018-06-19,11. Sharpe Maximization,0.0
2018-06-20,11. Sharpe Maximization,0.0
2018-06-21,11. Sharpe Maximization,-0.009966410712185516
2018-06-22,11. Sharpe Maximization,-0.02151719962696965
2018-06-25,11. Sharpe Maximization,-0.0671774572930822
2018-06-26,11. Sharpe Maximization,-0.04750392311946428
2018-06-27,11. Sharpe Maximization,-0.0679767580095984
2018-06-28,11. Sharpe Maximization,-0.049930721365780695
2018-06-29,11. Sharpe Maximization,-0.050323301832143126
2018-07-02,11. Sharpe Maximization,-0.04155066772157379
2018-07-03,11. Sharpe Maximization,-0.05394940950338099
2018-07-05,11. Sharpe Maximization,-0.04197730544722415
2018-07-06,11. Sharpe Maximization,-0.02977585477707195
2018-07-09,11. Sharpe Maximization,-0.013122951857139626
2018-07-10,11. Sharpe Maximization,-0.0100689403196287
2018-07-11,11. Sharpe Maximization,-0.009426244261262722
2018-07-12,11. Sharpe Maximization,-0.0018675090327833581
2018-07-13,11. Sharpe Maximization,-0.012379454471571473
2018-07-16,11. Sharpe Maximization,-0.009109558079659867
2018-07-17,11. Sharpe Maximization,-0.015296437752423958
2018-07-18,11. Sharpe Maximization,-0.019104384016030502
2018-07-19,11. Sharpe Maximization,-0.03352546194948689
2018-07-20,11. Sharpe Maximization,-0.03561410819740187
2018-07-23,11. Sharpe Maximization,-0.03744395464430615
2018-07-24,11. Sharpe Maximization,-0.03584929653183805
2018-07-25,11. Sharpe Maximization,-0.02182002357330966
2018-07-26,11. Sharpe Maximization,-0.03195474523992072
2018-07-27,11. Sharpe Maximization,-0.040312203990170874
2018-07-30,11. Sharpe Maximization,-0.06790689100905102
2018-07-31,11. Sharpe Maximization,-0.0683083873208569
2018-08-01,11. Sharpe Maximization,-0.06020760754455562
2018-08-02,11. Sharpe Maximization,-0.04753977694055984
2018-08-03,11. Sharpe Maximization,-0.049623413000373366
2018-08-06,11. Sharpe Maximization,-0.04032846436448331
2018-08-07,11. Sharpe Maximization,-0.03440044240002646
2018-08-08,11. Sharpe Maximization,-0.03135547579018453
2018-08-09,11. Sharpe Maximization,-0.02947509535151756
2018-08-10,11. Sharpe Maximization,-0.03436606964107057
2018-08-13,11. Sharpe Maximization,-0.03530185650779659
2018-08-14,11. Sharpe Maximization,-0.027448721180149523
2018-08-15,11. Sharpe Maximization,-0.04569522952368939
2018-08-16,11. Sharpe Maximization,-0.03604369097789574
2018-08-17,11. Sharpe Maximization,-0.04744231506947011
2018-08-20,11. Sharpe Maximization,-0.04066695374653473
2018-08-21,11. Sharpe Maximization,-0.033877093214615954
2018-08-22,11. Sharpe Maximization,-0.020897694437899014
2018-08-23,11. Sharpe Maximization,-0.020822689888781963
2018-08-24,11. Sharpe Maximization,-0.002122320415216547
2018-08-27,11. Sharpe Maximization,0.0
2018-08-28,11. Sharpe Maximization,0.0
2018-08-29,11. Sharpe Maximization,0.0
2018-08-30,11. Sharpe Maximization,0.0
2018-08-31,11. Sharpe Maximization,-0.0006298364194678495
2018-09-04,11. Sharpe Maximization,0.0
2018-09-05,11. Sharpe Maximization,-0.020238392283074055
2018-09-06,11. Sharpe Maximization,-0.026716315482704107
2018-09-07,11. Sharpe Maximization,-0.028815458289592068
2018-09-10,11. Sharpe Maximization,-0.02586025554001587
2018-09-11,11. Sharpe Maximization,-0.016144071449665093
2018-09-12,11. Sharpe Maximization,-0.012357991839528957
2018-09-13,11. Sharpe Maximization,-0.013595230015386645
2018-09-14,11. Sharpe Maximization,-0.01674863291316423
2018-09-17,11. Sharpe Maximization,-0.035549040560030755
2018-09-18,11. Sharpe Maximization,-0.02027446449071787
2018-09-19,11. Sharpe Maximization,-0.022902049313718482
2018-09-20,11. Sharpe Maximization,-0.02329099240085521
2018-09-21,11. Sharpe Maximization,-0.03154515038952026
2018-09-24,11. Sharpe Maximization,-0.02504182159235732
2018-09-25,11. Sharpe Maximization,-0.016784413264380075
2018-09-26,11. Sharpe Maximization,-0.014180829082711123
2018-09-27,11. Sharpe Maximization,-0.007834843120366827
2018-09-28,11. Sharpe Maximization,-0.008244085319826943
2018-10-01,11. Sharpe Maximization,-0.0007304148717313947
2018-10-02,11. Sharpe Maximization,-0.007348531311710201
2018-10-03,11. Sharpe Maximization,-0.012852633236629048
2018-10-04,11. Sharpe Maximization,-0.03302496760597884
2018-10-05,11. Sharpe Maximization,-0.04916007764616283
2018-10-08,11. Sharpe Maximization,-0.05386257195554317
2018-10-09,11. Sharpe Maximization,-0.040247362341719876
2018-10-10,11. Sharpe Maximization,-0.09103607587187514
2018-10-11,11. Sharpe Maximization,-0.10669104503831411
2018-10-12,11. Sharpe Maximization,-0.07419024063411006
2018-10-15,11. Sharpe Maximization,-0.08842830085556859
2018-10-16,11. Sharpe Maximization,-0.05932922769269384
2018-10-17,11. Sharpe Maximization,-0.04300634021854956
2018-10-18,11. Sharpe Maximization,-0.06828491805662741
2018-10-19,11. Sharpe Maximization,-0.07643295609774343
2018-10-22,11. Sharpe Maximization,-0.07385312153136152
2018-10-23,11. Sharpe Maximization,-0.07390550666020336
2018-10-24,11. Sharpe Maximization,-0.11649388608803975
2018-10-25,11. Sharpe Maximization,-0.08053640730827316
2018-10-26,11. Sharpe Maximization,-0.11567141796819636
2018-10-29,11. Sharpe Maximization,-0.14342340596593126
2018-10-30,11. Sharpe Maximization,-0.13852821451635763
2018-10-31,11. Sharpe Maximization,-0.1390080861735942
2018-11-01,11. Sharpe Maximization,-0.11680397116528604
2018-11-02,11. Sharpe Maximization,-0.12354667105914348
2018-11-05,11. Sharpe Maximization,-0.11764599145143466
2018-11-06,11. Sharpe Maximization,-0.11991329393014544
2018-11-07,11. Sharpe Maximization,-0.08563274446872671
2018-11-08,11. Sharpe Maximization,-0.09285981221066002
2018-11-09,11. Sharpe Maximization,-0.10355795303565177
2018-11-12,11. Sharpe Maximization,-0.12443070981071909
2018-11-13,11. Sharpe Maximization,-0.13019982961229906
2018-11-14,11. Sharpe Maximization,-0.14572596855149608
2018-11-15,11. Sharpe Maximization,-0.14467814608562865
2018-11-16,11. Sharpe Maximization,-0.15379099133197963
2018-11-19,11. Sharpe Maximization,-0.1731946999216851
2018-11-20,11. Sharpe Maximization,-0.18751830668001285
2018-11-21,11. Sharpe Maximization,-0.1897989502723855
2018-11-23,11. Sharpe Maximization,-0.1911807643147805
2018-11-26,11. Sharpe Maximization,-0.17812807461352487
2018-11-27,11. Sharpe Maximization,-0.17165997913163447
2018-11-28,11. Sharpe Maximization,-0.1389139718961385
2018-11-29,11. Sharpe Maximization,-0.13317732338149707
2018-11-30,11. Sharpe Maximization,-0.1337253895882053
2018-12-03,11. Sharpe Maximization,-0.11449315156388425
2018-12-04,11. Sharpe Maximization,-0.15284449192886257
2018-12-06,11. Sharpe Maximization,-0.14123847459673114
2018-12-07,11. Sharpe Maximization,-0.17653706493845503
2018-12-10,11. Sharpe Maximization,-0.1672894605615696
2018-12-11,11. Sharpe Maximization,-0.1730938588924748
2018-12-12,11. Sharpe Maximization,-0.15959271362169805
2018-12-13,11. Sharpe Maximization,-0.15774762818513183
2018-12-14,11. Sharpe Maximization,-0.1820419612492618
2018-12-17,11. Sharpe Maximization,-0.20274696367737047
2018-12-18,11. Sharpe Maximization,-0.19441692882952924
2018-12-19,11. Sharpe Maximization,-0.21133387715082508
2018-12-20,11. Sharpe Maximization,-0.22424681831985877
2018-12-21,11. Sharpe Maximization,-0.2531773218589033
2018-12-24,11. Sharpe Maximization,-0.2771920293763563
2018-12-26,11. Sharpe Maximization,-0.2255012251705341
2018-12-27,11. Sharpe Maximization,-0.2204607529694574
2018-12-28,11. Sharpe Maximization,-0.21812037276209983
2018-12-31,11. Sharpe Maximization,-0.19930037313743623
2019-01-02,11. Sharpe Maximization,-0.19529673683820456
2019-01-03,11. Sharpe Maximization,-0.20922724997584138
2019-01-04,11. Sharpe Maximization,-0.165211209580986
2019-01-07,11. Sharpe Maximization,-0.13948299705122646
2019-01-08,11. Sharpe Maximization,-0.12940193595357125
2019-01-09,11. Sharpe Maximization,-0.12802232493627264
2019-01-10,11. Sharpe Maximization,-0.12965718738796592
2019-01-11,11. Sharpe Maximization,-0.11817920649602295
2019-01-14,11. Sharpe Maximization,-0.12889871713663545
2019-01-15,11. Sharpe Maximization,-0.09872088075478898
2019-01-16,11. Sharpe Maximization,-0.10298925068994084
2019-01-17,11. Sharpe Maximization,-0.09719521353727874
2019-01-18,11. Sharpe Maximization,-0.10727793606884113
2019-01-22,11. Sharpe Maximization,-0.13191413188121903
2019-01-23,11. Sharpe Maximization,-0.13461670122456484
2019-01-24,11. Sharpe Maximization,-0.13436713144328186
2019-01-25,11. Sharpe Maximization,-0.12229891954675662
2019-01-28,11. Sharpe Maximization,-0.1370082334003452
2019-01-29,11. Sharpe Maximization,-0.14311172828126342
2019-01-30,11. Sharpe Maximization,-0.11424117230537853
2019-01-31,11. Sharpe Maximization,-0.11485327230260459
2019-02-01,11. Sharpe Maximization,-0.12446403198989595
2019-02-04,11. Sharpe Maximization,-0.11295564223413009
2019-02-05,11. Sharpe Maximization,-0.10522290663123854
2019-02-06,11. Sharpe Maximization,-0.11089431060233239
2019-02-07,11. Sharpe Maximization,-0.12287927071646614
2019-02-08,11. Sharpe Maximization,-0.12092348014401494
2019-02-11,11. Sharpe Maximization,-0.12055411707817833
2019-02-12,11. Sharpe Maximization,-0.09955038190062268
2019-02-13,11. Sharpe Maximization,-0.10317617304529703
2019-02-14,11. Sharpe Maximization,-0.10233727301431855
2019-02-15,11. Sharpe Maximization,-0.10329171031757413
2019-02-19,11. Sharpe Maximization,-0.09681724835656655
2019-02-20,11. Sharpe Maximization,-0.0992617436196978
2019-02-21,11. Sharpe Maximization,-0.10352067422409594
2019-02-22,11. Sharpe Maximization,-0.09167679180811163
2019-02-25,11. Sharpe Maximization,-0.09156343415784624
2019-02-26,11. Sharpe Maximization,-0.08912183178302946
2019-02-27,11. Sharpe Maximization,-0.09022974943221898
2019-02-28,11. Sharpe Maximization,-0.09110748884902889
2019-03-01,11. Sharpe Maximization,-0.08862175462450834
2019-03-04,11. Sharpe Maximization,-0.09240428749445871
2019-03-05,11. Sharpe Maximization,-0.09171282312167185
2019-03-06,11. Sharpe Maximization,-0.0980420288394292
2019-03-07,11. Sharpe Maximization,-0.10664640152820187
2019-03-08,11. Sharpe Maximization,-0.11148810351018265
2019-03-11,11. Sharpe Maximization,-0.09705700402148776
2019-03-12,11. Sharpe Maximization,-0.09383339571425303
2019-03-13,11. Sharpe Maximization,-0.08553039320938734
2019-03-14,11. Sharpe Maximization,-0.0892500305204286
2019-03-15,11. Sharpe Maximization,-0.07996944808571106
2019-03-18,11. Sharpe Maximization,-0.08262795564015535
2019-03-19,11. Sharpe Maximization,-0.07976014054949425
2019-03-20,11. Sharpe Maximization,-0.07651811946921103
2019-03-21,11. Sharpe Maximization,-0.0652020507470349
2019-03-22,11. Sharpe Maximization,-0.08240335117949736
2019-03-25,11. Sharpe Maximization,-0.0799209452443576
2019-03-26,11. Sharpe Maximization,-0.07281214375033591
2019-03-27,11. Sharpe Maximization,-0.07860250707335534
2019-03-28,11. Sharpe Maximization,-0.07204455427943741
2019-03-29,11. Sharpe Maximization,-0.07235479913099974
2019-04-01,11. Sharpe Maximization,-0.06675526673540495
2019-04-02,11. Sharpe Maximization,-0.06707744761146671
2019-04-03,11. Sharpe Maximization,-0.0676570121332249
2019-04-04,11. Sharpe Maximization,-0.07098953456458505
2019-04-05,11. Sharpe Maximization,-0.06733507098802623
2019-04-08,11. Sharpe Maximization,-0.06283901401327209
2019-04-09,11. Sharpe Maximization,-0.06650476845799848
2019-04-10,11. Sharpe Maximization,-0.06448418638129695
2019-04-11,11. Sharpe Maximization,-0.06624235231719854
2019-04-12,11. Sharpe Maximization,-0.0641063664646051
2019-04-15,11. Sharpe Maximization,-0.058618040216153494
2019-04-16,11. Sharpe Maximization,-0.06136550493689353
2019-04-17,11. Sharpe Maximization,-0.06718986264368386
2019-04-18,11. Sharpe Maximization,-0.06949791899867884
2019-04-22,11. Sharpe Maximization,-0.07039295955786659
2019-04-23,11. Sharpe Maximization,-0.0740924443621241
2019-04-24,11. Sharpe Maximization,-0.07016793830709628
2019-04-25,11. Sharpe Maximization,-0.06958481132659755
2019-04-26,11. Sharpe Maximization,-0.0622662931863211
2019-04-29,11. Sharpe Maximization,-0.06666452162872401
2019-04-30,11. Sharpe Maximization,-0.06718766806402816
2019-05-01,11. Sharpe Maximization,-0.08135284129185855
2019-05-02,11. Sharpe Maximization,-0.08344090160950668
2019-05-03,11. Sharpe Maximization,-0.07589914023037007
2019-05-06,11. Sharpe Maximization,-0.07578661868781218
2019-05-07,11. Sharpe Maximization,-0.0869550245783255
2019-05-08,11. Sharpe Maximization,-0.08715034876113889
2019-05-09,11. Sharpe Maximization,-0.09249198410543277
2019-05-10,11. Sharpe Maximization,-0.08112278613499777
2019-05-13,11. Sharpe Maximization,-0.09648433814546913
2019-05-14,11. Sharpe Maximization,-0.09019965694899734
2019-05-15,11. Sharpe Maximization,-0.08220496871796348
2019-05-16,11. Sharpe Maximization,-0.06856517886691697
2019-05-17,11. Sharpe Maximization,-0.07449091718382372
2019-05-20,11. Sharpe Maximization,-0.07352336837203911
2019-05-21,11. Sharpe Maximization,-0.07478296552750889
2019-05-22,11. Sharpe Maximization,-0.06994563295663123
2019-05-23,11. Sharpe Maximization,-0.08142051302082733
2019-05-24,11. Sharpe Maximization,-0.07760653603034041
2019-05-28,11. Sharpe Maximization,-0.08117300155328451
2019-05-29,11. Sharpe Maximization,-0.08376529504962076
2019-05-30,11. Sharpe Maximization,-0.0798062901928648
2019-05-31,11. Sharpe Maximization,-0.08008956352733733
2019-06-03,11. Sharpe Maximization,-0.0857632986055201
2019-06-04,11. Sharpe Maximization,-0.07311096193807305
2019-06-05,11. Sharpe Maximization,-0.05413516397128584
2019-06-06,11. Sharpe Maximization,-0.04813224095922611
2019-06-07,11. Sharpe Maximization,-0.03256038041664215
2019-06-10,11. Sharpe Maximization,-0.028458101449731214
2019-06-11,11. Sharpe Maximization,-0.029307680852850956
2019-06-12,11. Sharpe Maximization,-0.025173954479657555
2019-06-13,11. Sharpe Maximization,-0.024363851987036122
2019-06-14,11. Sharpe Maximization,-0.023326705274944785
2019-06-17,11. Sharpe Maximization,-0.024659529415709803
2019-06-18,11. Sharpe Maximization,-0.02770510150799116
2019-06-19,11. Sharpe Maximization,-0.02338420987080019
2019-06-20,11. Sharpe Maximization,-0.00990576599030667
2019-06-21,11. Sharpe Maximization,-0.012096078945859809
2019-06-24,11. Sharpe Maximization,-0.008011966849569212
2019-06-25,11. Sharpe Maximization,-0.01697860474543684
2019-06-26,11. Sharpe Maximization,-0.02302291026600546
2019-06-27,11. Sharpe Maximization,-0.022984927842657425
2019-06-28,11. Sharpe Maximization,-0.02323344201554339
2019-07-01,11. Sharpe Maximization,-0.01660539981346955
2019-07-02,11. Sharpe Maximization,-0.007000879461376501
2019-07-03,11. Sharpe Maximization,0.0
2019-07-05,11. Sharpe Maximization,-0.0052034394804763556
2019-07-08,11. Sharpe Maximization,-0.0028216618299144827
2019-07-09,11. Sharpe Maximization,-0.004036719237090569
2019-07-10,11. Sharpe Maximization,0.0
2019-07-11,11. Sharpe Maximization,0.0
2019-07-12,11. Sharpe Maximization,0.0
2019-07-15,11. Sharpe Maximization,0.0
2019-07-16,11. Sharpe Maximization,-0.0028422734587856212
2019-07-17,11. Sharpe Maximization,-0.005190191418837324
2019-07-18,11. Sharpe Maximization,-0.004675785360858462
2019-07-19,11. Sharpe Maximization,-0.009413246570126366
2019-07-22,11. Sharpe Maximization,-0.007668299845348735
2019-07-23,11. Sharpe Maximization,-0.011982897096060268
2019-07-24,11. Sharpe Maximization,-0.013796401540611087
2019-07-25,11. Sharpe Maximization,-0.013806409633927286
2019-07-26,11. Sharpe Maximization,-0.0028481575665123926
2019-07-29,11. Sharpe Maximization,-0.004321581481218221
2019-07-30,11. Sharpe Maximization,-0.0004891697070415118
2019-07-31,11. Sharpe Maximization,-0.0007203636390173637
2019-08-01,11. Sharpe Maximization,-0.0036834694799317796
2019-08-02,11. Sharpe Maximization,-0.010289589431977959
2019-08-05,11. Sharpe Maximization,-0.04571533446771103
2019-08-06,11. Sharpe Maximization,-0.028169725758492033
2019-08-07,11. Sharpe Maximization,-0.01778477504674121
2019-08-08,11. Sharpe Maximization,0.0
2019-08-09,11. Sharpe Maximization,-0.009111192673021136
2019-08-12,11. Sharpe Maximization,-0.023551097166485423
2019-08-13,11. Sharpe Maximization,-0.0076327383117365585
2019-08-14,11. Sharpe Maximization,-0.02608005598400333
2019-08-15,11. Sharpe Maximization,0.0
2019-08-16,11. Sharpe Maximization,0.0
2019-08-19,11. Sharpe Maximization,0.0
2019-08-20,11. Sharpe Maximization,-0.009842142901175315
2019-08-21,11. Sharpe Maximization,-0.002815264333114638
2019-08-22,11. Sharpe Maximization,-0.004483153780307136
2019-08-23,11. Sharpe Maximization,-0.025300106927833205
2019-08-26,11. Sharpe Maximization,-0.01077935574867126
2019-08-27,11. Sharpe Maximization,-0.0061872813236605985
2019-08-28,11. Sharpe Maximization,-0.0014463134938650381
2019-08-29,11. Sharpe Maximization,0.0
2019-08-30,11. Sharpe Maximization,-0.00022476810346669458
2019-09-03,11. Sharpe Maximization,0.0
2019-09-04,11. Sharpe Maximization,0.0
2019-09-05,11. Sharpe Maximization,0.0
2019-09-06,11. Sharpe Maximization,-0.002093052391650697
2019-09-09,11. Sharpe Maximization,-0.009328986556206313
2019-09-10,11. Sharpe Maximization,-0.02738247930777937
2019-09-11,11. Sharpe Maximization,-0.025889247491971412
2019-09-12,11. Sharpe Maximization,-0.012565061322193174
2019-09-13,11. Sharpe Maximization,-0.014438541745335366
2019-09-16,11. Sharpe Maximization,-0.027890064661570617
2019-09-17,11. Sharpe Maximization,-0.019259918505915283
2019-09-18,11. Sharpe Maximization,-0.018196372500062674
2019-09-19,11. Sharpe Maximization,-0.01576444435967072
2019-09-20,11. Sharpe Maximization,-0.021305057978828947
2019-09-23,11. Sharpe Maximization,-0.014785173368169643
2019-09-24,11. Sharpe Maximization,-0.013661190858486667
2019-09-25,11. Sharpe Maximization,-0.013452365121155142
2019-09-26,11. Sharpe Maximization,-0.00915418421576887
2019-09-27,11. Sharpe Maximization,-0.01324720353296371
2019-09-30,11. Sharpe Maximization,-0.013688733022588617
2019-10-01,11. Sharpe Maximization,-0.016107698075539918
2019-10-02,11. Sharpe Maximization,-0.03789935856235432
2019-10-03,11. Sharpe Maximization,-0.03033790179258098
2019-10-04,11. Sharpe Maximization,-0.01444141541802722
2019-10-07,11. Sharpe Maximization,-0.023844584752747665
2019-10-08,11. Sharpe Maximization,-0.03095526165743604
2019-10-09,11. Sharpe Maximization,-0.02185089745018652
2019-10-10,11. Sharpe Maximization,-0.02059632673123721
2019-10-11,11. Sharpe Maximization,-0.022249594026190016
2019-10-14,11. Sharpe Maximization,-0.027223115211381446
2019-10-15,11. Sharpe Maximization,-0.03117405385751024
2019-10-16,11. Sharpe Maximization,-0.03087664878138386
2019-10-17,11. Sharpe Maximization,-0.030979286039759735
2019-10-18,11. Sharpe Maximization,-0.027480043975657193
2019-10-21,11. Sharpe Maximization,-0.023808750412812326
2019-10-22,11. Sharpe Maximization,-0.023634289024094857
2019-10-23,11. Sharpe Maximization,-0.018109914366474557
2019-10-24,11. Sharpe Maximization,-0.011765397386177056
2019-10-25,11. Sharpe Maximization,-0.019733213230238324
2019-10-28,11. Sharpe Maximization,-0.017629828367294476
2019-10-29,11. Sharpe Maximization,-0.023973407073142904
2019-10-30,11. Sharpe Maximization,-0.014493227312751008
2019-10-31,11. Sharpe Maximization,-0.015515035777076453
2019-11-01,11. Sharpe Maximization,-0.010992662372807296
2019-11-04,11. Sharpe Maximization,-0.028141416019629804
2019-11-05,11. Sharpe Maximization,-0.03773622667803325
2019-11-06,11. Sharpe Maximization,-0.03056529994840042
2019-11-07,11. Sharpe Maximization,-0.029947062067938523
2019-11-08,11. Sharpe Maximization,-0.02867951033216795
2019-11-11,11. Sharpe Maximization,-0.029240310421835548
2019-11-12,11. Sharpe Maximization,-0.02749761455855219
2019-11-13,11. Sharpe Maximization,-0.019219440534470576
2019-11-14,11. Sharpe Maximization,-0.016202493179789675
2019-11-15,11. Sharpe Maximization,-0.015949145195299975
2019-11-18,11. Sharpe Maximization,-0.009231436684082025
2019-11-19,11. Sharpe Maximization,-0.02277053553105994
2019-11-20,11. Sharpe Maximization,-0.02769627964447377
2019-11-21,11. Sharpe Maximization,-0.035429839702272606
2019-11-22,11. Sharpe Maximization,-0.03855308722551777
2019-11-25,11. Sharpe Maximization,-0.033126364546823515
2019-11-26,11. Sharpe Maximization,-0.02398633372342344
2019-11-27,11. Sharpe Maximization,-0.020549340314636358
2019-11-29,11. Sharpe Maximization,-0.021831425315956707
2019-12-02,11. Sharpe Maximization,-0.03272851491084148
2019-12-03,11. Sharpe Maximization,-0.03927254423949843
2019-12-04,11. Sharpe Maximization,-0.03709698920878481
2019-12-05,11. Sharpe Maximization,-0.029319508325036957
2019-12-06,11. Sharpe Maximization,-0.01951971317889041
2019-12-09,11. Sharpe Maximization,-0.02513022975087899
2019-12-10,11. Sharpe Maximization,-0.024721672312698905
2019-12-11,11. Sharpe Maximization,-0.019315560869863586
2019-12-12,11. Sharpe Maximization,-0.022463905509591365
2019-12-13,11. Sharpe Maximization,-0.017426818822840147
2019-12-16,11. Sharpe Maximization,-0.006309780201608347
2019-12-17,11. Sharpe Maximization,-0.004992204922422815
2019-12-18,11. Sharpe Maximization,-0.0036520083732408727
2019-12-19,11. Sharpe Maximization,0.0
2019-12-20,11. Sharpe Maximization,0.0
2019-12-23,11. Sharpe Maximization,0.0
2019-12-24,11. Sharpe Maximization,-0.00018879977063600574
2019-12-26,11. Sharpe Maximization,0.0
2019-12-27,11. Sharpe Maximization,0.0
2019-12-30,11. Sharpe Maximization,-0.005687514263783468
2019-12-31,11. Sharpe Maximization,-0.00647305183883741
2020-01-02,11. Sharpe Maximization,0.0
2020-01-03,11. Sharpe Maximization,-0.01143880460812114
2020-01-06,11. Sharpe Maximization,-0.0077556055068317455
2020-01-07,11. Sharpe Maximization,-0.008143063004217634
2020-01-08,11. Sharpe Maximization,-0.0005006421862435881
2020-01-09,11. Sharpe Maximization,0.0
2020-01-10,11. Sharpe Maximization,0.0
2020-01-13,11. Sharpe Maximization,0.0
2020-01-14,11. Sharpe Maximization,-0.01203852161945499
2020-01-15,11. Sharpe Maximization,-0.014866461163889486
2020-01-16,11. Sharpe Maximization,-0.0023627279146882663
2020-01-17,11. Sharpe Maximization,0.0
2020-01-21,11. Sharpe Maximization,-0.0036465001303418484
2020-01-22,11. Sharpe Maximization,0.0
2020-01-23,11. Sharpe Maximization,0.0
2020-01-24,11. Sharpe Maximization,-0.006992710612134453
2020-01-27,11. Sharpe Maximization,-0.030438446249887723
2020-01-28,11. Sharpe Maximization,-0.008755010095046228
2020-01-29,11. Sharpe Maximization,-0.0064556208826306175
2020-01-30,11. Sharpe Maximization,-0.00299135923417885
2020-01-31,11. Sharpe Maximization,-0.003645402124776816
2020-02-03,11. Sharpe Maximization,0.0
2020-02-04,11. Sharpe Maximization,0.0
2020-02-05,11. Sharpe Maximization,-0.05537425625926814
2020-02-06,11. Sharpe Maximization,-0.04243345677396309
2020-02-07,11. Sharpe Maximization,-0.05055647164661642
2020-02-10,11. Sharpe Maximization,-0.026854736344714008
2020-02-11,11. Sharpe Maximization,-0.021591647998367155
2020-02-12,11. Sharpe Maximization,-0.012087346309725647
2020-02-13,11. Sharpe Maximization,-0.0003681198934320781
2020-02-14,11. Sharpe Maximization,0.0
2020-02-18,11. Sharpe Maximization,0.0
2020-02-19,11. Sharpe Maximization,0.0
2020-02-20,11. Sharpe Maximization,-0.015421355107344865
2020-02-21,11. Sharpe Maximization,-0.035958676199328375
2020-02-24,11. Sharpe Maximization,-0.09674573444461461
2020-02-25,11. Sharpe Maximization,-0.13266179321603971
2020-02-26,11. Sharpe Maximization,-0.1321466686030256
2020-02-27,11. Sharpe Maximization,-0.20233869742437374
2020-02-28,11. Sharpe Maximization,-0.20252473999213316
2020-03-02,11. Sharpe Maximization,-0.14254957851438185
2020-03-03,11. Sharpe Maximization,-0.1606307767721373
2020-03-04,11. Sharpe Maximization,-0.12746140017665222
2020-03-05,11. Sharpe Maximization,-0.15675495468262843
2020-03-06,11. Sharpe Maximization,-0.1745941265992911
2020-03-09,11. Sharpe Maximization,-0.24938285419228673
2020-03-10,11. Sharpe Maximization,-0.20308979705568672
2020-03-11,11. Sharpe Maximization,-0.2318400765247289
2020-03-12,11. Sharpe Maximization,-0.31638646759141453
2020-03-13,11. Sharpe Maximization,-0.26864405669958163
2020-03-16,11. Sharpe Maximization,-0.38084676156682273
2020-03-17,11. Sharpe Maximization,-0.3519899081811382
2020-03-18,11. Sharpe Maximization,-0.3951456641104253
2020-03-19,11. Sharpe Maximization,-0.36731815396271056
2020-03-20,11. Sharpe Maximization,-0.3919619095609957
2020-03-23,11. Sharpe Maximization,-0.38802763345186414
2020-03-24,11. Sharpe Maximization,-0.3090817322280099
2020-03-25,11. Sharpe Maximization,-0.30198701230746905
2020-03-26,11. Sharpe Maximization,-0.2823775073298737
2020-03-27,11. Sharpe Maximization,-0.3017790497240082
2020-03-30,11. Sharpe Maximization,-0.28482321735444405
2020-03-31,11. Sharpe Maximization,-0.2853464667486854
2020-04-01,11. Sharpe Maximization,-0.32255047288511
2020-04-02,11. Sharpe Maximization,-0.3142398236934508
2020-04-03,11. Sharpe Maximization,-0.3128401310696983
2020-04-06,11. Sharpe Maximization,-0.2597478261455134
2020-04-07,11. Sharpe Maximization,-0.2633169705652971
2020-04-08,11. Sharpe Maximization,-0.2542313887491266
2020-04-09,11. Sharpe Maximization,-0.24742082432412119
2020-04-13,11. Sharpe Maximization,-0.20326534058921322
2020-04-14,11. Sharpe Maximization,-0.1563867561049221
2020-04-15,11. Sharpe Maximization,-0.1522346482365167
2020-04-16,11. Sharpe Maximization,-0.12628653884217642
2020-04-17,11. Sharpe Maximization,-0.1248456613615115
2020-04-20,11. Sharpe Maximization,-0.13819329315434645
2020-04-21,11. Sharpe Maximization,-0.18202818318829248
2020-04-22,11. Sharpe Maximization,-0.14261139037061338
2020-04-23,11. Sharpe Maximization,-0.1612932181524657
2020-04-24,11. Sharpe Maximization,-0.14496252215001268
2020-04-27,11. Sharpe Maximization,-0.11081083048994153
2020-04-28,11. Sharpe Maximization,-0.13043167150599766
2020-04-29,11. Sharpe Maximization,-0.11481293098820744
2020-04-30,11. Sharpe Maximization,-0.11511312641278006
2020-05-01,11. Sharpe Maximization,-0.14953933200452593
2020-05-04,11. Sharpe Maximization,-0.11854354102643379
2020-05-05,11. Sharpe Maximization,-0.11035061723220323
2020-05-06,11. Sharpe Maximization,-0.10398691556620027
2020-05-07,11. Sharpe Maximization,-0.10055797398750714
2020-05-08,11. Sharpe Maximization,-0.07603046342380006
2020-05-11,11. Sharpe Maximization,-0.06653252455339528
2020-05-12,11. Sharpe Maximization,-0.07757287994199379
2020-05-13,11. Sharpe Maximization,-0.08594562069694071
2020-05-14,11. Sharpe Maximization,-0.0727067779779099
2020-05-15,11. Sharpe Maximization,-0.0524516524188831
2020-05-18,11. Sharpe Maximization,-0.03216699407641593
2020-05-19,11. Sharpe Maximization,-0.03853555752020554
2020-05-20,11. Sharpe Maximization,-0.02706253789948543
2020-05-21,11. Sharpe Maximization,-0.031772367957742645
2020-05-22,11. Sharpe Maximization,-0.027119542957131884
2020-05-26,11. Sharpe Maximization,-0.03932859590284844
2020-05-27,11. Sharpe Maximization,-0.048454967979734906
2020-05-28,11. Sharpe Maximization,-0.05205797805851036
2020-05-29,11. Sharpe Maximization,-0.052393467553697226
2020-06-01,11. Sharpe Maximization,-0.030344527073214483
2020-06-02,11. Sharpe Maximization,-0.03428949342601029
2020-06-03,11. Sharpe Maximization,-0.03482665393855005
2020-06-04,11. Sharpe Maximization,-0.044900404559427884
2020-06-05,11. Sharpe Maximization,-0.02657919762475814
2020-06-08,11. Sharpe Maximization,-0.0072995959681005276
2020-06-09,11. Sharpe Maximization,0.0
2020-06-10,11. Sharpe Maximization,0.0
2020-06-11,11. Sharpe Maximization,-0.04744046987464166
2020-06-12,11. Sharpe Maximization,-0.05601327793539676
2020-06-15,11. Sharpe Maximization,-0.027296909940777513
2020-06-16,11. Sharpe Maximization,-0.02521356690862833
2020-06-17,11. Sharpe Maximization,-0.018002772279840724
2020-06-18,11. Sharpe Maximization,-0.01565612120453467
2020-06-19,11. Sharpe Maximization,-0.014691224917062255
2020-06-22,11. Sharpe Maximization,-0.00026067488646760203
2020-06-23,11. Sharpe Maximization,0.0
2020-06-24,11. Sharpe Maximization,-0.02510512554673037
2020-06-25,11. Sharpe Maximization,-0.006564672427964245
2020-06-26,11. Sharpe Maximization,-0.03459284843481674
2020-06-29,11. Sharpe Maximization,-0.010687548980574023
2020-06-30,11. Sharpe Maximization,-0.010834255415413812
2020-07-01,11. Sharpe Maximization,0.0
2020-07-02,11. Sharpe Maximization,0.0
2020-07-06,11. Sharpe Maximization,0.0
2020-07-07,11. Sharpe Maximization,0.0
2020-07-08,11. Sharpe Maximization,0.0
2020-07-09,11. Sharpe Maximization,0.0
2020-07-10,11. Sharpe Maximization,0.0
2020-07-13,11. Sharpe Maximization,-0.02458746828288081
2020-07-14,11. Sharpe Maximization,-0.005156916934238833
2020-07-15,11. Sharpe Maximization,-0.0004542168111987554
2020-07-16,11. Sharpe Maximization,-0.016753221049466784
2020-07-17,11. Sharpe Maximization,-0.015793848778601745
2020-07-20,11. Sharpe Maximization,0.0
2020-07-21,11. Sharpe Maximization,-0.02474459904337439
2020-07-22,11. Sharpe Maximization,-0.015485507371541977
2020-07-23,11. Sharpe Maximization,-0.054109620028003194
2020-07-24,11. Sharpe Maximization,-0.07517111757629591
2020-07-27,11. Sharpe Maximization,-0.03554240541427831
2020-07-28,11. Sharpe Maximization,-0.05903058322699921
2020-07-29,11. Sharpe Maximization,-0.043348264453066256
2020-07-30,11. Sharpe Maximization,-0.03944706887233324
2020-07-31,11. Sharpe Maximization,-0.03967224980978447
2020-08-03,11. Sharpe Maximization,-0.012759664919655064
2020-08-04,11. Sharpe Maximization,-0.0019068958218925072
2020-08-05,11. Sharpe Maximization,-0.0023145704335928775
2020-08-06,11. Sharpe Maximization,0.0
2020-08-07,11. Sharpe Maximization,-0.015804041321914004
2020-08-10,11. Sharpe Maximization,-0.017829593747258052
2020-08-11,11. Sharpe Maximization,-0.04405179492601483
2020-08-12,11. Sharpe Maximization,0.0
2020-08-13,11. Sharpe Maximization,0.0
2020-08-14,11. Sharpe Maximization,0.0
2020-08-17,11. Sharpe Maximization,0.0
2020-08-18,11. Sharpe Maximization,0.0
2020-08-19,11. Sharpe Maximization,-0.006928929772392872
2020-08-20,11. Sharpe Maximization,0.0
2020-08-21,11. Sharpe Maximization,0.0
2020-08-24,11. Sharpe Maximization,-0.0030535125783221137
2020-08-25,11. Sharpe Maximization,-0.0033539211198705117
2020-08-26,11. Sharpe Maximization,0.0
2020-08-27,11. Sharpe Maximization,0.0
2020-08-28,11. Sharpe Maximization,0.0
2020-08-31,11. Sharpe Maximization,-0.0005714319636702548
2020-09-01,11. Sharpe Maximization,0.0
2020-09-02,11. Sharpe Maximization,-0.011112040464278961
2020-09-03,11. Sharpe Maximization,-0.09084184880489625
2020-09-04,11. Sharpe Maximization,-0.09385470566731506
2020-09-08,11. Sharpe Maximization,-0.18360543031091975
2020-09-09,11. Sharpe Maximization,-0.13313288722106315
2020-09-10,11. Sharpe Maximization,-0.15002730531360645
2020-09-11,11. Sharpe Maximization,-0.1559564330932818
2020-09-14,11. Sharpe Maximization,-0.10434140589604025
2020-09-15,11. Sharpe Maximization,-0.08339256655475596
2020-09-16,11. Sharpe Maximization,-0.1072742113388601
2020-09-17,11. Sharpe Maximization,-0.12307069249023192
2020-09-18,11. Sharpe Maximization,-0.12704897274474536
2020-09-21,11. Sharpe Maximization,-0.10680352308401134
2020-09-22,11. Sharpe Maximization,-0.11421527983360383
2020-09-23,11. Sharpe Maximization,-0.1640149703994913
2020-09-24,11. Sharpe Maximization,-0.1516201913818086
2020-09-25,11. Sharpe Maximization,-0.11868734917366601
2020-09-28,11. Sharpe Maximization,-0.10077287787539888
2020-09-29,11. Sharpe Maximization,-0.09989234747218102
2020-09-30,11. Sharpe Maximization,-0.10051907471669909
2020-10-01,11. Sharpe Maximization,-0.07689181755240516
2020-10-02,11. Sharpe Maximization,-0.11768132284211402
2020-10-05,11. Sharpe Maximization,-0.09389749163559685
2020-10-06,11. Sharpe Maximization,-0.1048465047765941
2020-10-07,11. Sharpe Maximization,-0.08791840982191478
2020-10-08,11. Sharpe Maximization,-0.08958681392582347
2020-10-09,11. Sharpe Maximization,-0.08092695549806939
2020-10-12,11. Sharpe Maximization,-0.06096054302020935
2020-10-13,11. Sharpe Maximization,-0.05271219286814064
2020-10-14,11. Sharpe Maximization,-0.05342510945562884
2020-10-15,11. Sharpe Maximization,-0.06309185647836466
2020-10-16,11. Sharpe Maximization,-0.07411267199118826
2020-10-19,11. Sharpe Maximization,-0.09027556477148149
2020-10-20,11. Sharpe Maximization,-0.0916129087668156
2020-10-21,11. Sharpe Maximization,-0.09714044402195679
2020-10-22,11. Sharpe Maximization,-0.10050375193939691
2020-10-23,11. Sharpe Maximization,-0.097808797678723
2020-10-26,11. Sharpe Maximization,-0.10996350612246852
2020-10-27,11. Sharpe Maximization,-0.09931690437882962
2020-10-28,11. Sharpe Maximization,-0.13400319143094397
2020-10-29,11. Sharpe Maximization,-0.12047966545589063
2020-10-30,11. Sharpe Maximization,-0.12067905617091404
2020-11-02,11. Sharpe Maximization,-0.10981748478276335
2020-11-03,11. Sharpe Maximization,-0.07913182999070525
2020-11-04,11. Sharpe Maximization,-0.05762671017543659
2020-11-05,11. Sharpe Maximization,-0.032112310204962254
2020-11-06,11. Sharpe Maximization,-0.02612587551652656
2020-11-09,11. Sharpe Maximization,-0.0633595451023169
2020-11-10,11. Sharpe Maximization,-0.09014874224496851
2020-11-11,11. Sharpe Maximization,-0.06361712159839264
2020-11-12,11. Sharpe Maximization,-0.06733418687045181
2020-11-13,11. Sharpe Maximization,-0.06874829134300993
2020-11-16,11. Sharpe Maximization,-0.06157009139914277
2020-11-17,11. Sharpe Maximization,-0.04514276125955857
2020-11-18,11. Sharpe Maximization,-0.01605403439211228
2020-11-19,11. Sharpe Maximization,-0.0020689594616060823
2020-11-20,11. Sharpe Maximization,-0.019544735830977118
2020-11-23,11. Sharpe Maximization,0.0
2020-11-24,11. Sharpe Maximization,0.0
2020-11-25,11. Sharpe Maximization,0.0
2020-11-27,11. Sharpe Maximization,0.0
2020-11-30,11. Sharpe Maximization,-0.00031687287705489263
2020-12-01,11. Sharpe Maximization,0.0
2020-12-02,11. Sharpe Maximization,-0.010060025282348267
2020-12-03,11. Sharpe Maximization,-0.0035723529340188657
2020-12-04,11. Sharpe Maximization,0.0
2020-12-07,11. Sharpe Maximization,0.0
2020-12-08,11. Sharpe Maximization,0.0
2020-12-09,11. Sharpe Maximization,-0.03553847123764275
2020-12-10,11. Sharpe Maximization,-0.025572229412361695
2020-12-11,11. Sharpe Maximization,-0.03322473128680834
2020-12-14,11. Sharpe Maximization,-0.013195888392805976
2020-12-15,11. Sharpe Maximization,-0.015121756833962215
2020-12-16,11. Sharpe Maximization,-0.021606270597504796
2020-12-17,11. Sharpe Maximization,-0.0008299849887076692
2020-12-18,11. Sharpe Maximization,0.0
2020-12-21,11. Sharpe Maximization,-0.021236349673295178
2020-12-22,11. Sharpe Maximization,-0.030589975569666278
2020-12-23,11. Sharpe Maximization,-0.03576290910310507
2020-12-24,11. Sharpe Maximization,-0.027743517704406213
2020-12-28,11. Sharpe Maximization,-0.023559969679422855
2020-12-29,11. Sharpe Maximization,-0.022810141629043868
2020-12-30,11. Sharpe Maximization,-0.0050577214085933365
2020-12-31,11. Sharpe Maximization,-0.005247331016601703
2021-01-04,11. Sharpe Maximization,0.0
2021-01-05,11. Sharpe Maximization,0.0
2021-01-06,11. Sharpe Maximization,-0.010121859982567089
2021-01-07,11. Sharpe Maximization,0.0
2021-01-08,11. Sharpe Maximization,0.0
2021-01-11,11. Sharpe Maximization,-0.020787358288118004
2021-01-12,11. Sharpe Maximization,-0.005375041314397136
2021-01-13,11. Sharpe Maximization,-0.0037090089106995997
2021-01-14,11. Sharpe Maximization,-0.016593611750333775
2021-01-15,11. Sharpe Maximization,-0.0362538050630697
2021-01-19,11. Sharpe Maximization,-0.027234993387900416
2021-01-20,11. Sharpe Maximization,-0.009120138071374555
2021-01-21,11. Sharpe Maximization,-0.0003706169694430667
2021-01-22,11. Sharpe Maximization,-0.0008042456389687166
2021-01-25,11. Sharpe Maximization,0.0
2021-01-26,11. Sharpe Maximization,-0.0002840594155291235
2021-01-27,11. Sharpe Maximization,-0.0281810544293675
2021-01-28,11. Sharpe Maximization,-0.036549521126933306
2021-01-29,11. Sharpe Maximization,-0.061027219374691646
2021-02-01,11. Sharpe Maximization,-0.035584979409158196
2021-02-02,11. Sharpe Maximization,-0.012129312793207152
2021-02-03,11. Sharpe Maximization,-0.021140026788659803
2021-02-04,11. Sharpe Maximization,-0.01715814517448353
2021-02-05,11. Sharpe Maximization,-0.01383988665208335
2021-02-08,11. Sharpe Maximization,0.0
2021-02-09,11. Sharpe Maximization,-0.008188221183313218
2021-02-10,11. Sharpe Maximization,-0.018590152182520674
2021-02-11,11. Sharpe Maximization,-0.006800866811551568
2021-02-12,11. Sharpe Maximization,-0.009807192615308269
2021-02-16,11. Sharpe Maximization,-0.007946101321102968
2021-02-17,11. Sharpe Maximization,-0.012009181953646735
2021-02-18,11. Sharpe Maximization,-0.03418117654298704
2021-02-19,11. Sharpe Maximization,-0.03580713801429761
2021-02-22,11. Sharpe Maximization,-0.07684664964189997
2021-02-23,11. Sharpe Maximization,-0.0908608913400689
2021-02-24,11. Sharpe Maximization,-0.07194295888259833
2021-02-25,11. Sharpe Maximization,-0.125381757718667
2021-02-26,11. Sharpe Maximization,-0.12587800905597762
2021-03-01,11. Sharpe Maximization,-0.09837007141744249
2021-03-02,11. Sharpe Maximization,-0.12159005228644097
2021-03-03,11. Sharpe Maximization,-0.15046406065241402
2021-03-04,11. Sharpe Maximization,-0.17613499607514982
2021-03-05,11. Sharpe Maximization,-0.17964633678107084
2021-03-08,11. Sharpe Maximization,-0.19707228465126134
2021-03-09,11. Sharpe Maximization,-0.14406950101539898
2021-03-10,11. Sharpe Maximization,-0.14332029731280999
2021-03-11,11. Sharpe Maximization,-0.1190868207025099
2021-03-12,11. Sharpe Maximization,-0.12155515233970889
2021-03-15,11. Sharpe Maximization,-0.11077045469486597
2021-03-16,11. Sharpe Maximization,-0.12391750847931719
2021-03-17,11. Sharpe Maximization,-0.1131982275689064
2021-03-18,11. Sharpe Maximization,-0.1496433749457488
2021-03-19,11. Sharpe Maximization,-0.14625370535748303
2021-03-22,11. Sharpe Maximization,-0.13122331594809566
2021-03-23,11. Sharpe Maximization,-0.1397757154655864
2021-03-24,11. Sharpe Maximization,-0.16586866475909628
2021-03-25,11. Sharpe Maximization,-0.16054305688569878
2021-03-26,11. Sharpe Maximization,-0.16320498241546527
2021-03-29,11. Sharpe Maximization,-0.16373870073225402
2021-03-30,11. Sharpe Maximization,-0.15587109649515624
2021-03-31,11. Sharpe Maximization,-0.15657008359502386
2021-04-01,11. Sharpe Maximization,-0.14338598757712148
2021-04-05,11. Sharpe Maximization,-0.12252230021465278
2021-04-06,11. Sharpe Maximization,-0.1252497358145943
2021-04-07,11. Sharpe Maximization,-0.12813971621845072
2021-04-08,11. Sharpe Maximization,-0.11979093462770302
2021-04-09,11. Sharpe Maximization,-0.1177652492855002
2021-04-12,11. Sharpe Maximization,-0.09707205074104176
2021-04-13,11. Sharpe Maximization,-0.06650420047693444
2021-04-14,11. Sharpe Maximization,-0.08259737229432304
2021-04-15,11. Sharpe Maximization,-0.06384916546521564
2021-04-16,11. Sharpe Maximization,-0.06469220111708132
2021-04-19,11. Sharpe Maximization,-0.0833026843760954
2021-04-20,11. Sharpe Maximization,-0.089652179036071
2021-04-21,11. Sharpe Maximization,-0.075349757381258
2021-04-22,11. Sharpe Maximization,-0.09704802638387743
2021-04-23,11. Sharpe Maximization,-0.08272370296428436
2021-04-26,11. Sharpe Maximization,-0.07658627747020597
2021-04-27,11. Sharpe Maximization,-0.09059055161523305
2021-04-28,11. Sharpe Maximization,-0.09152879404420418
2021-04-29,11. Sharpe Maximization,-0.09140083345860872
2021-04-30,11. Sharpe Maximization,-0.09180248226946604
2021-05-03,11. Sharpe Maximization,-0.10135630240228725
2021-05-04,11. Sharpe Maximization,-0.11719144934048494
2021-05-05,11. Sharpe Maximization,-0.11599890996941441
2021-05-06,11. Sharpe Maximization,-0.11249321172439372
2021-05-07,11. Sharpe Maximization,-0.10164824715853339
2021-05-10,11. Sharpe Maximization,-0.1309426974693474
2021-05-11,11. Sharpe Maximization,-0.14037235203200604
2021-05-12,11. Sharpe Maximization,-0.17201724455711082
2021-05-13,11. Sharpe Maximization,-0.17285320362089118
2021-05-14,11. Sharpe Maximization,-0.15295869890789454
2021-05-17,11. Sharpe Maximization,-0.15905177978007026
2021-05-18,11. Sharpe Maximization,-0.16571335287821054
2021-05-19,11. Sharpe Maximization,-0.16891828285751243
2021-05-20,11. Sharpe Maximization,-0.14696395249211386
2021-05-21,11. Sharpe Maximization,-0.14311845759179212
2021-05-24,11. Sharpe Maximization,-0.11636003384481029
2021-05-25,11. Sharpe Maximization,-0.11494340101057872
2021-05-26,11. Sharpe Maximization,-0.1074102170584828
2021-05-27,11. Sharpe Maximization,-0.10872778132527056
2021-05-28,11. Sharpe Maximization,-0.10903633101686641
2021-06-01,11. Sharpe Maximization,-0.103655972501912
2021-06-02,11. Sharpe Maximization,-0.1034441255900465
2021-06-03,11. Sharpe Maximization,-0.11529682211753434
2021-06-04,11. Sharpe Maximization,-0.08932110281116284
2021-06-07,11. Sharpe Maximization,-0.08586258806276566
2021-06-08,11. Sharpe Maximization,-0.08826947273613046
2021-06-09,11. Sharpe Maximization,-0.09005904781868256
2021-06-10,11. Sharpe Maximization,-0.08122535534539159
2021-06-11,11. Sharpe Maximization,-0.07589091551956216
2021-06-14,11. Sharpe Maximization,-0.06752046738829677
2021-06-15,11. Sharpe Maximization,-0.07824574915909809
2021-06-16,11. Sharpe Maximization,-0.07775833790189228
2021-06-17,11. Sharpe Maximization,-0.059847438314213075
2021-06-18,11. Sharpe Maximization,-0.06379986148581292
2021-06-21,11. Sharpe Maximization,-0.06117362888392234
2021-06-22,11. Sharpe Maximization,-0.049821699053747594
2021-06-23,11. Sharpe Maximization,-0.0337014399219217
2021-06-24,11. Sharpe Maximization,-0.020500717373402606
2021-06-25,11. Sharpe Maximization,-0.02617593407887771
2021-06-28,11. Sharpe Maximization,-0.006400035849985715
2021-06-29,11. Sharpe Maximization,-0.010456631729629967
2021-06-30,11. Sharpe Maximization,-0.01094725512654755
2021-07-01,11. Sharpe Maximization,-0.007478719934814733
2021-07-02,11. Sharpe Maximization,0.0
2021-07-06,11. Sharpe Maximization,-0.0024517412923259663
2021-07-07,11. Sharpe Maximization,-0.011053365255681001
2021-07-08,11. Sharpe Maximization,-0.021333522448014824
2021-07-09,11. Sharpe Maximization,-0.012885612503356346
2021-07-12,11. Sharpe Maximization,0.0
2021-07-13,11. Sharpe Maximization,-0.005407683546283252
2021-07-14,11. Sharpe Maximization,-0.013596165051428443
2021-07-15,11. Sharpe Maximization,-0.030879653737665887
2021-07-16,11. Sharpe Maximization,-0.049267482320941636
2021-07-19,11. Sharpe Maximization,-0.052976701672931836
2021-07-20,11. Sharpe Maximization,-0.2525048334728288
2021-07-21,11. Sharpe Maximization,-0.24291388379823214
2021-07-22,11. Sharpe Maximization,-0.24290710894205197
2021-07-23,11. Sharpe Maximization,-0.2315487612115712
2021-07-26,11. Sharpe Maximization,-0.2239351716357292
2021-07-27,11. Sharpe Maximization,-0.2321339773106719
2021-07-28,11. Sharpe Maximization,-0.22028085404767364
2021-07-29,11. Sharpe Maximization,-0.21555228618667535
2021-07-30,11. Sharpe Maximization,-0.21630998647808153
2021-08-02,11. Sharpe Maximization,-0.21938354414750996
2021-08-03,11. Sharpe Maximization,-0.21937775000563628
2021-08-04,11. Sharpe Maximization,-0.21901606638733534
2021-08-05,11. Sharpe Maximization,-0.20951639516175594
2021-08-06,11. Sharpe Maximization,-0.20798601410724943
2021-08-09,11. Sharpe Maximization,-0.20924962969283226
2021-08-10,11. Sharpe Maximization,-0.206940051115272
2021-08-11,11. Sharpe Maximization,-0.20723038869041452
2021-08-12,11. Sharpe Maximization,-0.20523607493605422
2021-08-13,11. Sharpe Maximization,-0.20370909265976414
2021-08-16,11. Sharpe Maximization,-0.20446036342055632
2021-08-17,11. Sharpe Maximization,-0.2167723796798135
2021-08-18,11. Sharpe Maximization,-0.22487121052452314
2021-08-19,11. Sharpe Maximization,-0.230306040715444
2021-08-20,11. Sharpe Maximization,-0.22263019825254166
2021-08-23,11. Sharpe Maximization,-0.2075256920015729
2021-08-24,11. Sharpe Maximization,-0.20205621643902555
2021-08-25,11. Sharpe Maximization,-0.19862618524865255
2021-08-26,11. Sharpe Maximization,-0.20595870377483838
2021-08-27,11. Sharpe Maximization,-0.189930297993809
2021-08-30,11. Sharpe Maximization,-0.185296934438652
2021-08-31,11. Sharpe Maximization,-0.18625797010897283
2021-09-01,11. Sharpe Maximization,-0.18769397929376994
2021-09-02,11. Sharpe Maximization,-0.1832734244662801
2021-09-03,11. Sharpe Maximization,-0.18450486129487037
2021-09-07,11. Sharpe Maximization,-0.18517762581058708
2021-09-08,11. Sharpe Maximization,-0.18948403627708651
2021-09-09,11. Sharpe Maximization,-0.19059150043493278
2021-09-10,11. Sharpe Maximization,-0.19999732771890708
2021-09-13,11. Sharpe Maximization,-0.19453909889528126
2021-09-14,11. Sharpe Maximization,-0.19983286726068022
2021-09-15,11. Sharpe Maximization,-0.19023279691404282
2021-09-16,11. Sharpe Maximization,-0.19444516361494377
2021-09-17,11. Sharpe Maximization,-0.20385625678258287
2021-09-20,11. Sharpe Maximization,-0.21688208218548363
2021-09-21,11. Sharpe Maximization,-0.21761453303286207
2021-09-22,11. Sharpe Maximization,-0.20706027777612027
2021-09-23,11. Sharpe Maximization,-0.1918561751391765
2021-09-24,11. Sharpe Maximization,-0.18712425905280933
2021-09-27,11. Sharpe Maximization,-0.1803990259888262
2021-09-28,11. Sharpe Maximization,-0.19132755892596476
2021-09-29,11. Sharpe Maximization,-0.19207002591764447
2021-09-30,11. Sharpe Maximization,-0.1928472786032449
2021-10-01,11. Sharpe Maximization,-0.1773376106587245
2021-10-04,11. Sharpe Maximization,-0.1774272227273463
2021-10-05,11. Sharpe Maximization,-0.17300361762188587
2021-10-06,11. Sharpe Maximization,-0.17401122875350236
2021-10-07,11. Sharpe Maximization,-0.1663784040431663
2021-10-08,11. Sharpe Maximization,-0.16157241372939465
2021-10-11,11. Sharpe Maximization,-0.1654584474417946
2021-10-12,11. Sharpe Maximization,-0.16757140582772861
2021-10-13,11. Sharpe Maximization,-0.16669420575112284
2021-10-14,11. Sharpe Maximization,-0.15290873411023778
2021-10-15,11. Sharpe Maximization,-0.1408109860834074
2021-10-18,11. Sharpe Maximization,-0.12994375959103913
2021-10-19,11. Sharpe Maximization,-0.1260663284887286
2021-10-20,11. Sharpe Maximization,-0.12568725872552006
2021-10-21,11. Sharpe Maximization,-0.12210247483389605
2021-10-22,11. Sharpe Maximization,-0.12213641237745734
2021-10-25,11. Sharpe Maximization,-0.08169938750602608
2021-10-26,11. Sharpe Maximization,-0.07396700707383726
2021-10-27,11. Sharpe Maximization,-0.0641752339023182
2021-10-28,11. Sharpe Maximization,-0.05060706714461633
2021-10-29,11. Sharpe Maximization,-0.05091253243608124
2021-11-01,11. Sharpe Maximization,-0.031698339051157036
2021-11-02,11. Sharpe Maximization,-0.04070135408365273
2021-11-03,11. Sharpe Maximization,-0.03125949265795537
2021-11-04,11. Sharpe Maximization,-0.021003680783501122
2021-11-05,11. Sharpe Maximization,-0.020148452951826795
2021-11-08,11. Sharpe Maximization,-0.031786038793210084
2021-11-09,11. Sharpe Maximization,-0.06430022333920174
2021-11-10,11. Sharpe Maximization,-0.06887048359418697
2021-11-11,11. Sharpe Maximization,-0.0699624848622393
2021-11-12,11. Sharpe Maximization,-0.07294238153726469
2021-11-15,11. Sharpe Maximization,-0.07646424997305569
2021-11-16,11. Sharpe Maximization,-0.05870564595877823
2021-11-17,11. Sharpe Maximization,-0.052105678215733656
2021-11-18,11. Sharpe Maximization,-0.04705860376311962
2021-11-19,11. Sharpe Maximization,-0.05067582369263437
2021-11-22,11. Sharpe Maximization,-0.046923821673804274
2021-11-23,11. Sharpe Maximization,-0.05310583010892648
2021-11-24,11. Sharpe Maximization,-0.048172209112148985
2021-11-26,11. Sharpe Maximization,-0.07671453474156327
2021-11-29,11. Sharpe Maximization,-0.05364039204937717
2021-11-30,11. Sharpe Maximization,-0.05404856677849224
2021-12-01,11. Sharpe Maximization,-0.0664528802095019
2021-12-02,11. Sharpe Maximization,-0.05616728149031711
2021-12-03,11. Sharpe Maximization,-0.07360660835022605
2021-12-06,11. Sharpe Maximization,-0.06537053107442024
2021-12-07,11. Sharpe Maximization,-0.04622252546853276
2021-12-08,11. Sharpe Maximization,-0.043848609332499684
2021-12-09,11. Sharpe Maximization,-0.058212219553223844
2021-12-10,11. Sharpe Maximization,-0.05090557911846126
2021-12-13,11. Sharpe Maximization,-0.07627943328943881
2021-12-14,11. Sharpe Maximization,-0.08414273773629265
2021-12-15,11. Sharpe Maximization,-0.07204383774217549
2021-12-16,11. Sharpe Maximization,-0.09199186380671336
2021-12-17,11. Sharpe Maximization,-0.10751865777071931
2021-12-20,11. Sharpe Maximization,-0.11561305445116217
2021-12-21,11. Sharpe Maximization,-0.09992175150960575
2021-12-22,11. Sharpe Maximization,-0.07445284909482211
2021-12-23,11. Sharpe Maximization,-0.0601454383193025
2021-12-27,11. Sharpe Maximization,-0.04552127502831708
2021-12-28,11. Sharpe Maximization,-0.048062554829187816
2021-12-29,11. Sharpe Maximization,-0.046575891423119894
2021-12-30,11. Sharpe Maximization,-0.05228485795862929
2021-12-31,11. Sharpe Maximization,-0.05290965874813131
2022-01-03,11. Sharpe Maximization,-0.0643355520498941
2022-01-04,11. Sharpe Maximization,-0.06964295662490508
2022-01-05,11. Sharpe Maximization,-0.08034316735629626
2022-01-06,11. Sharpe Maximization,-0.08306872267577187
2022-01-07,11. Sharpe Maximization,-0.08798993178910113
2022-01-10,11. Sharpe Maximization,-0.08687469933572396
2022-01-11,11. Sharpe Maximization,-0.07894079379215854
2022-01-12,11. Sharpe Maximization,-0.07400530551772237
2022-01-13,11. Sharpe Maximization,-0.08775133100432808
2022-01-14,11. Sharpe Maximization,-0.09719894558026401
2022-01-18,11. Sharpe Maximization,-0.11004785811668519
2022-01-19,11. Sharpe Maximization,-0.1194921797568154
2022-01-20,11. Sharpe Maximization,-0.12727764445539153
2022-01-21,11. Sharpe Maximization,-0.14136776531547074
2022-01-24,11. Sharpe Maximization,-0.13559957750182755
2022-01-25,11. Sharpe Maximization,-0.13864756651954113
2022-01-26,11. Sharpe Maximization,-0.13403424778002412
2022-01-27,11. Sharpe Maximization,-0.13256485664709844
2022-01-28,11. Sharpe Maximization,-0.1121566381646027
2022-01-31,11. Sharpe Maximization,-0.11251296960672341
2022-02-01,11. Sharpe Maximization,-0.0888945450585315
2022-02-02,11. Sharpe Maximization,-0.0639224409841863
2022-02-03,11. Sharpe Maximization,-0.08154953700829713
2022-02-04,11. Sharpe Maximization,-0.0784973538531278
2022-02-07,11. Sharpe Maximization,-0.08274632589847938
2022-02-08,11. Sharpe Maximization,-0.09620353068006052
2022-02-09,11. Sharpe Maximization,-0.09659184115990126
2022-02-10,11. Sharpe Maximization,-0.11185403958666269
2022-02-11,11. Sharpe Maximization,-0.11400064840102814
2022-02-14,11. Sharpe Maximization,-0.12037928059358267
2022-02-15,11. Sharpe Maximization,-0.12123925952726394
2022-02-16,11. Sharpe Maximization,-0.11916705109202196
2022-02-17,11. Sharpe Maximization,-0.13431454105282267
2022-02-18,11. Sharpe Maximization,-0.1436414470815466
2022-02-22,11. Sharpe Maximization,-0.1609266240001259
2022-02-23,11. Sharpe Maximization,-0.16959492809891588
2022-02-24,11. Sharpe Maximization,-0.16621683838460163
2022-02-25,11. Sharpe Maximization,-0.14597935224290493
2022-02-28,11. Sharpe Maximization,-0.14648706913345597
2022-03-01,11. Sharpe Maximization,-0.15505037485856352
2022-03-02,11. Sharpe Maximization,-0.13645297601689513
2022-03-03,11. Sharpe Maximization,-0.13560777060764564
2022-03-04,11. Sharpe Maximization,-0.12926157321319312
2022-03-07,11. Sharpe Maximization,-0.13745001183212197
2022-03-08,11. Sharpe Maximization,-0.1409661861499158
2022-03-09,11. Sharpe Maximization,-0.1314839856484126
2022-03-10,11. Sharpe Maximization,-0.1294359576993673
2022-03-11,11. Sharpe Maximization,-0.13272569104870904
2022-03-14,11. Sharpe Maximization,-0.1391995236431912
2022-03-15,11. Sharpe Maximization,-0.14093757741521695
2022-03-16,11. Sharpe Maximization,-0.12737984359077104
2022-03-17,11. Sharpe Maximization,-0.11294508712969946
2022-03-18,11. Sharpe Maximization,-0.10546465177912234
2022-03-21,11. Sharpe Maximization,-0.09657043397635785
2022-03-22,11. Sharpe Maximization,-0.0946034971181462
2022-03-23,11. Sharpe Maximization,-0.0968174932536061
2022-03-24,11. Sharpe Maximization,-0.08519525120214279
2022-03-25,11. Sharpe Maximization,-0.07830313378887092
2022-03-28,11. Sharpe Maximization,-0.08080821064875411
2022-03-29,11. Sharpe Maximization,-0.07944314486279111
2022-03-30,11. Sharpe Maximization,-0.07977106180364973
2022-03-31,11. Sharpe Maximization,-0.0802631156286633
2022-04-01,11. Sharpe Maximization,-0.07907473792456705
2022-04-04,11. Sharpe Maximization,-0.06573896507417624
2022-04-05,11. Sharpe Maximization,-0.07950523094781758
2022-04-06,11. Sharpe Maximization,-0.08162909950674424
2022-04-07,11. Sharpe Maximization,-0.0638524696966596
2022-04-08,11. Sharpe Maximization,-0.06832170717066598
2022-04-11,11. Sharpe Maximization,-0.09725957078288143
2022-04-12,11. Sharpe Maximization,-0.09323966646980142
2022-04-13,11. Sharpe Maximization,-0.0802143595501191
2022-04-14,11. Sharpe Maximization,-0.09167370694063862
2022-04-18,11. Sharpe Maximization,-0.09360561301907708
2022-04-19,11. Sharpe Maximization,-0.0966053666941639
2022-04-20,11. Sharpe Maximization,-0.10778202222786626
2022-04-21,11. Sharpe Maximization,-0.10971017422951876
2022-04-22,11. Sharpe Maximization,-0.12736725536636812
2022-04-25,11. Sharpe Maximization,-0.12881080007478413
2022-04-26,11. Sharpe Maximization,-0.15829374031625593
2022-04-27,11. Sharpe Maximization,-0.1492634287234209
2022-04-28,11. Sharpe Maximization,-0.1293685391618495
2022-04-29,11. Sharpe Maximization,-0.12980620083551028
2022-05-02,11. Sharpe Maximization,-0.12771195810457722
2022-05-03,11. Sharpe Maximization,-0.11759113530152483
2022-05-04,11. Sharpe Maximization,-0.0945964927180409
2022-05-05,11. Sharpe Maximization,-0.12341008208496283
2022-05-06,11. Sharpe Maximization,-0.11535492877487147
2022-05-09,11. Sharpe Maximization,-0.15319462679791296
2022-05-10,11. Sharpe Maximization,-0.14471591432586564
2022-05-11,11. Sharpe Maximization,-0.15452778970911893
2022-05-12,11. Sharpe Maximization,-0.154463098821878
2022-05-13,11. Sharpe Maximization,-0.13967965142445907
2022-05-16,11. Sharpe Maximization,-0.13473165160883055
2022-05-17,11. Sharpe Maximization,-0.12112505919810618
2022-05-18,11. Sharpe Maximization,-0.15090087493144808
2022-05-19,11. Sharpe Maximization,-0.15305107072558186
2022-05-20,11. Sharpe Maximization,-0.14701466071209404
2022-05-23,11. Sharpe Maximization,-0.1312197937690664
2022-05-24,11. Sharpe Maximization,-0.1320952141427194
2022-05-25,11. Sharpe Maximization,-0.1227681880973941
2022-05-26,11. Sharpe Maximization,-0.11082627713841404
2022-05-27,11. Sharpe Maximization,-0.09627180417868784
2022-05-31,11. Sharpe Maximization,-0.0966703619380926
2022-06-01,11. Sharpe Maximization,-0.09775860055322257
2022-06-02,11. Sharpe Maximization,-0.08830213589195857
2022-06-03,11. Sharpe Maximization,-0.09889642360727198
2022-06-06,11. Sharpe Maximization,-0.09705242070223481
2022-06-07,11. Sharpe Maximization,-0.07682079394476307
2022-06-08,11. Sharpe Maximization,-0.0761171166359829
2022-06-09,11. Sharpe Maximization,-0.09987407836117428
2022-06-10,11. Sharpe Maximization,-0.12450503190857651
2022-06-13,11. Sharpe Maximization,-0.16088804805517534
2022-06-14,11. Sharpe Maximization,-0.15983716052070218
2022-06-15,11. Sharpe Maximization,-0.15174936889442645
2022-06-16,11. Sharpe Maximization,-0.18188401247888142
2022-06-17,11. Sharpe Maximization,-0.19791661016294182
2022-06-21,11. Sharpe Maximization,-0.1599863511649921
2022-06-22,11. Sharpe Maximization,-0.16571253442111913
2022-06-23,11. Sharpe Maximization,-0.16386329365847374
2022-06-24,11. Sharpe Maximization,-0.1416821172885947
2022-06-27,11. Sharpe Maximization,-0.13465734463635706
2022-06-28,11. Sharpe Maximization,-0.14459940196842735
2022-06-29,11. Sharpe Maximization,-0.15155202733856157
2022-06-30,11. Sharpe Maximization,-0.1520372481997982
2022-07-01,11. Sharpe Maximization,-0.139982598885783
2022-07-05,11. Sharpe Maximization,-0.15488944409541694
2022-07-06,11. Sharpe Maximization,-0.15377074377519512
2022-07-07,11. Sharpe Maximization,-0.141882724072724
2022-07-08,11. Sharpe Maximization,-0.14047945112856952
2022-07-11,11. Sharpe Maximization,-0.14741638185420397
2022-07-12,11. Sharpe Maximization,-0.15681920589078802
2022-07-13,11. Sharpe Maximization,-0.1574415644375063
2022-07-14,11. Sharpe Maximization,-0.16492374725784073
2022-07-15,11. Sharpe Maximization,-0.15681231012023755
2022-07-18,11. Sharpe Maximization,-0.1612114871012285
2022-07-19,11. Sharpe Maximization,-0.14767480266217223
2022-07-20,11. Sharpe Maximization,-0.15141840504565968
2022-07-21,11. Sharpe Maximization,-0.14970522705251157
2022-07-22,11. Sharpe Maximization,-0.14994733703071841
2022-07-25,11. Sharpe Maximization,-0.137016149739706
2022-07-26,11. Sharpe Maximization,-0.1331266203668977
2022-07-27,11. Sharpe Maximization,-0.12659225572033816
2022-07-28,11. Sharpe Maximization,-0.12363733022180444
2022-07-29,11. Sharpe Maximization,-0.12413410243349901
2022-08-01,11. Sharpe Maximization,-0.1296684856502025
2022-08-02,11. Sharpe Maximization,-0.1338427361751133
2022-08-03,11. Sharpe Maximization,-0.13482236373849488
2022-08-04,11. Sharpe Maximization,-0.14445765968438246
2022-08-05,11. Sharpe Maximization,-0.16261174259708705
2022-08-08,11. Sharpe Maximization,-0.15826073608620242
2022-08-09,11. Sharpe Maximization,-0.15888311021550722
2022-08-10,11. Sharpe Maximization,-0.14509305332665243
2022-08-11,11. Sharpe Maximization,-0.15643706166467394
2022-08-12,11. Sharpe Maximization,-0.13225608917078543
2022-08-15,11. Sharpe Maximization,-0.129374271925942
2022-08-16,11. Sharpe Maximization,-0.132849086231992
2022-08-17,11. Sharpe Maximization,-0.1363885379648274
2022-08-18,11. Sharpe Maximization,-0.13459944425986542
2022-08-19,11. Sharpe Maximization,-0.138003174850069
2022-08-22,11. Sharpe Maximization,-0.14679457730268194
2022-08-23,11. Sharpe Maximization,-0.134723250751247
2022-08-24,11. Sharpe Maximization,-0.13547673578225092
2022-08-25,11. Sharpe Maximization,-0.3067597121071525
2022-08-26,11. Sharpe Maximization,-0.32017475924112015
2022-08-29,11. Sharpe Maximization,-0.31862664713540617
2022-08-30,11. Sharpe Maximization,-0.3338303369694557
2022-08-31,11. Sharpe Maximization,-0.3344458284256743
2022-09-01,11. Sharpe Maximization,-0.3332425114088889
2022-09-02,11. Sharpe Maximization,-0.3367270127508548
2022-09-06,11. Sharpe Maximization,-0.3391972984020668
2022-09-07,11. Sharpe Maximization,-0.3348983888059847
2022-09-08,11. Sharpe Maximization,-0.33341349649739477
2022-09-09,11. Sharpe Maximization,-0.32467885518919243
2022-09-12,11. Sharpe Maximization,-0.31550688323235954
2022-09-13,11. Sharpe Maximization,-0.34049198711096434
2022-09-14,11. Sharpe Maximization,-0.3330880867403444
2022-09-15,11. Sharpe Maximization,-0.3466934960464121
2022-09-16,11. Sharpe Maximization,-0.35162629173273646
2022-09-19,11. Sharpe Maximization,-0.3474655050585457
2022-09-20,11. Sharpe Maximization,-0.3482433431135018
2022-09-21,11. Sharpe Maximization,-0.3582251484574955
2022-09-22,11. Sharpe Maximization,-0.3590882368016134
2022-09-23,11. Sharpe Maximization,-0.37483484020385666
2022-09-26,11. Sharpe Maximization,-0.3810867553092605
2022-09-27,11. Sharpe Maximization,-0.38060907075768113
2022-09-28,11. Sharpe Maximization,-0.37343826002852676
2022-09-29,11. Sharpe Maximization,-0.38356143200620657
2022-09-30,11. Sharpe Maximization,-0.38375959183648084
2022-10-03,11. Sharpe Maximization,-0.36841409128947133
2022-10-04,11. Sharpe Maximization,-0.3579085169726605
2022-10-05,11. Sharpe Maximization,-0.35283986708430837
2022-10-06,11. Sharpe Maximization,-0.35539255767862227
2022-10-07,11. Sharpe Maximization,-0.36492689751494417
2022-10-10,11. Sharpe Maximization,-0.3722235769121604
2022-10-11,11. Sharpe Maximization,-0.37363011495740317
2022-10-12,11. Sharpe Maximization,-0.3703608952022273
2022-10-13,11. Sharpe Maximization,-0.3545758863318371
2022-10-14,11. Sharpe Maximization,-0.3657535407287176
2022-10-17,11. Sharpe Maximization,-0.3552439625902885
2022-10-18,11. Sharpe Maximization,-0.3499295316588803
2022-10-19,11. Sharpe Maximization,-0.34927331434691716
2022-10-20,11. Sharpe Maximization,-0.35293672460620157
2022-10-21,11. Sharpe Maximization,-0.33559175508209743
2022-10-24,11. Sharpe Maximization,-0.325244238185685
2022-10-25,11. Sharpe Maximization,-0.32071309887845534
2022-10-26,11. Sharpe Maximization,-0.31593917063286675
2022-10-27,11. Sharpe Maximization,-0.31799032528638066
2022-10-28,11. Sharpe Maximization,-0.2952382919802144
2022-10-31,11. Sharpe Maximization,-0.2954059157389256
2022-11-01,11. Sharpe Maximization,-0.28800906684102884
2022-11-02,11. Sharpe Maximization,-0.3010211403887904
2022-11-03,11. Sharpe Maximization,-0.3012520268760457
2022-11-04,11. Sharpe Maximization,-0.2941530009484845
2022-11-07,11. Sharpe Maximization,-0.29087006291164763
2022-11-08,11. Sharpe Maximization,-0.2883065810092803
2022-11-09,11. Sharpe Maximization,-0.3049341091175945
2022-11-10,11. Sharpe Maximization,-0.28926946941590337
2022-11-11,11. Sharpe Maximization,-0.281083833403436
2022-11-14,11. Sharpe Maximization,-0.27655241761767163
2022-11-15,11. Sharpe Maximization,-0.27768361021514265
2022-11-16,11. Sharpe Maximization,-0.28259278033809054
2022-11-17,11. Sharpe Maximization,-0.2797958397731151
2022-11-18,11. Sharpe Maximization,-0.28007502310333804
2022-11-21,11. Sharpe Maximization,-0.2795189878701146
2022-11-22,11. Sharpe Maximization,-0.26783884280393094
2022-11-23,11. Sharpe Maximization,-0.26878450246410046
2022-11-25,11. Sharpe Maximization,-0.2679784198982812
2022-11-28,11. Sharpe Maximization,-0.27323573063663426
2022-11-29,11. Sharpe Maximization,-0.2737053169119474
2022-11-30,11. Sharpe Maximization,-0.27425100943208114
2022-12-01,11. Sharpe Maximization,-0.2730315465885892
2022-12-02,11. Sharpe Maximization,-0.2731101359409344
2022-12-05,11. Sharpe Maximization,-0.28430155524441464
2022-12-06,11. Sharpe Maximization,-0.2938266414766198
2022-12-07,11. Sharpe Maximization,-0.2946129458322445
2022-12-08,11. Sharpe Maximization,-0.29263987203140135
2022-12-09,11. Sharpe Maximization,-0.3022122260442741
2022-12-12,11. Sharpe Maximization,-0.2896478955020593
2022-12-13,11. Sharpe Maximization,-0.2875084698654841
2022-12-14,11. Sharpe Maximization,-0.29000208868653404
2022-12-15,11. Sharpe Maximization,-0.2978124943045111
2022-12-16,11. Sharpe Maximization,-0.304967527842084
2022-12-19,11. Sharpe Maximization,-0.3037463578699853
2022-12-20,11. Sharpe Maximization,-0.2990782202788055
2022-12-21,11. Sharpe Maximization,-0.2905027236821899
2022-12-22,11. Sharpe Maximization,-0.2990397589389229
2022-12-23,11. Sharpe Maximization,-0.2913178612537816
2022-12-27,11. Sharpe Maximization,-0.2869901228902644
2022-12-28,11. Sharpe Maximization,-0.29664157972558713
2022-12-29,11. Sharpe Maximization,-0.29213804162765844
2022-12-30,11. Sharpe Maximization,-0.29203575015127753
2023-01-03,11. Sharpe Maximization,-0.29849755774156844
2023-01-04,11. Sharpe Maximization,-0.29697338841512605
2023-01-05,11. Sharpe Maximization,-0.29600547248745185
2023-01-06,11. Sharpe Maximization,-0.283701210163379
2023-01-09,11. Sharpe Maximization,-0.29495871839686527
2023-01-10,11. Sharpe Maximization,-0.29373229699700065
2023-01-11,11. Sharpe Maximization,-0.28993679290037266
2023-01-12,11. Sharpe Maximization,-0.2913014570637368
2023-01-13,11. Sharpe Maximization,-0.2902308242502779
2023-01-17,11. Sharpe Maximization,-0.29149967444878383
2023-01-18,11. Sharpe Maximization,-0.3086098708849941
2023-01-19,11. Sharpe Maximization,-0.31049653561962953
2023-01-20,11. Sharpe Maximization,-0.30316671183440513
2023-01-23,11. Sharpe Maximization,-0.30098037276107215
2023-01-24,11. Sharpe Maximization,-0.2972862915857227
2023-01-25,11. Sharpe Maximization,-0.29764084848895217
2023-01-26,11. Sharpe Maximization,-0.28958654768536346
2023-01-27,11. Sharpe Maximization,-0.2936007635209749
2023-01-30,11. Sharpe Maximization,-0.30128288468273906
2023-01-31,11. Sharpe Maximization,-0.30191822931680173
2023-02-01,11. Sharpe Maximization,-0.2998660951866009
2023-02-02,11. Sharpe Maximization,-0.3072017596499259
2023-02-03,11. Sharpe Maximization,-0.30851959423714925
2023-02-06,11. Sharpe Maximization,-0.3123152573283678
2023-02-07,11. Sharpe Maximization,-0.30430272102839356
2023-02-08,11. Sharpe Maximization,-0.30671931175821743
2023-02-09,11. Sharpe Maximization,-0.30608296424339604
2023-02-10,11. Sharpe Maximization,-0.3007029647525521
2023-02-13,11. Sharpe Maximization,-0.2950874801377018
2023-02-14,11. Sharpe Maximization,-0.2973726380644758
2023-02-15,11. Sharpe Maximization,-0.2962786330020594
2023-02-16,11. Sharpe Maximization,-0.30597170705358573
2023-02-17,11. Sharpe Maximization,-0.3133615220503871
2023-02-21,11. Sharpe Maximization,-0.3178026531308242
2023-02-22,11. Sharpe Maximization,-0.3261975962329552
2023-02-23,11. Sharpe Maximization,-0.3304463890226276
2023-02-24,11. Sharpe Maximization,-0.33314269243844175
2023-02-27,11. Sharpe Maximization,-0.3324914271905352
2023-02-28,11. Sharpe Maximization,-0.33308035829858257
2023-03-01,11. Sharpe Maximization,-0.33929600079594785
2023-03-02,11. Sharpe Maximization,-0.3316145690214346
2023-03-03,11. Sharpe Maximization,-0.3241361715370879
2023-03-06,11. Sharpe Maximization,-0.3242326192395834
2023-03-07,11. Sharpe Maximization,-0.33290558084239724
2023-03-08,11. Sharpe Maximization,-0.3297508159886825
2023-03-09,11. Sharpe Maximization,-0.3397180469912248
2023-03-10,11. Sharpe Maximization,-0.346812868385638
2023-03-13,11. Sharpe Maximization,-0.34783479190087147
2023-03-14,11. Sharpe Maximization,-0.3363666247822694
2023-03-15,11. Sharpe Maximization,-0.34199931323269217
2023-03-16,11. Sharpe Maximization,-0.3337900556913206
2023-03-17,11. Sharpe Maximization,-0.3331215797263712
2023-03-20,11. Sharpe Maximization,-0.32409734582417044
2023-03-21,11. Sharpe Maximization,-0.3141382221766196
2023-03-22,11. Sharpe Maximization,-0.31788299692407024
2023-03-23,11. Sharpe Maximization,-0.31227263911406933
2023-03-24,11. Sharpe Maximization,-0.31288130152314086
2023-03-27,11. Sharpe Maximization,-0.3070500401578646
2023-03-28,11. Sharpe Maximization,-0.3064127060046479
2023-03-29,11. Sharpe Maximization,-0.29672403217572046
2023-03-30,11. Sharpe Maximization,-0.29028048500124914
2023-03-31,11. Sharpe Maximization,-0.2905858362043241
2023-04-03,11. Sharpe Maximization,-0.2745716620881234
2023-04-04,11. Sharpe Maximization,-0.28130115415940843
2023-04-05,11. Sharpe Maximization,-0.28105258689332896
2023-04-06,11. Sharpe Maximization,-0.27972068306639364
2023-04-10,11. Sharpe Maximization,-0.2776528321955479
2023-04-11,11. Sharpe Maximization,-0.28022431859101776
2023-04-12,11. Sharpe Maximization,-0.2863376110925084
2023-04-13,11. Sharpe Maximization,-0.28170923924296276
2023-04-14,11. Sharpe Maximization,-0.27935498455742225
2023-04-17,11. Sharpe Maximization,-0.2804812167587643
2023-04-18,11. Sharpe Maximization,-0.2712321234017398
2023-04-19,11. Sharpe Maximization,-0.2710140995090192
2023-04-20,11. Sharpe Maximization,-0.2796220192404516
2023-04-21,11. Sharpe Maximization,-0.27805868847899784
2023-04-24,11. Sharpe Maximization,-0.27332500593836123
2023-04-25,11. Sharpe Maximization,-0.2870525833363892
2023-04-26,11. Sharpe Maximization,-0.28330692594603285
2023-04-27,11. Sharpe Maximization,-0.26123218249853375
2023-04-28,11. Sharpe Maximization,-0.2616641023702872
2023-05-01,11. Sharpe Maximization,-0.25933512809293857
2023-05-02,11. Sharpe Maximization,-0.2783035791659321
2023-05-03,11. Sharpe Maximization,-0.2857794194843608
2023-05-04,11. Sharpe Maximization,-0.29245868094139676
2023-05-05,11. Sharpe Maximization,-0.2787142562583527
2023-05-08,11. Sharpe Maximization,-0.26981222457693027
2023-05-09,11. Sharpe Maximization,-0.27387642198214385
2023-05-10,11. Sharpe Maximization,-0.2722801723793971
2023-05-11,11. Sharpe Maximization,-0.2715882993673852
2023-05-12,11. Sharpe Maximization,-0.277203220570721
2023-05-15,11. Sharpe Maximization,-0.27201705825244793
2023-05-16,11. Sharpe Maximization,-0.275210253414423
2023-05-17,11. Sharpe Maximization,-0.2582277693680299
2023-05-18,11. Sharpe Maximization,-0.2265347017306785
2023-05-19,11. Sharpe Maximization,-0.2327266969895834
2023-05-22,11. Sharpe Maximization,-0.23489144502365447
2023-05-23,11. Sharpe Maximization,-0.24090300397032546
2023-05-24,11. Sharpe Maximization,-0.23417499227159105
2023-05-25,11. Sharpe Maximization,-0.17841346023666504
2023-05-26,11. Sharpe Maximization,-0.15588809774506626
2023-05-30,11. Sharpe Maximization,-0.1409499636290982
2023-05-31,11. Sharpe Maximization,-0.14164167556509405
2023-06-01,11. Sharpe Maximization,-0.11995380645877113
2023-06-02,11. Sharpe Maximization,-0.12202624112268434
2023-06-05,11. Sharpe Maximization,-0.1197646466123436
2023-06-06,11. Sharpe Maximization,-0.1260967621063182
2023-06-07,11. Sharpe Maximization,-0.13541966294509628
2023-06-08,11. Sharpe Maximization,-0.11804745826986396
2023-06-09,11. Sharpe Maximization,-0.10767927200346503
2023-06-12,11. Sharpe Maximization,-0.09678471986757933
2023-06-13,11. Sharpe Maximization,-0.07644298997643952
2023-06-14,11. Sharpe Maximization,-0.056409578260155524
2023-06-15,11. Sharpe Maximization,-0.05183039385183534
2023-06-16,11. Sharpe Maximization,-0.06440996069786763
2023-06-20,11. Sharpe Maximization,-0.056659808494737195
2023-06-21,11. Sharpe Maximization,-0.06869994319621114
2023-06-22,11. Sharpe Maximization,-0.06696036329780092
2023-06-23,11. Sharpe Maximization,-0.07097595902566795
2023-06-26,11. Sharpe Maximization,-0.09053757077242522
2023-06-27,11. Sharpe Maximization,-0.07977685262878535
2023-06-28,11. Sharpe Maximization,-0.0755943268569239
2023-06-29,11. Sharpe Maximization,-0.08147503210740939
2023-06-30,11. Sharpe Maximization,-0.08170757201243277
2023-07-03,11. Sharpe Maximization,-0.07944274435952837
2023-07-05,11. Sharpe Maximization,-0.07298963466440946
2023-07-06,11. Sharpe Maximization,-0.0808066230693593
2023-07-07,11. Sharpe Maximization,-0.0854407026216113
2023-07-10,11. Sharpe Maximization,-0.08135615246254496
2023-07-11,11. Sharpe Maximization,-0.07839334149972627
2023-07-12,11. Sharpe Maximization,-0.0593973329205106
2023-07-13,11. Sharpe Maximization,-0.04192267855837103
2023-07-14,11. Sharpe Maximization,-0.05111093677685106
2023-07-17,11. Sharpe Maximization,-0.03945005734442474
2023-07-18,11. Sharpe Maximization,-0.020729731489495164
2023-07-19,11. Sharpe Maximization,-0.019619240670323418
2023-07-20,11. Sharpe Maximization,-0.05211938802340324
2023-07-21,11. Sharpe Maximization,-0.06825866686085862
2023-07-24,11. Sharpe Maximization,-0.06596999094757793
2023-07-25,11. Sharpe Maximization,-0.05778796193204138
2023-07-26,11. Sharpe Maximization,-0.05815032185427648
2023-07-27,11. Sharpe Maximization,-0.05254576817143263
2023-07-28,11. Sharpe Maximization,-0.031390834762802834
2023-07-31,11. Sharpe Maximization,-0.03167242972836724
2023-08-01,11. Sharpe Maximization,-0.030778401961125225
2023-08-02,11. Sharpe Maximization,-0.05407205465862475
2023-08-03,11. Sharpe Maximization,-0.05310905729354907
2023-08-04,11. Sharpe Maximization,-0.0558571622467699
2023-08-07,11. Sharpe Maximization,-0.040184559303467045
2023-08-08,11. Sharpe Maximization,-0.0486204721114693
2023-08-09,11. Sharpe Maximization,-0.06986066351861141
2023-08-10,11. Sharpe Maximization,-0.07133436505902226
2023-08-11,11. Sharpe Maximization,-0.08449940507511015
2023-08-14,11. Sharpe Maximization,-0.06324738844654783
2023-08-15,11. Sharpe Maximization,-0.06851558177833891
2023-08-16,11. Sharpe Maximization,-0.07998770235450699
2023-08-17,11. Sharpe Maximization,-0.09818135363602681
2023-08-18,11. Sharpe Maximization,-0.09564791026550191
2023-08-21,11. Sharpe Maximization,-0.06684806817770139
2023-08-22,11. Sharpe Maximization,-0.0769683950230233
2023-08-23,11. Sharpe Maximization,-0.05703366530116746
2023-08-24,11. Sharpe Maximization,-0.07005619979854004
2023-08-25,11. Sharpe Maximization,-0.07463823145632648
2023-08-28,11. Sharpe Maximization,-0.06310647885611169
2023-08-29,11. Sharpe Maximization,-0.0390286360270745
2023-08-30,11. Sharpe Maximization,-0.03556133128159922
2023-08-31,11. Sharpe Maximization,-0.03189578470520278
2023-09-01,11. Sharpe Maximization,-0.037180585813838034
2023-09-05,11. Sharpe Maximization,-0.034055426610945794
2023-09-06,11. Sharpe Maximization,-0.042552956935782676
2023-09-07,11. Sharpe Maximization,-0.04504558136398311
2023-09-08,11. Sharpe Maximization,-0.049337544581501525
2023-09-11,11. Sharpe Maximization,-0.041497083148136854
2023-09-12,11. Sharpe Maximization,-0.050448522059182266
2023-09-13,11. Sharpe Maximization,-0.04812625946284608
2023-09-14,11. Sharpe Maximization,-0.042482988255819205
2023-09-15,11. Sharpe Maximization,-0.06529455399866076
2023-09-18,11. Sharpe Maximization,-0.06552154044678483
2023-09-19,11. Sharpe Maximization,-0.06571894434636617
2023-09-20,11. Sharpe Maximization,-0.07973749403997495
2023-09-21,11. Sharpe Maximization,-0.09509192241810814
2023-09-22,11. Sharpe Maximization,-0.08844686894712982
2023-09-25,11. Sharpe Maximization,-0.08063077561920201
2023-09-26,11. Sharpe Maximization,-0.08643470704995788
2023-09-27,11. Sharpe Maximization,-0.08560476438027081
2023-09-28,11. Sharpe Maximization,-0.07487805601483051
2023-09-29,11. Sharpe Maximization,-0.075093510698072
2023-10-02,11. Sharpe Maximization,-0.06211643656194868
2023-10-03,11. Sharpe Maximization,-0.07718272828836467
2023-10-04,11. Sharpe Maximization,-0.06986576157628833
2023-10-05,11. Sharpe Maximization,-0.07181711277256134
2023-10-06,11. Sharpe Maximization,-0.061186366117616846
2023-10-09,11. Sharpe Maximization,-0.059473254973955676
2023-10-10,11. Sharpe Maximization,-0.050291732858618585
2023-10-11,11. Sharpe Maximization,-0.040527088252613364
2023-10-12,11. Sharpe Maximization,-0.041812015853733286
2023-10-13,11. Sharpe Maximization,-0.055725886028088964
2023-10-16,11. Sharpe Maximization,-0.04328714061927445
2023-10-17,11. Sharpe Maximization,-0.052867316359529064
2023-10-18,11. Sharpe Maximization,-0.0689888306378494
2023-10-19,11. Sharpe Maximization,-0.074696162862954
2023-10-20,11. Sharpe Maximization,-0.08812989247815993
2023-10-23,11. Sharpe Maximization,-0.07054931630541776
2023-10-24,11. Sharpe Maximization,-0.06456182358345817
2023-10-25,11. Sharpe Maximization,-0.0892911650526478
2023-10-26,11. Sharpe Maximization,-0.11140532612764306
2023-10-27,11. Sharpe Maximization,-0.10526485997127662
2023-10-30,11. Sharpe Maximization,-0.09213479184056582
2023-10-31,11. Sharpe Maximization,-0.09234299493637613
2023-11-01,11. Sharpe Maximization,-0.06943909652070153
2023-11-02,11. Sharpe Maximization,-0.060251064036261924
2023-11-03,11. Sharpe Maximization,-0.04830984885247962
2023-11-06,11. Sharpe Maximization,-0.04138106431422223
2023-11-07,11. Sharpe Maximization,-0.03599786971112504
2023-11-08,11. Sharpe Maximization,-0.033238511206572466
2023-11-09,11. Sharpe Maximization,-0.03105072328490456
2023-11-10,11. Sharpe Maximization,-0.009488628560602855
2023-11-13,11. Sharpe Maximization,-0.004484923736389547
2023-11-14,11. Sharpe Maximization,0.0
2023-11-15,11. Sharpe Maximization,-0.004737517184403436
2023-11-16,11. Sharpe Maximization,-0.021134359578538542
2023-11-17,11. Sharpe Maximization,-0.023581650389236965
2023-11-20,11. Sharpe Maximization,-0.011879516921889259
2023-11-21,11. Sharpe Maximization,-0.01669398413843168
2023-11-22,11. Sharpe Maximization,-0.021885829210600352
2023-11-24,11. Sharpe Maximization,-0.029135008069291476
2023-11-27,11. Sharpe Maximization,-0.02820721011066466
2023-11-28,11. Sharpe Maximization,-0.023507747525775027
2023-11-29,11. Sharpe Maximization,-0.03283108379282758
2023-11-30,11. Sharpe Maximization,-0.033173253364344096
2023-12-01,11. Sharpe Maximization,-0.0370962017513036
2023-12-04,11. Sharpe Maximization,-0.051759233039085965
2023-12-05,11. Sharpe Maximization,-0.04274184728896857
2023-12-06,11. Sharpe Maximization,-0.054967877573602095
2023-12-07,11. Sharpe Maximization,-0.04013652423801729
2023-12-08,11. Sharpe Maximization,-0.030576464918767827
2023-12-11,11. Sharpe Maximization,-0.043369336923135195
2023-12-12,11. Sharpe Maximization,-0.027260517020354817
2023-12-13,11. Sharpe Maximization,-0.018627443040510942
2023-12-14,11. Sharpe Maximization,-0.023254139984655
2023-12-15,11. Sharpe Maximization,-0.015036708008231597
2023-12-18,11. Sharpe Maximization,0.0
2023-12-19,11. Sharpe Maximization,0.0
2023-12-20,11. Sharpe Maximization,-0.014411076037139026
2023-12-21,11. Sharpe Maximization,-0.001581185076327444
2023-12-22,11. Sharpe Maximization,-0.0009386702179186184
2023-12-26,11. Sharpe Maximization,0.0
2023-12-27,11. Sharpe Maximization,0.0
2023-12-28,11. Sharpe Maximization,0.0
2023-12-29,11. Sharpe Maximization,-0.0006265079125037402
2024-01-02,11. Sharpe Maximization,-0.014593359785437413
2024-01-03,11. Sharpe Maximization,-0.02967946897034737
2024-01-04,11. Sharpe Maximization,-0.02710189287147312
2024-01-05,11. Sharpe Maximization,-0.017717050550183557
2024-01-08,11. Sharpe Maximization,0.0
2024-01-09,11. Sharpe Maximization,0.0
2024-01-10,11. Sharpe Maximization,0.0
2024-01-11,11. Sharpe Maximization,-0.004667967497939615
2024-01-12,11. Sharpe Maximization,-0.009272606682730037
2024-01-16,11. Sharpe Maximization,-0.003909833773145825
2024-01-17,11. Sharpe Maximization,-0.010159399856758235
2024-01-18,11. Sharpe Maximization,0.0
2024-01-19,11. Sharpe Maximization,0.0
2024-01-22,11. Sharpe Maximization,-0.0037574029909789846
2024-01-23,11. Sharpe Maximization,0.0
2024-01-24,11. Sharpe Maximization,0.0
2024-01-25,11. Sharpe Maximization,-0.018245225545509506
2024-01-26,11. Sharpe Maximization,-0.019186177061768613
2024-01-29,11. Sharpe Maximization,0.0
2024-01-30,11. Sharpe Maximization,0.0
2024-01-31,11. Sharpe Maximization,-0.000540532978348826
2024-02-01,11. Sharpe Maximization,0.0
2024-02-02,11. Sharpe Maximization,0.0
2024-02-05,11. Sharpe Maximization,0.0
2024-02-06,11. Sharpe Maximization,-0.006054524282855338
2024-02-07,11. Sharpe Maximization,0.0
2024-02-08,11. Sharpe Maximization,-0.001481903164844251
2024-02-09,11. Sharpe Maximization,0.0
2024-02-12,11. Sharpe Maximization,0.0
2024-02-13,11. Sharpe Maximization,-0.009962437518814498
2024-02-14,11. Sharpe Maximization,0.0
2024-02-15,11. Sharpe Maximization,0.0
2024-02-16,11. Sharpe Maximization,-0.007306994213936458
2024-02-20,11. Sharpe Maximization,-0.012975181548358425
2024-02-21,11. Sharpe Maximization,-0.026395137496993876
2024-02-22,11. Sharpe Maximization,0.0
2024-02-23,11. Sharpe Maximization,-7.579586156905266e-05
2024-02-26,11. Sharpe Maximization,-0.17876620473683175
2024-02-27,11. Sharpe Maximization,-0.17607599588538672
2024-02-28,11. Sharpe Maximization,-0.18394326406229608
2024-02-29,11. Sharpe Maximization,-0.18467035741061796
2024-03-01,11. Sharpe Maximization,-0.16673711465117377
2024-03-04,11. Sharpe Maximization,-0.16031731655038792
2024-03-05,11. Sharpe Maximization,-0.16699666063111124
2024-03-06,11. Sharpe Maximization,-0.15636075982651262
2024-03-07,11. Sharpe Maximization,-0.13097096887781104
2024-03-08,11. Sharpe Maximization,-0.15221682699689898
2024-03-11,11. Sharpe Maximization,-0.17298468538003547
2024-03-12,11. Sharpe Maximization,-0.14092037285876566
2024-03-13,11. Sharpe Maximization,-0.1442920384824323
2024-03-14,11. Sharpe Maximization,-0.15264920995890602
2024-03-15,11. Sharpe Maximization,-0.16295359258529774
2024-03-18,11. Sharpe Maximization,-0.1545787895511395
2024-03-19,11. Sharpe Maximization,-0.149624271552059
2024-03-20,11. Sharpe Maximization,-0.13866448358899713
2024-03-21,11. Sharpe Maximization,-0.1340906395673066
2024-03-22,11. Sharpe Maximization,-0.12352553542064999
2024-03-25,11. Sharpe Maximization,-0.12425299217419442
2024-03-26,11. Sharpe Maximization,-0.1372300497536985
2024-03-27,11. Sharpe Maximization,-0.1422087347332365
2024-03-28,11. Sharpe Maximization,-0.14245193340910078
2024-04-01,11. Sharpe Maximization,-0.1428709278445954
2024-04-02,11. Sharpe Maximization,-0.14402521586627398
2024-04-03,11. Sharpe Maximization,-0.13903288919584156
2024-04-04,11. Sharpe Maximization,-0.14931648064302414
2024-04-05,11. Sharpe Maximization,-0.12788900757021626
2024-04-08,11. Sharpe Maximization,-0.13336262154154552
2024-04-09,11. Sharpe Maximization,-0.13921482870708726
2024-04-10,11. Sharpe Maximization,-0.13547548430717515
2024-04-11,11. Sharpe Maximization,-0.1203122338981872
2024-04-12,11. Sharpe Maximization,-0.1382852887521308
2024-04-15,11. Sharpe Maximization,-0.15535813967811626
2024-04-16,11. Sharpe Maximization,-0.1528266836189738
2024-04-17,11. Sharpe Maximization,-0.16865400350083395
2024-04-18,11. Sharpe Maximization,-0.16549834674415753
2024-04-19,11. Sharpe Maximization,-0.20598315104769382
2024-04-22,11. Sharpe Maximization,-0.1925500400564587
2024-04-23,11. Sharpe Maximization,-0.17282220195813772
2024-04-24,11. Sharpe Maximization,-0.18755435448653815
2024-04-25,11. Sharpe Maximization,-0.2108921467075006
2024-04-26,11. Sharpe Maximization,-0.18664850767939967
2024-04-29,11. Sharpe Maximization,-0.19000441126399167
2024-04-30,11. Sharpe Maximization,-0.19055717333159544
2024-05-01,11. Sharpe Maximization,-0.1914488009803528
2024-05-02,11. Sharpe Maximization,-0.17546667302057137
2024-05-03,11. Sharpe Maximization,-0.15968693796145828
2024-05-06,11. Sharpe Maximization,-0.14007685430723835
2024-05-07,11. Sharpe Maximization,-0.13836113318449028
2024-05-08,11. Sharpe Maximization,-0.13944106013981528
2024-05-09,11. Sharpe Maximization,-0.1409698442210137
2024-05-10,11. Sharpe Maximization,-0.14023979844935744
2024-05-13,11. Sharpe Maximization,-0.14309070101417679
2024-05-14,11. Sharpe Maximization,-0.13620773045695042
2024-05-15,11. Sharpe Maximization,-0.11878857350072627
2024-05-16,11. Sharpe Maximization,-0.12284447272708404
2024-05-17,11. Sharpe Maximization,-0.12557498096914285
2024-05-20,11. Sharpe Maximization,-0.12009202141921212
2024-05-21,11. Sharpe Maximization,-0.11955822636154485
2024-05-22,11. Sharpe Maximization,-0.1212084000009482
2024-05-23,11. Sharpe Maximization,-0.10264161274782417
2024-05-24,11. Sharpe Maximization,-0.08609611297000533
2024-05-28,11. Sharpe Maximization,-0.061483220952929685
2024-05-29,11. Sharpe Maximization,-0.06283198096053248
2024-05-30,11. Sharpe Maximization,-0.08603113668424388
2024-05-31,11. Sharpe Maximization,-0.08628902327277012
2024-06-03,11. Sharpe Maximization,-0.06729152847828095
2024-06-04,11. Sharpe Maximization,-0.06395297836487025
2024-06-05,11. Sharpe Maximization,-0.034459189441584166
2024-06-06,11. Sharpe Maximization,-0.036440684678518465
2024-06-07,11. Sharpe Maximization,-0.04176652146772483
2024-06-10,11. Sharpe Maximization,-0.30678186174560856
2024-06-11,11. Sharpe Maximization,-0.3017667150410547
2024-06-12,11. Sharpe Maximization,-0.29851354429109284
2024-06-13,11. Sharpe Maximization,-0.30459950053621415
2024-06-14,11. Sharpe Maximization,-0.3008972691929865
2024-06-17,11. Sharpe Maximization,-0.2989272130346944
2024-06-18,11. Sharpe Maximization,-0.3043452087886258
2024-06-20,11. Sharpe Maximization,-0.30162186879141234
2024-06-21,11. Sharpe Maximization,-0.3014858977380894
2024-06-24,11. Sharpe Maximization,-0.301304507578451
2024-06-25,11. Sharpe Maximization,-0.2844523874677003
2024-06-26,11. Sharpe Maximization,-0.28280765795478074
2024-06-27,11. Sharpe Maximization,-0.27658322167965926
2024-06-28,11. Sharpe Maximization,-0.2771175481217181
2024-07-01,11. Sharpe Maximization,-0.2718424909601933
2024-07-02,11. Sharpe Maximization,-0.2630734505216831
2024-07-03,11. Sharpe Maximization,-0.2637144561798275
2024-07-05,11. Sharpe Maximization,-0.24421300325166473
2024-07-08,11. Sharpe Maximization,-0.25147183462160566
2024-07-09,11. Sharpe Maximization,-0.2501808429124883
2024-07-10,11. Sharpe Maximization,-0.24591970998452686
2024-07-11,11. Sharpe Maximization,-0.2680528864956999
2024-07-12,11. Sharpe Maximization,-0.2765453878598003
2024-07-15,11. Sharpe Maximization,-0.2742883197119773
2024-07-16,11. Sharpe Maximization,-0.27845160237195693
2024-07-17,11. Sharpe Maximization,-0.29707639094021177
2024-07-18,11. Sharpe Maximization,-0.30140462697167325
2024-07-19,11. Sharpe Maximization,-0.3025011558378578
2024-07-22,11. Sharpe Maximization,-0.2920114950143811
2024-07-23,11. Sharpe Maximization,-0.2889395428676135
2024-07-24,11. Sharpe Maximization,-0.31708720862429324
2024-07-25,11. Sharpe Maximization,-0.32770673789590715
2024-07-26,11. Sharpe Maximization,-0.31960141919423224
2024-07-29,11. Sharpe Maximization,-0.317074070742366
2024-07-30,11. Sharpe Maximization,-0.31695549652832994
2024-07-31,11. Sharpe Maximization,-0.3173936682118162
2024-08-01,11. Sharpe Maximization,-0.31542937201731286
2024-08-02,11. Sharpe Maximization,-0.34658037864738356
2024-08-05,11. Sharpe Maximization,-0.36527222855568103
2024-08-06,11. Sharpe Maximization,-0.3500594930045296
2024-08-07,11. Sharpe Maximization,-0.3510550078968073
2024-08-08,11. Sharpe Maximization,-0.3329911122950163
2024-08-09,11. Sharpe Maximization,-0.3262075314072872
2024-08-12,11. Sharpe Maximization,-0.3269135087961317
2024-08-13,11. Sharpe Maximization,-0.31414124258029086
2024-08-14,11. Sharpe Maximization,-0.31115548989391045
2024-08-15,11. Sharpe Maximization,-0.29702394053325043
2024-08-16,11. Sharpe Maximization,-0.2982651918717525
2024-08-19,11. Sharpe Maximization,-0.29290567304878024
2024-08-20,11. Sharpe Maximization,-0.29272553888326
2024-08-21,11. Sharpe Maximization,-0.2878645639481008
2024-08-22,11. Sharpe Maximization,-0.2929566507871125
2024-08-23,11. Sharpe Maximization,-0.292485432954844
2024-08-26,11. Sharpe Maximization,-0.29615154294740614
2024-08-27,11. Sharpe Maximization,-0.29774439770288064
2024-08-28,11. Sharpe Maximization,-0.3019437704225338
2024-08-29,11. Sharpe Maximization,-0.2978812577240917
2024-08-30,11. Sharpe Maximization,-0.29832962590912154
2024-09-03,11. Sharpe Maximization,-0.31369913596258947
2024-09-04,11. Sharpe Maximization,-0.3133385920266842
2024-09-05,11. Sharpe Maximization,-0.31343020305945074
2024-09-06,11. Sharpe Maximization,-0.3303675884661069
2024-09-09,11. Sharpe Maximization,-0.3208793154994659
2024-09-10,11. Sharpe Maximization,-0.3322517099301632
2024-09-11,11. Sharpe Maximization,-0.3259401856989747
2024-09-12,11. Sharpe Maximization,-0.3192206359109627
2024-09-13,11. Sharpe Maximization,-0.31849718116684667
2024-09-16,11. Sharpe Maximization,-0.3111808430024745
2024-09-17,11. Sharpe Maximization,-0.30581635596574597
2024-09-18,11. Sharpe Maximization,-0.3117532028581288
2024-09-19,11. Sharpe Maximization,-0.2973786266124776
2024-09-20,11. Sharpe Maximization,-0.2958978262483286
2024-09-23,11. Sharpe Maximization,-0.2929428638392226
2024-09-24,11. Sharpe Maximization,-0.2885536493107861
2024-09-25,11. Sharpe Maximization,-0.28794726884752164
2024-09-26,11. Sharpe Maximization,-0.2916121089239534
2024-09-27,11. Sharpe Maximization,-0.29197891350037825
2024-09-30,11. Sharpe Maximization,-0.29253621704687155
2024-10-01,11. Sharpe Maximization,-0.29107691295434723
2024-10-02,11. Sharpe Maximization,-0.2923577266896347
2024-10-03,11. Sharpe Maximization,-0.29104016659155096
2024-10-04,11. Sharpe Maximization,-0.2846220039692105
2024-10-07,11. Sharpe Maximization,-0.296542756947177
2024-10-08,11. Sharpe Maximization,-0.2862145041402173
2024-10-09,11. Sharpe Maximization,-0.28397418891860216
2024-10-10,11. Sharpe Maximization,-0.288380876329812
2024-10-11,11. Sharpe Maximization,-0.2864061546356396
2024-10-14,11. Sharpe Maximization,-0.28563727878902984
2024-10-15,11. Sharpe Maximization,-0.28884544997746087
2024-10-16,11. Sharpe Maximization,-0.29185669947458104
2024-10-17,11. Sharpe Maximization,-0.29795610725013116
2024-10-18,11. Sharpe Maximization,-0.2780890721430462
2024-10-21,11. Sharpe Maximization,-0.2817721930381835
2024-10-22,11. Sharpe Maximization,-0.2825276474485014
2024-10-23,11. Sharpe Maximization,-0.2976813172693075
2024-10-24,11. Sharpe Maximization,-0.2956661889406953
2024-10-25,11. Sharpe Maximization,-0.2956684840619112
2024-10-28,11. Sharpe Maximization,-0.29459574935726407
2024-10-29,11. Sharpe Maximization,-0.2915907045983651
2024-10-30,11. Sharpe Maximization,-0.29329435845368507
2024-10-31,11. Sharpe Maximization,-0.29387978768381035
2024-11-01,11. Sharpe Maximization,-0.2938285948917121
2024-11-04,11. Sharpe Maximization,-0.29727532229053705
2024-11-05,11. Sharpe Maximization,-0.28792169874327317
2024-11-06,11. Sharpe Maximization,-0.27150673702375433
2024-11-07,11. Sharpe Maximization,-0.26458832394212756
2024-11-08,11. Sharpe Maximization,-0.2617118529168812
2024-11-11,11. Sharpe Maximization,-0.2594414353431989
2024-11-12,11. Sharpe Maximization,-0.2594885029787005
2024-11-13,11. Sharpe Maximization,-0.2546675954147815
2024-11-14,11. Sharpe Maximization,-0.2566333592157325
2024-11-15,11. Sharpe Maximization,-0.2629746348185691
2024-11-18,11. Sharpe Maximization,-0.25870293308740816
2024-11-19,11. Sharpe Maximization,-0.2564068932667546
2024-11-20,11. Sharpe Maximization,-0.2585627260677854
2024-11-21,11. Sharpe Maximization,-0.24876563163864635
2024-11-22,11. Sharpe Maximization,-0.2419973391576176
2024-11-25,11. Sharpe Maximization,-0.23810242430159423
2024-11-26,11. Sharpe Maximization,-0.2337943426768033
2024-11-27,11. Sharpe Maximization,-0.23616648896888148
2024-11-29,11. Sharpe Maximization,-0.23643163077535517
2024-12-02,11. Sharpe Maximization,-0.22963946418663073
2024-12-03,11. Sharpe Maximization,-0.22173841306637193
2024-12-04,11. Sharpe Maximization,-0.2210910213544148
2024-12-05,11. Sharpe Maximization,-0.21912924925821087
2024-12-06,11. Sharpe Maximization,-0.20529924868181873
2024-12-09,11. Sharpe Maximization,-0.21705497624142917
2024-12-10,11. Sharpe Maximization,-0.21632695902295992
2024-12-11,11. Sharpe Maximization,-0.20416448450755112
2024-12-12,11. Sharpe Maximization,-0.21117889216282215
2024-12-13,11. Sharpe Maximization,-0.21573360077458678
2024-12-16,11. Sharpe Maximization,-0.21321336096992696
2024-12-17,11. Sharpe Maximization,-0.2156253904487016
2024-12-18,11. Sharpe Maximization,-0.24471004239547112
2024-12-19,11. Sharpe Maximization,-0.24323323597470659
2024-12-20,11. Sharpe Maximization,-0.24126397458813922
2024-12-23,11. Sharpe Maximization,-0.23342590510973577
2024-12-24,11. Sharpe Maximization,-0.21896994555687324
2024-12-26,11. Sharpe Maximization,-0.22245633309649246
2024-12-27,11. Sharpe Maximization,-0.2314180590187244
2024-12-30,11. Sharpe Maximization,-0.2400414272223517
2024-12-31,11. Sharpe Maximization,-0.24075868015469304
2025-01-02,11. Sharpe Maximization,-0.25044645426524326
2025-01-03,11. Sharpe Maximization,-0.23128692400627962
2025-01-06,11. Sharpe Maximization,-0.21879263310499378
2025-01-07,11. Sharpe Maximization,-0.234233957238642
2025-01-08,11. Sharpe Maximization,-0.23837081935295854
2025-01-10,11. Sharpe Maximization,-0.2468155085299087
2025-01-13,11. Sharpe Maximization,-0.2446654290281137
2025-01-14,11. Sharpe Maximization,-0.2576501237788878
2025-01-15,11. Sharpe Maximization,-0.22333626094029352
2025-01-16,11. Sharpe Maximization,-0.2363408390638245
2025-01-17,11. Sharpe Maximization,-0.2233624244105463
2025-01-21,11. Sharpe Maximization,-0.21958224286184408
2025-01-22,11. Sharpe Maximization,-0.2002003948176289
2025-01-23,11. Sharpe Maximization,-0.1889572073109988
2025-01-24,11. Sharpe Maximization,-0.18892370553266868
2025-01-27,11. Sharpe Maximization,-0.1941268095983514
2025-01-28,11. Sharpe Maximization,-0.18655754500465024
2025-01-29,11. Sharpe Maximization,-0.18912442511725855
2025-01-30,11. Sharpe Maximization,-0.17784674785602236
2025-01-31,11. Sharpe Maximization,-0.17831654106577702
2025-02-03,11. Sharpe Maximization,-0.18815363932847093
2025-02-04,11. Sharpe Maximization,-0.17750436176342155
2025-02-05,11. Sharpe Maximization,-0.18175741327423586
2025-02-06,11. Sharpe Maximization,-0.17626384184660565
2025-02-07,11. Sharpe Maximization,-0.18413632932690066
2025-02-10,11. Sharpe Maximization,-0.19125553797061423
2025-02-11,11. Sharpe Maximization,-0.20383749733706405
2025-02-12,11. Sharpe Maximization,-0.19393718603927804
2025-02-13,11. Sharpe Maximization,-0.17803778924228614
2025-02-14,11. Sharpe Maximization,-0.17291667445957112
2025-02-18,11. Sharpe Maximization,-0.18200171612816576
2025-02-19,11. Sharpe Maximization,-0.18203624026699095
2025-02-20,11. Sharpe Maximization,-0.2005694563435718
2025-02-21,11. Sharpe Maximization,-0.2195622781587656
2025-02-24,11. Sharpe Maximization,-0.23365147687909948
2025-02-25,11. Sharpe Maximization,-0.2587642542738901
2025-02-26,11. Sharpe Maximization,-0.25748908099254625
2025-02-27,11. Sharpe Maximization,-0.27200489112282666
2025-02-28,11. Sharpe Maximization,-0.27274469654453143
2025-03-03,11. Sharpe Maximization,-0.283700942175054
2025-03-04,11. Sharpe Maximization,-0.30193409585587466
2025-03-05,11. Sharpe Maximization,-0.29019371743138955
2025-03-06,11. Sharpe Maximization,-0.324663771211812
2025-03-07,11. Sharpe Maximization,-0.3364193313298497
2025-03-10,11. Sharpe Maximization,-0.38229345565179584
2025-03-11,11. Sharpe Maximization,-0.37180867467458917
2025-03-12,11. Sharpe Maximization,-0.35930388659824086
2025-03-13,11. Sharpe Maximization,-0.3735700631551224
2025-03-14,11. Sharpe Maximization,-0.35661658435320476
2025-03-17,11. Sharpe Maximization,-0.3527916107267271
2025-03-18,11. Sharpe Maximization,-0.3700789920272757
2025-03-19,11. Sharpe Maximization,-0.35312463555036333
2025-03-20,11. Sharpe Maximization,-0.35594769274574894
2025-03-21,11. Sharpe Maximization,-0.34384087674597497
2025-03-24,11. Sharpe Maximization,-0.3148904318329421
2025-03-25,11. Sharpe Maximization,-0.30744777787298266
2025-03-26,11. Sharpe Maximization,-0.32378903870212455
2025-03-27,11. Sharpe Maximization,-0.3216847426320101
2025-03-28,11. Sharpe Maximization,-0.3407655679414046
2025-03-31,11. Sharpe Maximization,-0.34102244072249654
2025-04-01,11. Sharpe Maximization,-0.3319109902679956
2025-04-02,11. Sharpe Maximization,-0.317688292386343
2025-04-03,11. Sharpe Maximization,-0.3433194569185116
2025-04-04,11. Sharpe Maximization,-0.39040983714489585
2025-04-07,11. Sharpe Maximization,-0.3941870340076697
2025-04-08,11. Sharpe Maximization,-0.4095381941032066
2025-04-09,11. Sharpe Maximization,-0.33196359400632114
2025-04-10,11. Sharpe Maximization,-0.3511138964085838
2025-04-11,11. Sharpe Maximization,-0.34428904769071506
2025-04-14,11. Sharpe Maximization,-0.3358713148317056
2025-04-15,11. Sharpe Maximization,-0.3285596403061903
2025-04-16,11. Sharpe Maximization,-0.3493138148285782
2025-04-17,11. Sharpe Maximization,-0.341441516410145
2025-04-21,11. Sharpe Maximization,-0.35235687316369335
2025-04-22,11. Sharpe Maximization,-0.3270882438611508
2025-04-23,11. Sharpe Maximization,-0.3143720684410549
2025-04-24,11. Sharpe Maximization,-0.2965431380090407
2025-04-25,11. Sharpe Maximization,-0.278024010147538
2025-04-28,11. Sharpe Maximization,-0.2752524548861676
2025-04-29,11. Sharpe Maximization,-0.2654066866122882
2025-04-30,11. Sharpe Maximization,-0.26554021182214127
2025-05-01,11. Sharpe Maximization,-0.2673932472146144
2025-05-02,11. Sharpe Maximization,-0.2542842720470911
2025-05-05,11. Sharpe Maximization,-0.26271535040279287
2025-05-06,11. Sharpe Maximization,-0.267590772185056
2025-05-07,11. Sharpe Maximization,-0.2621376941134257
2025-05-08,11. Sharpe Maximization,-0.261976562870781
2025-05-09,11. Sharpe Maximization,-0.2545661795848843
2025-05-12,11. Sharpe Maximization,-0.24567028580223366
2025-05-13,11. Sharpe Maximization,-0.23042617364312257
2025-05-14,11. Sharpe Maximization,-0.21499705980971215
2025-05-15,11. Sharpe Maximization,-0.2121445512843476
2025-05-16,11. Sharpe Maximization,-0.1992359496317314
2025-05-19,11. Sharpe Maximization,-0.20571974939708373
2025-05-20,11. Sharpe Maximization,-0.20526270466565727
2025-05-21,11. Sharpe Maximization,-0.2148827763973017
2025-05-22,11. Sharpe Maximization,-0.21301724382545134
2025-05-23,11. Sharpe Maximization,-0.2132805948409196
2025-05-27,11. Sharpe Maximization,-0.18696883071913337
2025-05-28,11. Sharpe Maximization,-0.1936436558893987
2025-05-29,11. Sharpe Maximization,-0.1970347895224713
2025-05-30,11. Sharpe Maximization,-0.1977390919983032
2025-06-02,11. Sharpe Maximization,-0.19611732615358374
2025-06-03,11. Sharpe Maximization,-0.1954602948177532
2025-06-04,11. Sharpe Maximization,-0.2019901209375453
2025-06-05,11. Sharpe Maximization,-0.2404732156193885
2025-06-06,11. Sharpe Maximization,-0.234745270730778
2025-06-09,11. Sharpe Maximization,-0.2271815353329749
2025-06-10,11. Sharpe Maximization,-0.21727099459292054
2025-06-11,11. Sharpe Maximization,-0.21756714194616902
2025-06-12,11. Sharpe Maximization,-0.226254782661911
2025-06-13,11. Sharpe Maximization,-0.22409220534899207
2025-06-16,11. Sharpe Maximization,-0.21938420232678105
2025-06-17,11. Sharpe Maximization,-0.2312790723049504
2025-06-18,11. Sharpe Maximization,-0.2250232361555405
2025-06-20,11. Sharpe Maximization,-0.22120189355572625
2025-06-23,11. Sharpe Maximization,-0.19130241969212525
2025-06-24,11. Sharpe Maximization,-0.19196503831775288
2025-06-25,11. Sharpe Maximization,-0.20507180498946087
2025-06-26,11. Sharpe Maximization,-0.203307698040247
2025-06-27,11. Sharpe Maximization,-0.1980803651528996
2025-06-30,11. Sharpe Maximization,-0.19829876852943232
2025-07-01,11. Sharpe Maximization,-0.2205639102272265
2025-07-02,11. Sharpe Maximization,-0.2103645297482967
2025-07-03,11. Sharpe Maximization,-0.20547230390087962
2025-07-07,11. Sharpe Maximization,-0.22116760770601074
2025-07-08,11. Sharpe Maximization,-0.2254746150476431
2025-07-09,11. Sharpe Maximization,-0.22383326936219958
2025-07-10,11. Sharpe Maximization,-0.22418764231303084
2025-07-11,11. Sharpe Maximization,-0.22313097656164754
2025-07-14,11. Sharpe Maximization,-0.21457441877104716
2025-07-15,11. Sharpe Maximization,-0.21710539636752266
2025-07-16,11. Sharpe Maximization,-0.2108977311711976
2025-07-17,11. Sharpe Maximization,-0.20764310861693178
2025-07-18,11. Sharpe Maximization,-0.21195058746162385
2025-07-21,11. Sharpe Maximization,-0.20750947241699447
2025-07-22,11. Sharpe Maximization,-0.2142921469191072
2025-07-23,11. Sharpe Maximization,-0.21485552313034628
2025-07-24,11. Sharpe Maximization,-0.23101951301664087
2025-07-25,11. Sharpe Maximization,-0.2209003725080002
2025-07-28,11. Sharpe Maximization,-0.2127469982759369
2025-07-29,11. Sharpe Maximization,-0.21598239222912038
2025-07-30,11. Sharpe Maximization,-0.21475300244090575
2025-07-31,11. Sharpe Maximization,-0.2150593442433979
2025-08-01,11. Sharpe Maximization,-0.22216057103750947
2025-08-04,11. Sharpe Maximization,-0.20623540550981304
2025-08-05,11. Sharpe Maximization,-0.21277440012304588
2025-08-06,11. Sharpe Maximization,-0.1917388235197865
2025-08-07,11. Sharpe Maximization,-0.18912094342614116
2025-08-08,11. Sharpe Maximization,-0.17707729016421797
2025-08-11,11. Sharpe Maximization,-0.17197293486791723
2025-08-12,11. Sharpe Maximization,-0.1693940427986545
2025-08-13,11. Sharpe Maximization,-0.18147563642667996
2025-08-14,11. Sharpe Maximization,-0.17934334321047635
2025-08-15,11. Sharpe Maximization,-0.18468631692511825
2025-08-18,11. Sharpe Maximization,-0.17784461062220377
2025-08-19,11. Sharpe Maximization,-0.1920984378130784
2025-08-20,11. Sharpe Maximization,-0.1919863097075088
2025-08-21,11. Sharpe Maximization,-0.206544604258996
2025-08-22,11. Sharpe Maximization,-0.19591117243041933
2025-08-25,11. Sharpe Maximization,-0.19023751760804256
2025-08-26,11. Sharpe Maximization,-0.1841023504665429
2025-08-27,11. Sharpe Maximization,-0.18562223514217732
2025-08-28,11. Sharpe Maximization,-0.18805263003732348
2025-08-29,11. Sharpe Maximization,-0.18824555229891413
2025-09-02,11. Sharpe Maximization,-0.19144087243553104
2025-09-03,11. Sharpe Maximization,-0.1823951896642968
2025-09-04,11. Sharpe Maximization,-0.16999306738674588
2025-09-05,11. Sharpe Maximization,-0.16804872521507194
2025-09-08,11. Sharpe Maximization,-0.16559943595475293
2025-09-09,11. Sharpe Maximization,-0.16036823442052736
2025-09-10,11. Sharpe Maximization,-0.16106159113685017
2025-09-11,11. Sharpe Maximization,-0.14664605958500093
2025-09-12,11. Sharpe Maximization,-0.1263672321327557
2025-09-15,11. Sharpe Maximization,-0.11364087619822827
2025-09-16,11. Sharpe Maximization,-0.10860118080274182
2025-09-17,11. Sharpe Maximization,-0.10328869277121436
2025-09-18,11. Sharpe Maximization,-0.10940355597727401
2025-09-19,11. Sharpe Maximization,-0.10271468718681369
2025-09-22,11. Sharpe Maximization,-0.08949952402603882
2025-09-23,11. Sharpe Maximization,-0.1021094652445015
2025-09-24,11. Sharpe Maximization,-0.09258683123745386
2025-09-25,11. Sharpe Maximization,-0.10469384110202577
2025-09-26,11. Sharpe Maximization,-0.09123498249664859
2025-09-29,11. Sharpe Maximization,-0.08683415708099641
2025-09-30,11. Sharpe Maximization,-0.0874251984167334
2025-10-01,11. Sharpe Maximization,-0.07868924521663544
2025-10-02,11. Sharpe Maximization,-0.0914249489919481
2025-10-03,11. Sharpe Maximization,-0.09654120755125063
2025-10-06,11. Sharpe Maximization,-0.07777390645920199
2025-10-07,11. Sharpe Maximization,-0.09346683103546152
2025-10-08,11. Sharpe Maximization,-0.0868341513369359
2025-10-09,11. Sharpe Maximization,-0.08965861867765315
2025-10-10,11. Sharpe Maximization,-0.11783324633490178
2025-10-13,11. Sharpe Maximization,-0.09092987265137259
2025-10-14,11. Sharpe Maximization,-0.0937625624316058
2025-10-15,11. Sharpe Maximization,-0.08220603856346119
2025-10-16,11. Sharpe Maximization,-0.08864921862762405
2025-10-17,11. Sharpe Maximization,-0.07628454831789398
2025-10-20,11. Sharpe Maximization,-0.06840289656803555
2025-10-21,11. Sharpe Maximization,-0.0801680766766824
2025-10-22,11. Sharpe Maximization,-0.08488310331859969
2025-10-23,11. Sharpe Maximization,-0.076018022001808
2025-10-24,11. Sharpe Maximization,-0.07633004857394113
2025-10-27,11. Sharpe Maximization,-0.05312202474436216
2025-10-28,11. Sharpe Maximization,-0.0422285194327491
2025-10-29,11. Sharpe Maximization,-0.029832176115404143
2025-10-30,11. Sharpe Maximization,-0.04109396662381746
2025-10-31,11. Sharpe Maximization,-0.03233978459960483
2025-11-03,11. Sharpe Maximization,-0.01814237809221458
2025-11-04,11. Sharpe Maximization,-0.04643459934274136
2025-11-05,11. Sharpe Maximization,-0.03336248172348205
2025-11-06,11. Sharpe Maximization,-0.049713092241730684
2025-11-07,11. Sharpe Maximization,-0.06387513422530192
2025-11-10,11. Sharpe Maximization,-0.031836684733655966
2025-11-11,11. Sharpe Maximization,-0.037731303386595395
2025-11-12,11. Sharpe Maximization,-0.0464766214837655
2025-11-13,11. Sharpe Maximization,-0.08070680065111535
2025-11-14,11. Sharpe Maximization,-0.079643099367372
2025-11-17,11. Sharpe Maximization,-0.10585147307966754
2025-11-18,11. Sharpe Maximization,-0.11899136520946317
2025-11-19,11. Sharpe Maximization,-0.10511592541583381
2025-11-20,11. Sharpe Maximization,-0.10914820307331174
2025-11-21,11. Sharpe Maximization,-0.10633640975099237
2025-11-24,11. Sharpe Maximization,-0.0694568002079369
2025-11-25,11. Sharpe Maximization,-0.06360917271922334
2025-11-26,11. Sharpe Maximization,-0.06445745108215563
2015-11-30,12. CVaR Minimization,0.0
2015-12-01,12. CVaR Minimization,0.0
2015-12-02,12. CVaR Minimization,0.0
2015-12-03,12. CVaR Minimization,0.0
2015-12-04,12. CVaR Minimization,0.0
2015-12-07,12. CVaR Minimization,0.0
2015-12-08,12. CVaR Minimization,0.0
2015-12-09,12. CVaR Minimization,0.0
2015-12-10,12. CVaR Minimization,0.0
2015-12-11,12. CVaR Minimization,0.0
2015-12-14,12. CVaR Minimization,0.0
2015-12-15,12. CVaR Minimization,0.0
2015-12-16,12. CVaR Minimization,0.0
2015-12-17,12. CVaR Minimization,0.0
2015-12-18,12. CVaR Minimization,0.0
2015-12-21,12. CVaR Minimization,0.0
2015-12-22,12. CVaR Minimization,0.0
2015-12-23,12. CVaR Minimization,0.0
2015-12-24,12. CVaR Minimization,0.0
2015-12-28,12. CVaR Minimization,0.0
2015-12-29,12. CVaR Minimization,0.0
2015-12-30,12. CVaR Minimization,0.0
2015-12-31,12. CVaR Minimization,-0.0010999999999998789
2016-01-04,12. CVaR Minimization,-0.014086766609753276
2016-01-05,12. CVaR Minimization,-0.009790384630661286
2016-01-06,12. CVaR Minimization,-0.018779356162362926
2016-01-07,12. CVaR Minimization,-0.03066324936802367
2016-01-08,12. CVaR Minimization,-0.04461230251886361
2016-01-11,12. CVaR Minimization,-0.037031078475341817
2016-01-12,12. CVaR Minimization,-0.033386621046122555
2016-01-13,12. CVaR Minimization,-0.06364357230093609
2016-01-14,12. CVaR Minimization,-0.05518970688894154
2016-01-15,12. CVaR Minimization,-0.06664807485414825
2016-01-19,12. CVaR Minimization,-0.061560807860917444
2016-01-20,12. CVaR Minimization,-0.07520877431904305
2016-01-21,12. CVaR Minimization,-0.06262288672059169
2016-01-22,12. CVaR Minimization,-0.04942064746966879
2016-01-25,12. CVaR Minimization,-0.055229950442325815
2016-01-26,12. CVaR Minimization,-0.04886267710580794
2016-01-27,12. CVaR Minimization,-0.05535979078423292
2016-01-28,12. CVaR Minimization,-0.0485265697100179
2016-01-29,12. CVaR Minimization,-0.04973158874336703
2016-02-01,12. CVaR Minimization,-0.05141804255851823
2016-02-02,12. CVaR Minimization,-0.06059058062555123
2016-02-03,12. CVaR Minimization,-0.059674230725839994
2016-02-04,12. CVaR Minimization,-0.0661036131429581
2016-02-05,12. CVaR Minimization,-0.07162021379641781
2016-02-08,12. CVaR Minimization,-0.07257788936416942
2016-02-09,12. CVaR Minimization,-0.06610865449129832
2016-02-10,12. CVaR Minimization,-0.0685337202522367
2016-02-11,12. CVaR Minimization,-0.07368375373637115
2016-02-12,12. CVaR Minimization,-0.06343394492403442
2016-02-16,12. CVaR Minimization,-0.05619379926042467
2016-02-17,12. CVaR Minimization,-0.05512793685310857
2016-02-18,12. CVaR Minimization,-0.05405502196061995
2016-02-19,12. CVaR Minimization,-0.05226450097560298
2016-02-22,12. CVaR Minimization,-0.04234296555357275
2016-02-23,12. CVaR Minimization,-0.04515915315356167
2016-02-24,12. CVaR Minimization,-0.040107146731030996
2016-02-25,12. CVaR Minimization,-0.02864743099797895
2016-02-26,12. CVaR Minimization,-0.04310314329149434
2016-02-29,12. CVaR Minimization,-0.04339878738344205
2016-03-01,12. CVaR Minimization,-0.030062922810115023
2016-03-02,12. CVaR Minimization,-0.030069249376102225
2016-03-03,12. CVaR Minimization,-0.031046607891635047
2016-03-04,12. CVaR Minimization,-0.031721605215523474
2016-03-07,12. CVaR Minimization,-0.02851156884273165
2016-03-08,12. CVaR Minimization,-0.03307768393629551
2016-03-09,12. CVaR Minimization,-0.025352892953787842
2016-03-10,12. CVaR Minimization,-0.02364754738019803
2016-03-11,12. CVaR Minimization,-0.013644216691121258
2016-03-14,12. CVaR Minimization,-0.01676637774549916
2016-03-15,12. CVaR Minimization,-0.02122259974588947
2016-03-16,12. CVaR Minimization,-0.028240599351056495
2016-03-17,12. CVaR Minimization,-0.022543682763907724
2016-03-18,12. CVaR Minimization,-0.02088878007805184
2016-03-21,12. CVaR Minimization,-0.014374903778452519
2016-03-22,12. CVaR Minimization,-0.011972271243123722
2016-03-23,12. CVaR Minimization,-0.011639599963764069
2016-03-24,12. CVaR Minimization,-0.011797175844809993
2016-03-28,12. CVaR Minimization,-0.01328462374739714
2016-03-29,12. CVaR Minimization,-0.0038702460386702553
2016-03-30,12. CVaR Minimization,-0.00270121542709878
2016-03-31,12. CVaR Minimization,-0.0029316870476451262
2016-04-01,12. CVaR Minimization,0.0
2016-04-04,12. CVaR Minimization,0.0
2016-04-05,12. CVaR Minimization,0.0
2016-04-06,12. CVaR Minimization,0.0
2016-04-07,12. CVaR Minimization,-0.006451878131286151
2016-04-08,12. CVaR Minimization,-0.005392883596885222
2016-04-11,12. CVaR Minimization,-0.014283598709868206
2016-04-12,12. CVaR Minimization,-0.008802289367228319
2016-04-13,12. CVaR Minimization,-0.0050788821294749705
2016-04-14,12. CVaR Minimization,-0.0049150922855416244
2016-04-15,12. CVaR Minimization,-0.005307151133507456
2016-04-18,12. CVaR Minimization,-0.0018703787158021313
2016-04-19,12. CVaR Minimization,0.0
2016-04-20,12. CVaR Minimization,-0.008161588061719197
2016-04-21,12. CVaR Minimization,-0.013287227915486146
2016-04-22,12. CVaR Minimization,-0.0074174474856473285
2016-04-25,12. CVaR Minimization,-0.006716253583057539
2016-04-26,12. CVaR Minimization,-0.010757734317857773
2016-04-27,12. CVaR Minimization,-0.012693686086376306
2016-04-28,12. CVaR Minimization,-0.016444927711492013
2016-04-29,12. CVaR Minimization,-0.01907162160798909
2016-05-02,12. CVaR Minimization,-0.014740418959018438
2016-05-03,12. CVaR Minimization,-0.0075293612429215145
2016-05-04,12. CVaR Minimization,-0.011080085091677462
2016-05-05,12. CVaR Minimization,-0.007874100634776254
2016-05-06,12. CVaR Minimization,-0.005854784406040186
2016-05-09,12. CVaR Minimization,-0.0015994783503738988
2016-05-10,12. CVaR Minimization,0.0
2016-05-11,12. CVaR Minimization,-0.011004951109650137
2016-05-12,12. CVaR Minimization,-0.008733688301780056
2016-05-13,12. CVaR Minimization,-0.014681749262606382
2016-05-16,12. CVaR Minimization,-0.0065779177024975965
2016-05-17,12. CVaR Minimization,-0.017175291824941666
2016-05-18,12. CVaR Minimization,-0.01842089152681018
2016-05-19,12. CVaR Minimization,-0.016120730457520188
2016-05-20,12. CVaR Minimization,-0.015014216178184901
2016-05-23,12. CVaR Minimization,-0.016308021441496356
2016-05-24,12. CVaR Minimization,-0.007576958240143155
2016-05-25,12. CVaR Minimization,-0.0023229658287844145
2016-05-26,12. CVaR Minimization,-0.0005197560814155733
2016-05-27,12. CVaR Minimization,0.0
2016-05-31,12. CVaR Minimization,-0.0003369599272151548
2016-06-01,12. CVaR Minimization,0.0
2016-06-02,12. CVaR Minimization,0.0
2016-06-03,12. CVaR Minimization,0.0
2016-06-06,12. CVaR Minimization,0.0
2016-06-07,12. CVaR Minimization,0.0
2016-06-08,12. CVaR Minimization,0.0
2016-06-09,12. CVaR Minimization,0.0
2016-06-10,12. CVaR Minimization,0.0
2016-06-13,12. CVaR Minimization,-0.010940419588906337
2016-06-14,12. CVaR Minimization,-0.007898462747234995
2016-06-15,12. CVaR Minimization,-0.011493438771915426
2016-06-16,12. CVaR Minimization,-0.007563715260244345
2016-06-17,12. CVaR Minimization,-0.018357671524213675
2016-06-20,12. CVaR Minimization,-0.013181999867409259
2016-06-21,12. CVaR Minimization,-0.009182000141830196
2016-06-22,12. CVaR Minimization,-0.013099539528971011
2016-06-23,12. CVaR Minimization,-0.00770322202059985
2016-06-24,12. CVaR Minimization,-0.02850356393956129
2016-06-27,12. CVaR Minimization,-0.032382546829900986
2016-06-28,12. CVaR Minimization,-0.017863948433939535
2016-06-29,12. CVaR Minimization,-0.005626064249652992
2016-06-30,12. CVaR Minimization,-0.006083897749534721
2016-07-01,12. CVaR Minimization,-0.004105819143264155
2016-07-05,12. CVaR Minimization,0.0
2016-07-06,12. CVaR Minimization,0.0
2016-07-07,12. CVaR Minimization,-0.003342610948399261
2016-07-08,12. CVaR Minimization,0.0
2016-07-11,12. CVaR Minimization,0.0
2016-07-12,12. CVaR Minimization,0.0
2016-07-13,12. CVaR Minimization,0.0
2016-07-14,12. CVaR Minimization,0.0
2016-07-15,12. CVaR Minimization,-0.0018081955103329732
2016-07-18,12. CVaR Minimization,-0.0025284817461108597
2016-07-19,12. CVaR Minimization,0.0
2016-07-20,12. CVaR Minimization,-0.0008727447484965145
2016-07-21,12. CVaR Minimization,-0.001323603704293742
2016-07-22,12. CVaR Minimization,0.0
2016-07-25,12. CVaR Minimization,-0.003015799149323354
2016-07-26,12. CVaR Minimization,-0.005897939414526156
2016-07-27,12. CVaR Minimization,-0.013467431121978101
2016-07-28,12. CVaR Minimization,-0.015193144720779515
2016-07-29,12. CVaR Minimization,-0.015398763633644124
2016-08-01,12. CVaR Minimization,-0.016085197252395156
2016-08-02,12. CVaR Minimization,-0.023070377968329343
2016-08-03,12. CVaR Minimization,-0.03275095637001178
2016-08-04,12. CVaR Minimization,-0.034542668094767526
2016-08-05,12. CVaR Minimization,-0.03121607577274672
2016-08-08,12. CVaR Minimization,-0.035782880987743036
2016-08-09,12. CVaR Minimization,-0.03459083460864868
2016-08-10,12. CVaR Minimization,-0.0360277725498895
2016-08-11,12. CVaR Minimization,-0.03385586733874403
2016-08-12,12. CVaR Minimization,-0.03317768409098442
2016-08-15,12. CVaR Minimization,-0.03315285640777232
2016-08-16,12. CVaR Minimization,-0.04254117294474695
2016-08-17,12. CVaR Minimization,-0.03600180572251382
2016-08-18,12. CVaR Minimization,-0.03471608349756646
2016-08-19,12. CVaR Minimization,-0.0415177878355995
2016-08-22,12. CVaR Minimization,-0.045244396801747584
2016-08-23,12. CVaR Minimization,-0.04271529776082478
2016-08-24,12. CVaR Minimization,-0.04586604554115267
2016-08-25,12. CVaR Minimization,-0.049018399282349086
2016-08-26,12. CVaR Minimization,-0.05009350232993291
2016-08-29,12. CVaR Minimization,-0.043695140672373796
2016-08-30,12. CVaR Minimization,-0.048792443222544606
2016-08-31,12. CVaR Minimization,-0.04898198229993263
2016-09-01,12. CVaR Minimization,-0.04935737470500047
2016-09-02,12. CVaR Minimization,-0.046373015082878215
2016-09-06,12. CVaR Minimization,-0.04289182326004108
2016-09-07,12. CVaR Minimization,-0.04491910089345151
2016-09-08,12. CVaR Minimization,-0.04563936578014741
2016-09-09,12. CVaR Minimization,-0.06443571204771704
2016-09-12,12. CVaR Minimization,-0.05036437969975579
2016-09-13,12. CVaR Minimization,-0.06643301309391218
2016-09-14,12. CVaR Minimization,-0.06821495805232886
2016-09-15,12. CVaR Minimization,-0.06179729287258526
2016-09-16,12. CVaR Minimization,-0.06608185462585911
2016-09-19,12. CVaR Minimization,-0.07031790165105209
2016-09-20,12. CVaR Minimization,-0.06863273815607081
2016-09-21,12. CVaR Minimization,-0.06164015052343943
2016-09-22,12. CVaR Minimization,-0.05822773410355497
2016-09-23,12. CVaR Minimization,-0.06078153767317497
2016-09-26,12. CVaR Minimization,-0.07202593201637623
2016-09-27,12. CVaR Minimization,-0.06390638798545784
2016-09-28,12. CVaR Minimization,-0.05965543922216573
2016-09-29,12. CVaR Minimization,-0.07227659977976442
2016-09-30,12. CVaR Minimization,-0.07273021796233738
2016-10-03,12. CVaR Minimization,-0.07618449632288175
2016-10-04,12. CVaR Minimization,-0.07698402744717446
2016-10-05,12. CVaR Minimization,-0.0735178642180269
2016-10-06,12. CVaR Minimization,-0.0771112202162548
2016-10-07,12. CVaR Minimization,-0.07603898860083898
2016-10-10,12. CVaR Minimization,-0.07447034286306994
2016-10-11,12. CVaR Minimization,-0.08434016655740935
2016-10-12,12. CVaR Minimization,-0.08331039575423461
2016-10-13,12. CVaR Minimization,-0.08592935381314863
2016-10-14,12. CVaR Minimization,-0.08707440290919814
2016-10-17,12. CVaR Minimization,-0.08820396141036452
2016-10-18,12. CVaR Minimization,-0.091894720060132
2016-10-19,12. CVaR Minimization,-0.09775621133409074
2016-10-20,12. CVaR Minimization,-0.09923673879632448
2016-10-21,12. CVaR Minimization,-0.10676755072150734
2016-10-24,12. CVaR Minimization,-0.10499128018684621
2016-10-25,12. CVaR Minimization,-0.09707496153268186
2016-10-26,12. CVaR Minimization,-0.09602021847369094
2016-10-27,12. CVaR Minimization,-0.09605574347815472
2016-10-28,12. CVaR Minimization,-0.10231111772621176
2016-10-31,12. CVaR Minimization,-0.10372674603763872
2016-11-01,12. CVaR Minimization,-0.11254105004680734
2016-11-02,12. CVaR Minimization,-0.11724025791112919
2016-11-03,12. CVaR Minimization,-0.12444690214716467
2016-11-04,12. CVaR Minimization,-0.1280379756495122
2016-11-07,12. CVaR Minimization,-0.11532795508925803
2016-11-08,12. CVaR Minimization,-0.11500213966271486
2016-11-09,12. CVaR Minimization,-0.09380729368620508
2016-11-10,12. CVaR Minimization,-0.093193956336035
2016-11-11,12. CVaR Minimization,-0.10165255778691899
2016-11-14,12. CVaR Minimization,-0.11081275532982081
2016-11-15,12. CVaR Minimization,-0.10817564158377793
2016-11-16,12. CVaR Minimization,-0.10970123617391536
2016-11-17,12. CVaR Minimization,-0.11389237632544402
2016-11-18,12. CVaR Minimization,-0.12095586767139954
2016-11-21,12. CVaR Minimization,-0.11628113736809204
2016-11-22,12. CVaR Minimization,-0.12131784204202417
2016-11-23,12. CVaR Minimization,-0.12014748683920205
2016-11-25,12. CVaR Minimization,-0.11303175912590742
2016-11-28,12. CVaR Minimization,-0.11715028168226918
2016-11-29,12. CVaR Minimization,-0.11659898018363755
2016-11-30,12. CVaR Minimization,-0.11959911440684053
2016-12-01,12. CVaR Minimization,-0.12708618568708413
2016-12-02,12. CVaR Minimization,-0.12293761878223895
2016-12-05,12. CVaR Minimization,-0.12304103687158312
2016-12-06,12. CVaR Minimization,-0.12219255820164546
2016-12-07,12. CVaR Minimization,-0.12222906811997662
2016-12-08,12. CVaR Minimization,-0.1254049188870168
2016-12-09,12. CVaR Minimization,-0.11219697224649298
2016-12-12,12. CVaR Minimization,-0.0974145326900513
2016-12-13,12. CVaR Minimization,-0.09043523946638271
2016-12-14,12. CVaR Minimization,-0.09599689641379923
2016-12-15,12. CVaR Minimization,-0.09342891769582624
2016-12-16,12. CVaR Minimization,-0.09226226945322823
2016-12-19,12. CVaR Minimization,-0.09148771340348613
2016-12-20,12. CVaR Minimization,-0.09179798704031773
2016-12-21,12. CVaR Minimization,-0.09732215813884287
2016-12-22,12. CVaR Minimization,-0.09897407301119829
2016-12-23,12. CVaR Minimization,-0.09581124804434707
2016-12-27,12. CVaR Minimization,-0.09541305795272291
2016-12-28,12. CVaR Minimization,-0.10068961981597474
2016-12-29,12. CVaR Minimization,-0.09805228500462941
2016-12-30,12. CVaR Minimization,-0.09827955580993787
2017-01-03,12. CVaR Minimization,-0.09303172110119207
2017-01-04,12. CVaR Minimization,-0.09040886148147433
2017-01-05,12. CVaR Minimization,-0.0835978009475775
2017-01-06,12. CVaR Minimization,-0.0855029380867491
2017-01-09,12. CVaR Minimization,-0.08673019260741352
2017-01-10,12. CVaR Minimization,-0.09067259621015146
2017-01-11,12. CVaR Minimization,-0.0957361946488289
2017-01-12,12. CVaR Minimization,-0.09831946345889911
2017-01-13,12. CVaR Minimization,-0.09949861866134473
2017-01-17,12. CVaR Minimization,-0.09591237936587739
2017-01-18,12. CVaR Minimization,-0.09750594426163649
2017-01-19,12. CVaR Minimization,-0.10219823230141079
2017-01-20,12. CVaR Minimization,-0.09350154244516443
2017-01-23,12. CVaR Minimization,-0.09784126392710323
2017-01-24,12. CVaR Minimization,-0.09979760684647485
2017-01-25,12. CVaR Minimization,-0.09777299219339926
2017-01-26,12. CVaR Minimization,-0.10180222800463806
2017-01-27,12. CVaR Minimization,-0.09926141583794704
2017-01-30,12. CVaR Minimization,-0.09993925893737411
2017-01-31,12. CVaR Minimization,-0.1002800918433605
2017-02-01,12. CVaR Minimization,-0.09571125264130993
2017-02-02,12. CVaR Minimization,-0.09331139676982325
2017-02-03,12. CVaR Minimization,-0.09168451025403404
2017-02-06,12. CVaR Minimization,-0.09112750675559862
2017-02-07,12. CVaR Minimization,-0.08860179691658802
2017-02-08,12. CVaR Minimization,-0.08772760916549399
2017-02-09,12. CVaR Minimization,-0.08363302581719351
2017-02-10,12. CVaR Minimization,-0.08513810443051802
2017-02-13,12. CVaR Minimization,-0.08031301875431493
2017-02-14,12. CVaR Minimization,-0.07773180841269373
2017-02-15,12. CVaR Minimization,-0.06336122169764342
2017-02-16,12. CVaR Minimization,-0.06213912962019855
2017-02-17,12. CVaR Minimization,-0.06006192128504464
2017-02-21,12. CVaR Minimization,-0.054164589460390794
2017-02-22,12. CVaR Minimization,-0.055244416152764944
2017-02-23,12. CVaR Minimization,-0.05090084393653708
2017-02-24,12. CVaR Minimization,-0.048326047206143315
2017-02-27,12. CVaR Minimization,-0.04918265060389825
2017-02-28,12. CVaR Minimization,-0.04981747539312907
2017-03-01,12. CVaR Minimization,-0.03604459249213602
2017-03-02,12. CVaR Minimization,-0.04085822821088783
2017-03-03,12. CVaR Minimization,-0.03965139702626828
2017-03-06,12. CVaR Minimization,-0.04240674881535306
2017-03-07,12. CVaR Minimization,-0.043490181333564255
2017-03-08,12. CVaR Minimization,-0.04487428621162844
2017-03-09,12. CVaR Minimization,-0.03974763578713549
2017-03-10,12. CVaR Minimization,-0.03772720882252142
2017-03-13,12. CVaR Minimization,-0.03541209058952374
2017-03-14,12. CVaR Minimization,-0.03254098974452557
2017-03-15,12. CVaR Minimization,-0.025585248123345002
2017-03-16,12. CVaR Minimization,-0.025393513354175272
2017-03-17,12. CVaR Minimization,-0.029674154981437953
2017-03-20,12. CVaR Minimization,-0.027894193851783815
2017-03-21,12. CVaR Minimization,-0.038305571749230716
2017-03-22,12. CVaR Minimization,-0.03784434361551088
2017-03-23,12. CVaR Minimization,-0.04021063080479026
2017-03-24,12. CVaR Minimization,-0.040899320053761
2017-03-27,12. CVaR Minimization,-0.03855195691898504
2017-03-28,12. CVaR Minimization,-0.03100516576335555
2017-03-29,12. CVaR Minimization,-0.032959502934298536
2017-03-30,12. CVaR Minimization,-0.03114403046169415
2017-03-31,12. CVaR Minimization,-0.03163244123369115
2017-04-03,12. CVaR Minimization,-0.03199432135679008
2017-04-04,12. CVaR Minimization,-0.030937822273251727
2017-04-05,12. CVaR Minimization,-0.03262760189691977
2017-04-06,12. CVaR Minimization,-0.03262879994079375
2017-04-07,12. CVaR Minimization,-0.034456360715743053
2017-04-10,12. CVaR Minimization,-0.0355374936608504
2017-04-11,12. CVaR Minimization,-0.03703423082683264
2017-04-12,12. CVaR Minimization,-0.032946307737690736
2017-04-13,12. CVaR Minimization,-0.03846875886947753
2017-04-17,12. CVaR Minimization,-0.03277274981908722
2017-04-18,12. CVaR Minimization,-0.04271512170136368
2017-04-19,12. CVaR Minimization,-0.04924822014650356
2017-04-20,12. CVaR Minimization,-0.04495265178308673
2017-04-21,12. CVaR Minimization,-0.04874906226958783
2017-04-24,12. CVaR Minimization,-0.03858295266506819
2017-04-25,12. CVaR Minimization,-0.033616103326376254
2017-04-26,12. CVaR Minimization,-0.039345374384688415
2017-04-27,12. CVaR Minimization,-0.03989545580107793
2017-04-28,12. CVaR Minimization,-0.040191372000802805
2017-05-01,12. CVaR Minimization,-0.03704807971282579
2017-05-02,12. CVaR Minimization,-0.03940454136742176
2017-05-03,12. CVaR Minimization,-0.03970732264582652
2017-05-04,12. CVaR Minimization,-0.04206821323815505
2017-05-05,12. CVaR Minimization,-0.038367794477805306
2017-05-08,12. CVaR Minimization,-0.03350916110302869
2017-05-09,12. CVaR Minimization,-0.03340085831208075
2017-05-10,12. CVaR Minimization,-0.034892146429051106
2017-05-11,12. CVaR Minimization,-0.03390450502478651
2017-05-12,12. CVaR Minimization,-0.03155499665501875
2017-05-15,12. CVaR Minimization,-0.026184920457045777
2017-05-16,12. CVaR Minimization,-0.026940923879666318
2017-05-17,12. CVaR Minimization,-0.0399468997465288
2017-05-18,12. CVaR Minimization,-0.03847548416597879
2017-05-19,12. CVaR Minimization,-0.03518162622773351
2017-05-22,12. CVaR Minimization,-0.03436499000576591
2017-05-23,12. CVaR Minimization,-0.0333980022214141
2017-05-24,12. CVaR Minimization,-0.031987391437232365
2017-05-25,12. CVaR Minimization,-0.03011991753230007
2017-05-26,12. CVaR Minimization,-0.02965441395182846
2017-05-30,12. CVaR Minimization,-0.029965313370351018
2017-05-31,12. CVaR Minimization,-0.030740590700980695
2017-06-01,12. CVaR Minimization,-0.024360520676365908
2017-06-02,12. CVaR Minimization,-0.021328003420996854
2017-06-05,12. CVaR Minimization,-0.019064548320669384
2017-06-06,12. CVaR Minimization,-0.021463694111392703
2017-06-07,12. CVaR Minimization,-0.019122627816418446
2017-06-08,12. CVaR Minimization,-0.021453915151842425
2017-06-09,12. CVaR Minimization,-0.01762615201155051
2017-06-12,12. CVaR Minimization,-0.019096088793054126
2017-06-13,12. CVaR Minimization,-0.017314018530070033
2017-06-14,12. CVaR Minimization,-0.015529807248655275
2017-06-15,12. CVaR Minimization,-0.017131458719382323
2017-06-16,12. CVaR Minimization,-0.0266003910890744
2017-06-19,12. CVaR Minimization,-0.02125878945807074
2017-06-20,12. CVaR Minimization,-0.02403051422898275
2017-06-21,12. CVaR Minimization,-0.02223967363255246
2017-06-22,12. CVaR Minimization,-0.024281466300051704
2017-06-23,12. CVaR Minimization,-0.02428230212744317
2017-06-26,12. CVaR Minimization,-0.022725074945328425
2017-06-27,12. CVaR Minimization,-0.02562657328685001
2017-06-28,12. CVaR Minimization,-0.02261672481230986
2017-06-29,12. CVaR Minimization,-0.030350127623052486
2017-06-30,12. CVaR Minimization,-0.031122467894924497
2017-07-03,12. CVaR Minimization,-0.026821672655560923
2017-07-05,12. CVaR Minimization,-0.028471124538188026
2017-07-06,12. CVaR Minimization,-0.03587183045873195
2017-07-07,12. CVaR Minimization,-0.03331340321446469
2017-07-10,12. CVaR Minimization,-0.03820278652490684
2017-07-11,12. CVaR Minimization,-0.03816993058093269
2017-07-12,12. CVaR Minimization,-0.035307714063843657
2017-07-13,12. CVaR Minimization,-0.03010470662087886
2017-07-14,12. CVaR Minimization,-0.02398014180851107
2017-07-17,12. CVaR Minimization,-0.024426269886342503
2017-07-18,12. CVaR Minimization,-0.020786474446361232
2017-07-19,12. CVaR Minimization,-0.01796608282371818
2017-07-20,12. CVaR Minimization,-0.017152774964127673
2017-07-21,12. CVaR Minimization,-0.01921336876034698
2017-07-24,12. CVaR Minimization,-0.017976446148756854
2017-07-25,12. CVaR Minimization,-0.010460077157067468
2017-07-26,12. CVaR Minimization,-0.008728514043454823
2017-07-27,12. CVaR Minimization,-0.004566832597492633
2017-07-28,12. CVaR Minimization,-0.007862290623498658
2017-07-31,12. CVaR Minimization,-0.008107815512995812
2017-08-01,12. CVaR Minimization,-0.003640159794367186
2017-08-02,12. CVaR Minimization,0.0
2017-08-03,12. CVaR Minimization,-0.00018779689502083403
2017-08-04,12. CVaR Minimization,0.0
2017-08-07,12. CVaR Minimization,0.0
2017-08-08,12. CVaR Minimization,0.0
2017-08-09,12. CVaR Minimization,0.0
2017-08-10,12. CVaR Minimization,-0.013474208404696817
2017-08-11,12. CVaR Minimization,-0.014805221768022908
2017-08-14,12. CVaR Minimization,-0.008346550684499994
2017-08-15,12. CVaR Minimization,-0.004613753439011198
2017-08-16,12. CVaR Minimization,-0.005509525889324528
2017-08-17,12. CVaR Minimization,-0.01871276489306572
2017-08-18,12. CVaR Minimization,-0.020085606244509602
2017-08-21,12. CVaR Minimization,-0.019002604257602314
2017-08-22,12. CVaR Minimization,-0.01142780084550416
2017-08-23,12. CVaR Minimization,-0.013813116628000595
2017-08-24,12. CVaR Minimization,-0.019163513993125405
2017-08-25,12. CVaR Minimization,-0.016923142100250418
2017-08-28,12. CVaR Minimization,-0.01710548331840689
2017-08-29,12. CVaR Minimization,-0.014110105718546286
2017-08-30,12. CVaR Minimization,-0.0153499256565246
2017-08-31,12. CVaR Minimization,-0.016272643478038723
2017-09-01,12. CVaR Minimization,-0.015335528601975684
2017-09-05,12. CVaR Minimization,-0.01954051584589084
2017-09-06,12. CVaR Minimization,-0.016503567399908076
2017-09-07,12. CVaR Minimization,-0.016629998673156784
2017-09-08,12. CVaR Minimization,-0.021600002727903075
2017-09-11,12. CVaR Minimization,-0.010329074995870772
2017-09-12,12. CVaR Minimization,-0.007602047040778916
2017-09-13,12. CVaR Minimization,-0.007272537186208156
2017-09-14,12. CVaR Minimization,-0.007143006192754921
2017-09-15,12. CVaR Minimization,-0.004753956402194071
2017-09-18,12. CVaR Minimization,-0.002187456202970788
2017-09-19,12. CVaR Minimization,0.0
2017-09-20,12. CVaR Minimization,-0.0020043994615446597
2017-09-21,12. CVaR Minimization,-0.010724881848602487
2017-09-22,12. CVaR Minimization,-0.013595110973300645
2017-09-25,12. CVaR Minimization,-0.01492510427736588
2017-09-26,12. CVaR Minimization,-0.01581558188301486
2017-09-27,12. CVaR Minimization,-0.02144779675340816
2017-09-28,12. CVaR Minimization,-0.02162139387405825
2017-09-29,12. CVaR Minimization,-0.022582818641152524
2017-10-02,12. CVaR Minimization,-0.01949987127997143
2017-10-03,12. CVaR Minimization,-0.012881767627367313
2017-10-04,12. CVaR Minimization,-0.011955176431151291
2017-10-05,12. CVaR Minimization,-0.009473347455518082
2017-10-06,12. CVaR Minimization,-0.010226989925165202
2017-10-09,12. CVaR Minimization,-0.010691529124130374
2017-10-10,12. CVaR Minimization,-0.003871657506827256
2017-10-11,12. CVaR Minimization,-0.0012616464379790406
2017-10-12,12. CVaR Minimization,-0.0025613063774928813
2017-10-13,12. CVaR Minimization,0.0
2017-10-16,12. CVaR Minimization,0.0
2017-10-17,12. CVaR Minimization,-0.002020032485715844
2017-10-18,12. CVaR Minimization,-0.0017801033164067577
2017-10-19,12. CVaR Minimization,-0.0020741640456303336
2017-10-20,12. CVaR Minimization,-0.004627129820484456
2017-10-23,12. CVaR Minimization,-0.004249966926703752
2017-10-24,12. CVaR Minimization,-0.002054296466245771
2017-10-25,12. CVaR Minimization,-0.0028645607135053966
2017-10-26,12. CVaR Minimization,0.0
2017-10-27,12. CVaR Minimization,-0.002368112760343493
2017-10-30,12. CVaR Minimization,-0.009606449289212006
2017-10-31,12. CVaR Minimization,-0.01007922847634773
2017-11-01,12. CVaR Minimization,-0.007697406972584007
2017-11-02,12. CVaR Minimization,-0.007439426375859925
2017-11-03,12. CVaR Minimization,-0.00508558061422857
2017-11-06,12. CVaR Minimization,-0.009982452440629874
2017-11-07,12. CVaR Minimization,-0.008396096395536802
2017-11-08,12. CVaR Minimization,-0.00581498629250982
2017-11-09,12. CVaR Minimization,-0.006803340258752535
2017-11-10,12. CVaR Minimization,-0.00462273208546951
2017-11-13,12. CVaR Minimization,-0.0017268962335133824
2017-11-14,12. CVaR Minimization,0.0
2017-11-15,12. CVaR Minimization,-0.008007219178839795
2017-11-16,12. CVaR Minimization,0.0
2017-11-17,12. CVaR Minimization,-0.01056813567741763
2017-11-20,12. CVaR Minimization,-0.009615819573474233
2017-11-21,12. CVaR Minimization,-0.0041489124064124
2017-11-22,12. CVaR Minimization,-0.0061365495057983735
2017-11-24,12. CVaR Minimization,-0.004132780921039275
2017-11-27,12. CVaR Minimization,-0.002250424125203175
2017-11-28,12. CVaR Minimization,0.0
2017-11-29,12. CVaR Minimization,-0.00033986896451427125
2017-11-30,12. CVaR Minimization,-0.0009079787352717618
2017-12-01,12. CVaR Minimization,0.0
2017-12-04,12. CVaR Minimization,0.0
2017-12-05,12. CVaR Minimization,-0.005324352988934007
2017-12-06,12. CVaR Minimization,-0.006589306120010177
2017-12-07,12. CVaR Minimization,-0.01153462063287384
2017-12-08,12. CVaR Minimization,-0.011165571451666799
2017-12-11,12. CVaR Minimization,-0.00832653475365775
2017-12-12,12. CVaR Minimization,-0.005260577768417274
2017-12-13,12. CVaR Minimization,-0.000447365864210181
2017-12-14,12. CVaR Minimization,-6.49434345519056e-05
2017-12-15,12. CVaR Minimization,0.0
2017-12-18,12. CVaR Minimization,0.0
2017-12-19,12. CVaR Minimization,0.0
2017-12-20,12. CVaR Minimization,-0.004204382065902716
2017-12-21,12. CVaR Minimization,-0.00569891262494245
2017-12-22,12. CVaR Minimization,-0.006635716624469414
2017-12-26,12. CVaR Minimization,-0.004361546488920386
2017-12-27,12. CVaR Minimization,-0.003102818341786306
2017-12-28,12. CVaR Minimization,-0.0036229309769793554
2017-12-29,12. CVaR Minimization,-0.004261015143295443
2018-01-02,12. CVaR Minimization,-0.0032123071180737953
2018-01-03,12. CVaR Minimization,0.0
2018-01-04,12. CVaR Minimization,0.0
2018-01-05,12. CVaR Minimization,0.0
2018-01-08,12. CVaR Minimization,-0.0034115955664962027
2018-01-09,12. CVaR Minimization,0.0
2018-01-10,12. CVaR Minimization,-0.0008425517147985289
2018-01-11,12. CVaR Minimization,0.0
2018-01-12,12. CVaR Minimization,0.0
2018-01-16,12. CVaR Minimization,0.0
2018-01-17,12. CVaR Minimization,0.0
2018-01-18,12. CVaR Minimization,-0.00031186017134716374
2018-01-19,12. CVaR Minimization,0.0
2018-01-22,12. CVaR Minimization,0.0
2018-01-23,12. CVaR Minimization,-0.007822666078563315
2018-01-24,12. CVaR Minimization,-0.004201086871094233
2018-01-25,12. CVaR Minimization,0.0
2018-01-26,12. CVaR Minimization,0.0
2018-01-29,12. CVaR Minimization,-0.008547477139876261
2018-01-30,12. CVaR Minimization,-0.021996127451878306
2018-01-31,12. CVaR Minimization,-0.02308383215350478
2018-02-01,12. CVaR Minimization,-0.02698641722148019
2018-02-02,12. CVaR Minimization,-0.04021331803003685
2018-02-05,12. CVaR Minimization,-0.08149354366921786
2018-02-06,12. CVaR Minimization,-0.06655970580289769
2018-02-07,12. CVaR Minimization,-0.06793121891028323
2018-02-08,12. CVaR Minimization,-0.1012797490381817
2018-02-09,12. CVaR Minimization,-0.09613528837621149
2018-02-12,12. CVaR Minimization,-0.0821987350516049
2018-02-13,12. CVaR Minimization,-0.07674446341496687
2018-02-14,12. CVaR Minimization,-0.07087612965871695
2018-02-15,12. CVaR Minimization,-0.05941851137343765
2018-02-16,12. CVaR Minimization,-0.05661196963863187
2018-02-20,12. CVaR Minimization,-0.07351442301455957
2018-02-21,12. CVaR Minimization,-0.08177473036496485
2018-02-22,12. CVaR Minimization,-0.07785300597697167
2018-02-23,12. CVaR Minimization,-0.06704730110081773
2018-02-26,12. CVaR Minimization,-0.06031760922013429
2018-02-27,12. CVaR Minimization,-0.07103337786811144
2018-02-28,12. CVaR Minimization,-0.07193924489921838
2018-03-01,12. CVaR Minimization,-0.08059547926586678
2018-03-02,12. CVaR Minimization,-0.07362078891773
2018-03-05,12. CVaR Minimization,-0.06487818233757156
2018-03-06,12. CVaR Minimization,-0.06644272506058746
2018-03-07,12. CVaR Minimization,-0.06838754129757832
2018-03-08,12. CVaR Minimization,-0.05842665022075579
2018-03-09,12. CVaR Minimization,-0.0484375384825043
2018-03-12,12. CVaR Minimization,-0.04981753271732004
2018-03-13,12. CVaR Minimization,-0.05099204650861889
2018-03-14,12. CVaR Minimization,-0.059668536859190595
2018-03-15,12. CVaR Minimization,-0.05976707925456245
2018-03-16,12. CVaR Minimization,-0.05858715732437923
2018-03-19,12. CVaR Minimization,-0.0686639850744622
2018-03-20,12. CVaR Minimization,-0.064872796848265
2018-03-21,12. CVaR Minimization,-0.06980553119199823
2018-03-22,12. CVaR Minimization,-0.08732314722399978
2018-03-23,12. CVaR Minimization,-0.10686324953341059
2018-03-26,12. CVaR Minimization,-0.08945474079982788
2018-03-27,12. CVaR Minimization,-0.0939415457057095
2018-03-28,12. CVaR Minimization,-0.09547258698469734
2018-03-29,12. CVaR Minimization,-0.09616983940874849
2018-04-02,12. CVaR Minimization,-0.11889667129578864
2018-04-03,12. CVaR Minimization,-0.10574294165942709
2018-04-04,12. CVaR Minimization,-0.09349738063154332
2018-04-05,12. CVaR Minimization,-0.08699918814912058
2018-04-06,12. CVaR Minimization,-0.10151251761423095
2018-04-09,12. CVaR Minimization,-0.10161006823435252
2018-04-10,12. CVaR Minimization,-0.09190224344362014
2018-04-11,12. CVaR Minimization,-0.09448447917554155
2018-04-12,12. CVaR Minimization,-0.09083488501146575
2018-04-13,12. CVaR Minimization,-0.0886009804802685
2018-04-16,12. CVaR Minimization,-0.08428977863696971
2018-04-17,12. CVaR Minimization,-0.07422415442465563
2018-04-18,12. CVaR Minimization,-0.07428119389028517
2018-04-19,12. CVaR Minimization,-0.08171319419675938
2018-04-20,12. CVaR Minimization,-0.09487912000685227
2018-04-23,12. CVaR Minimization,-0.09633591946483555
2018-04-24,12. CVaR Minimization,-0.11183918044649986
2018-04-25,12. CVaR Minimization,-0.11564463732943094
2018-04-26,12. CVaR Minimization,-0.1045098257677563
2018-04-27,12. CVaR Minimization,-0.09588507007061615
2018-04-30,12. CVaR Minimization,-0.09636741827232796
2018-05-01,12. CVaR Minimization,-0.10882858519702908
2018-05-02,12. CVaR Minimization,-0.11836121356978226
2018-05-03,12. CVaR Minimization,-0.11911766879771712
2018-05-04,12. CVaR Minimization,-0.1100830196120227
2018-05-07,12. CVaR Minimization,-0.1104838003595357
2018-05-08,12. CVaR Minimization,-0.11416250280985608
2018-05-09,12. CVaR Minimization,-0.10919534316337576
2018-05-10,12. CVaR Minimization,-0.10427688893148741
2018-05-11,12. CVaR Minimization,-0.1010580276312606
2018-05-14,12. CVaR Minimization,-0.09933421534367677
2018-05-15,12. CVaR Minimization,-0.10527527560747155
2018-05-16,12. CVaR Minimization,-0.1033133502874414
2018-05-17,12. CVaR Minimization,-0.09777813191367929
2018-05-18,12. CVaR Minimization,-0.10124859543994535
2018-05-21,12. CVaR Minimization,-0.09580521663204285
2018-05-22,12. CVaR Minimization,-0.09786658526275874
2018-05-23,12. CVaR Minimization,-0.09340234232535327
2018-05-24,12. CVaR Minimization,-0.09599984549287639
2018-05-25,12. CVaR Minimization,-0.0950762616191497
2018-05-29,12. CVaR Minimization,-0.0944025509867474
2018-05-30,12. CVaR Minimization,-0.08554602799416795
2018-05-31,12. CVaR Minimization,-0.09235776203441529
2018-06-01,12. CVaR Minimization,-0.08704427484991714
2018-06-04,12. CVaR Minimization,-0.07932356996500324
2018-06-05,12. CVaR Minimization,-0.08044267405400368
2018-06-06,12. CVaR Minimization,-0.07698321805718303
2018-06-07,12. CVaR Minimization,-0.07237276766269789
2018-06-08,12. CVaR Minimization,-0.06389612096355979
2018-06-11,12. CVaR Minimization,-0.06423707251069109
2018-06-12,12. CVaR Minimization,-0.06266187806181316
2018-06-13,12. CVaR Minimization,-0.06667587057660146
2018-06-14,12. CVaR Minimization,-0.07074828405409113
2018-06-15,12. CVaR Minimization,-0.06263567460588056
2018-06-18,12. CVaR Minimization,-0.07218215676274474
2018-06-19,12. CVaR Minimization,-0.07010272265086376
2018-06-20,12. CVaR Minimization,-0.07070161280423139
2018-06-21,12. CVaR Minimization,-0.07281209194146641
2018-06-22,12. CVaR Minimization,-0.06799326935394351
2018-06-25,12. CVaR Minimization,-0.06980260790773067
2018-06-26,12. CVaR Minimization,-0.06868147029582937
2018-06-27,12. CVaR Minimization,-0.07424764675298201
2018-06-28,12. CVaR Minimization,-0.0667997843381172
2018-06-29,12. CVaR Minimization,-0.06500812095803112
2018-07-02,12. CVaR Minimization,-0.06392135009981087
2018-07-03,12. CVaR Minimization,-0.06489367166784332
2018-07-05,12. CVaR Minimization,-0.0520690863689001
2018-07-06,12. CVaR Minimization,-0.04910720486325775
2018-07-09,12. CVaR Minimization,-0.0521910500853243
2018-07-10,12. CVaR Minimization,-0.04050137508231268
2018-07-11,12. CVaR Minimization,-0.04475830151306822
2018-07-12,12. CVaR Minimization,-0.04100974916852632
2018-07-13,12. CVaR Minimization,-0.037881131705622254
2018-07-16,12. CVaR Minimization,-0.03797670164066532
2018-07-17,12. CVaR Minimization,-0.029895306556666442
2018-07-18,12. CVaR Minimization,-0.03175968745308385
2018-07-19,12. CVaR Minimization,-0.038178176800025956
2018-07-20,12. CVaR Minimization,-0.037696505439629
2018-07-23,12. CVaR Minimization,-0.04186736802499084
2018-07-24,12. CVaR Minimization,-0.032973895196637515
2018-07-25,12. CVaR Minimization,-0.021744007052076037
2018-07-26,12. CVaR Minimization,-0.020485680961009476
2018-07-27,12. CVaR Minimization,-0.017813129078054546
2018-07-30,12. CVaR Minimization,-0.01986842553105131
2018-07-31,12. CVaR Minimization,-0.02000136813265838
2018-08-01,12. CVaR Minimization,-0.015931189558980978
2018-08-02,12. CVaR Minimization,-0.013218675741290022
2018-08-03,12. CVaR Minimization,-0.003958588656542996
2018-08-06,12. CVaR Minimization,0.0
2018-08-07,12. CVaR Minimization,-0.001291790045758683
2018-08-08,12. CVaR Minimization,-0.0007294706024088609
2018-08-09,12. CVaR Minimization,-0.0035055425265583507
2018-08-10,12. CVaR Minimization,-0.007273520475064624
2018-08-13,12. CVaR Minimization,-0.008595583246337678
2018-08-14,12. CVaR Minimization,-0.007602146687427864
2018-08-15,12. CVaR Minimization,-0.002623971287027176
2018-08-16,12. CVaR Minimization,0.0
2018-08-17,12. CVaR Minimization,0.0
2018-08-20,12. CVaR Minimization,0.0
2018-08-21,12. CVaR Minimization,-0.002994497680214112
2018-08-22,12. CVaR Minimization,-0.005847464175947226
2018-08-23,12. CVaR Minimization,-0.0068973848740559365
2018-08-24,12. CVaR Minimization,-0.00549649763074764
2018-08-27,12. CVaR Minimization,-0.007810240798621422
2018-08-28,12. CVaR Minimization,-0.009236818849999657
2018-08-29,12. CVaR Minimization,-0.004989317664274357
2018-08-30,12. CVaR Minimization,-0.0069699620346212595
2018-08-31,12. CVaR Minimization,-0.009175163947701386
2018-09-04,12. CVaR Minimization,-0.008453250186246087
2018-09-05,12. CVaR Minimization,-0.0033464251842252116
2018-09-06,12. CVaR Minimization,-0.006148740374634237
2018-09-07,12. CVaR Minimization,-0.00671140944998168
2018-09-10,12. CVaR Minimization,-0.00577612588978743
2018-09-11,12. CVaR Minimization,-0.0018426666695546725
2018-09-12,12. CVaR Minimization,0.0
2018-09-13,12. CVaR Minimization,0.0
2018-09-14,12. CVaR Minimization,-0.0003426715213366478
2018-09-17,12. CVaR Minimization,-0.0012324265594885592
2018-09-18,12. CVaR Minimization,0.0
2018-09-19,12. CVaR Minimization,-0.001917431249324009
2018-09-20,12. CVaR Minimization,0.0
2018-09-21,12. CVaR Minimization,-3.0949246791343984e-05
2018-09-24,12. CVaR Minimization,-0.005378435058013728
2018-09-25,12. CVaR Minimization,-0.008950504270678648
2018-09-26,12. CVaR Minimization,-0.007971184198214751
2018-09-27,12. CVaR Minimization,-0.003147011301351442
2018-09-28,12. CVaR Minimization,0.0
2018-10-01,12. CVaR Minimization,0.0
2018-10-02,12. CVaR Minimization,0.0
2018-10-03,12. CVaR Minimization,-0.004772917049688325
2018-10-04,12. CVaR Minimization,-0.012526045072079883
2018-10-05,12. CVaR Minimization,-0.013184725889098869
2018-10-08,12. CVaR Minimization,-0.007655232297071864
2018-10-09,12. CVaR Minimization,-0.006086321817041565
2018-10-10,12. CVaR Minimization,-0.028999156481698277
2018-10-11,12. CVaR Minimization,-0.05564706416675536
2018-10-12,12. CVaR Minimization,-0.04273428100184463
2018-10-15,12. CVaR Minimization,-0.04458309980994253
2018-10-16,12. CVaR Minimization,-0.02817287132202769
2018-10-17,12. CVaR Minimization,-0.01906328491594875
2018-10-18,12. CVaR Minimization,-0.03364898168079928
2018-10-19,12. CVaR Minimization,-0.004443678111154856
2018-10-22,12. CVaR Minimization,-0.007916684139594654
2018-10-23,12. CVaR Minimization,-0.006170810885051001
2018-10-24,12. CVaR Minimization,-0.017138403126431712
2018-10-25,12. CVaR Minimization,-0.0057030599118204905
2018-10-26,12. CVaR Minimization,-0.026035941641671015
2018-10-29,12. CVaR Minimization,-0.02480349761850465
2018-10-30,12. CVaR Minimization,-0.016351811445541018
2018-10-31,12. CVaR Minimization,-0.016910254155332736
2018-11-01,12. CVaR Minimization,-0.008341839303156216
2018-11-02,12. CVaR Minimization,-0.009015385370904452
2018-11-05,12. CVaR Minimization,-0.0005588115346928493
2018-11-06,12. CVaR Minimization,0.0
2018-11-07,12. CVaR Minimization,0.0
2018-11-08,12. CVaR Minimization,-0.0008916324091333901
2018-11-09,12. CVaR Minimization,0.0
2018-11-12,12. CVaR Minimization,-0.004955407129798756
2018-11-13,12. CVaR Minimization,-0.003560656290132957
2018-11-14,12. CVaR Minimization,-0.006290622350826973
2018-11-15,12. CVaR Minimization,-0.0030198787500993777
2018-11-16,12. CVaR Minimization,0.0
2018-11-19,12. CVaR Minimization,-0.002226601608185363
2018-11-20,12. CVaR Minimization,-0.019860939586661807
2018-11-21,12. CVaR Minimization,-0.02947002389833419
2018-11-23,12. CVaR Minimization,-0.030083191294856128
2018-11-26,12. CVaR Minimization,-0.024311366265832815
2018-11-27,12. CVaR Minimization,-0.015434234604571944
2018-11-28,12. CVaR Minimization,-0.0018570323458626716
2018-11-29,12. CVaR Minimization,-0.007236695910726517
2018-11-30,12. CVaR Minimization,0.0
2018-12-03,12. CVaR Minimization,-0.003999811093409514
2018-12-04,12. CVaR Minimization,-0.01309575755437336
2018-12-06,12. CVaR Minimization,-0.011204079461579485
2018-12-07,12. CVaR Minimization,-0.024010520328528188
2018-12-10,12. CVaR Minimization,-0.019637518265271228
2018-12-11,12. CVaR Minimization,-0.014140171521884197
2018-12-12,12. CVaR Minimization,-0.013924312928046394
2018-12-13,12. CVaR Minimization,-0.0014537445755291813
2018-12-14,12. CVaR Minimization,-0.0206023134472531
2018-12-17,12. CVaR Minimization,-0.04928096167738954
2018-12-18,12. CVaR Minimization,-0.05057155663967936
2018-12-19,12. CVaR Minimization,-0.06173192752278423
2018-12-20,12. CVaR Minimization,-0.07119351342437553
2018-12-21,12. CVaR Minimization,-0.07707943099504226
2018-12-24,12. CVaR Minimization,-0.11173359345140321
2018-12-26,12. CVaR Minimization,-0.07818617494841526
2018-12-27,12. CVaR Minimization,-0.06794933926006788
2018-12-28,12. CVaR Minimization,-0.06958577060216138
2018-12-31,12. CVaR Minimization,-0.07028915642633597
2019-01-02,12. CVaR Minimization,-0.07086722174670002
2019-01-03,12. CVaR Minimization,-0.0855712294202305
2019-01-04,12. CVaR Minimization,-0.06135099150927387
2019-01-07,12. CVaR Minimization,-0.06353249567354885
2019-01-08,12. CVaR Minimization,-0.054478342328500365
2019-01-09,12. CVaR Minimization,-0.060183519876488775
2019-01-10,12. CVaR Minimization,-0.05556839296010174
2019-01-11,12. CVaR Minimization,-0.05337502785782168
2019-01-14,12. CVaR Minimization,-0.055625854967899784
2019-01-15,12. CVaR Minimization,-0.04647916602720267
2019-01-16,12. CVaR Minimization,-0.0524230869328611
2019-01-17,12. CVaR Minimization,-0.05167797592010917
2019-01-18,12. CVaR Minimization,-0.04193614762185757
2019-01-22,12. CVaR Minimization,-0.04835513191500813
2019-01-23,12. CVaR Minimization,-0.033575928499347006
2019-01-24,12. CVaR Minimization,-0.037056014776645795
2019-01-25,12. CVaR Minimization,-0.03733598579638047
2019-01-28,12. CVaR Minimization,-0.04197430234646706
2019-01-29,12. CVaR Minimization,-0.043797275959804254
2019-01-30,12. CVaR Minimization,-0.03221658606659607
2019-01-31,12. CVaR Minimization,-0.006537195693388557
2019-02-01,12. CVaR Minimization,-0.000593098084903405
2019-02-04,12. CVaR Minimization,0.0
2019-02-05,12. CVaR Minimization,0.0
2019-02-06,12. CVaR Minimization,-5.209346694710642e-05
2019-02-07,12. CVaR Minimization,-0.004656450675024215
2019-02-08,12. CVaR Minimization,-0.0005270339917230331
2019-02-11,12. CVaR Minimization,0.0
2019-02-12,12. CVaR Minimization,0.0
2019-02-13,12. CVaR Minimization,0.0
2019-02-14,12. CVaR Minimization,-0.026590455348059476
2019-02-15,12. CVaR Minimization,-0.025543237350143147
2019-02-19,12. CVaR Minimization,-0.022391318318423007
2019-02-20,12. CVaR Minimization,-0.02417573439158498
2019-02-21,12. CVaR Minimization,-0.021444892205710143
2019-02-22,12. CVaR Minimization,-0.01855210780445488
2019-02-25,12. CVaR Minimization,-0.021878994361594222
2019-02-26,12. CVaR Minimization,-0.022774905409542415
2019-02-27,12. CVaR Minimization,-0.025362246403035613
2019-02-28,12. CVaR Minimization,-0.026320885965763752
2019-03-01,12. CVaR Minimization,-0.027407964003938315
2019-03-04,12. CVaR Minimization,-0.02577994137869845
2019-03-05,12. CVaR Minimization,-0.02420084134246634
2019-03-06,12. CVaR Minimization,-0.028224506630380976
2019-03-07,12. CVaR Minimization,-0.03488657445206138
2019-03-08,12. CVaR Minimization,-0.03913170286656798
2019-03-11,12. CVaR Minimization,-0.024748185929163603
2019-03-12,12. CVaR Minimization,-0.02315026506393658
2019-03-13,12. CVaR Minimization,-0.017975299364326874
2019-03-14,12. CVaR Minimization,-0.026220717951747373
2019-03-15,12. CVaR Minimization,-0.02444950545848799
2019-03-18,12. CVaR Minimization,-0.02356415037851758
2019-03-19,12. CVaR Minimization,-0.01873252083279482
2019-03-20,12. CVaR Minimization,-0.022193034615378072
2019-03-21,12. CVaR Minimization,-0.01745902586469626
2019-03-22,12. CVaR Minimization,-0.02179269209466959
2019-03-25,12. CVaR Minimization,-0.020471666730710665
2019-03-26,12. CVaR Minimization,-0.011614020793675213
2019-03-27,12. CVaR Minimization,-0.016056874333914572
2019-03-28,12. CVaR Minimization,-0.013925697629295077
2019-03-29,12. CVaR Minimization,-0.014317137061260537
2019-04-01,12. CVaR Minimization,-0.014288557153492837
2019-04-02,12. CVaR Minimization,-0.014461716068580724
2019-04-03,12. CVaR Minimization,-0.016591304037886737
2019-04-04,12. CVaR Minimization,-0.013819491987647543
2019-04-05,12. CVaR Minimization,-0.01084654358810895
2019-04-08,12. CVaR Minimization,-0.006352751487305542
2019-04-09,12. CVaR Minimization,-0.007281735676226409
2019-04-10,12. CVaR Minimization,-0.005205666030636157
2019-04-11,12. CVaR Minimization,-0.00283471333747347
2019-04-12,12. CVaR Minimization,0.0
2019-04-15,12. CVaR Minimization,0.0
2019-04-16,12. CVaR Minimization,0.0
2019-04-17,12. CVaR Minimization,-0.0005515305856472619
2019-04-18,12. CVaR Minimization,-0.0009620826088455054
2019-04-22,12. CVaR Minimization,-0.0017144013636560753
2019-04-23,12. CVaR Minimization,-0.00042573100264638923
2019-04-24,12. CVaR Minimization,-0.0002548453603183213
2019-04-25,12. CVaR Minimization,0.0
2019-04-26,12. CVaR Minimization,0.0
2019-04-29,12. CVaR Minimization,-0.001096955570625137
2019-04-30,12. CVaR Minimization,-0.0012522360495263573
2019-05-01,12. CVaR Minimization,-0.010799328750003452
2019-05-02,12. CVaR Minimization,-0.011554644372300778
2019-05-03,12. CVaR Minimization,-0.003745142408909101
2019-05-06,12. CVaR Minimization,-0.0055621449975914485
2019-05-07,12. CVaR Minimization,-0.01766284795058556
2019-05-08,12. CVaR Minimization,-0.020565672252376828
2019-05-09,12. CVaR Minimization,-0.02806063586415243
2019-05-10,12. CVaR Minimization,-0.013651279619112342
2019-05-13,12. CVaR Minimization,-0.025836292319535933
2019-05-14,12. CVaR Minimization,-0.024252137750413235
2019-05-15,12. CVaR Minimization,-0.01716082666666725
2019-05-16,12. CVaR Minimization,-0.006397217832471064
2019-05-17,12. CVaR Minimization,-0.011570012425829156
2019-05-20,12. CVaR Minimization,-0.013152432125870795
2019-05-21,12. CVaR Minimization,-0.016540322291699817
2019-05-22,12. CVaR Minimization,-0.007451881134579446
2019-05-23,12. CVaR Minimization,-0.009654077373337077
2019-05-24,12. CVaR Minimization,-0.009088304608433392
2019-05-28,12. CVaR Minimization,-0.016683549243238043
2019-05-29,12. CVaR Minimization,-0.026424449177045704
2019-05-30,12. CVaR Minimization,-0.019720257442490775
2019-05-31,12. CVaR Minimization,-0.03270713738934672
2019-06-03,12. CVaR Minimization,-0.034070465240425424
2019-06-04,12. CVaR Minimization,-0.025962055863242458
2019-06-05,12. CVaR Minimization,-0.011475823121991077
2019-06-06,12. CVaR Minimization,-0.003370283947787282
2019-06-07,12. CVaR Minimization,0.0
2019-06-10,12. CVaR Minimization,0.0
2019-06-11,12. CVaR Minimization,0.0
2019-06-12,12. CVaR Minimization,0.0
2019-06-13,12. CVaR Minimization,0.0
2019-06-14,12. CVaR Minimization,0.0
2019-06-17,12. CVaR Minimization,0.0
2019-06-18,12. CVaR Minimization,-0.002472553865985907
2019-06-19,12. CVaR Minimization,0.0
2019-06-20,12. CVaR Minimization,0.0
2019-06-21,12. CVaR Minimization,0.0
2019-06-24,12. CVaR Minimization,0.0
2019-06-25,12. CVaR Minimization,-0.004825681631374699
2019-06-26,12. CVaR Minimization,-0.01608405510279779
2019-06-27,12. CVaR Minimization,-0.016090884784586108
2019-06-28,12. CVaR Minimization,-0.014894523646816227
2019-07-01,12. CVaR Minimization,-0.009967285030053846
2019-07-02,12. CVaR Minimization,-0.0017379113765929163
2019-07-03,12. CVaR Minimization,0.0
2019-07-05,12. CVaR Minimization,-0.004796251523457013
2019-07-08,12. CVaR Minimization,-0.0011652705472918051
2019-07-09,12. CVaR Minimization,-0.0024068863385414206
2019-07-10,12. CVaR Minimization,0.0
2019-07-11,12. CVaR Minimization,0.0
2019-07-12,12. CVaR Minimization,0.0
2019-07-15,12. CVaR Minimization,0.0
2019-07-16,12. CVaR Minimization,-0.0014346085146160004
2019-07-17,12. CVaR Minimization,-0.0033581462977641777
2019-07-18,12. CVaR Minimization,-0.005176239655159975
2019-07-19,12. CVaR Minimization,-0.013619775747044299
2019-07-22,12. CVaR Minimization,-0.015456122101459918
2019-07-23,12. CVaR Minimization,-0.009144512850589117
2019-07-24,12. CVaR Minimization,-0.012121211922165729
2019-07-25,12. CVaR Minimization,-0.01506827356381774
2019-07-26,12. CVaR Minimization,-0.005261054337103308
2019-07-29,12. CVaR Minimization,-0.005545661758155363
2019-07-30,12. CVaR Minimization,0.0
2019-07-31,12. CVaR Minimization,-0.017141491281533822
2019-08-01,12. CVaR Minimization,-0.02589379745926734
2019-08-02,12. CVaR Minimization,-0.027023652368584488
2019-08-05,12. CVaR Minimization,-0.0520343890630153
2019-08-06,12. CVaR Minimization,-0.04091990144106795
2019-08-07,12. CVaR Minimization,-0.03229162907089288
2019-08-08,12. CVaR Minimization,-0.02097626395439726
2019-08-09,12. CVaR Minimization,-0.027948988038942735
2019-08-12,12. CVaR Minimization,-0.03764917692499211
2019-08-13,12. CVaR Minimization,-0.02476937963285075
2019-08-14,12. CVaR Minimization,-0.041057915166385434
2019-08-15,12. CVaR Minimization,-0.01458982162095511
2019-08-16,12. CVaR Minimization,-0.006391936242220323
2019-08-19,12. CVaR Minimization,0.0
2019-08-20,12. CVaR Minimization,-0.013526248857158082
2019-08-21,12. CVaR Minimization,-0.011537124388012784
2019-08-22,12. CVaR Minimization,-0.011027076368627254
2019-08-23,12. CVaR Minimization,-0.02688765070839649
2019-08-26,12. CVaR Minimization,-0.014629895629758395
2019-08-27,12. CVaR Minimization,-0.007974588312000498
2019-08-28,12. CVaR Minimization,-0.004285376731026482
2019-08-29,12. CVaR Minimization,0.0
2019-08-30,12. CVaR Minimization,-0.0004171522815607952
2019-09-03,12. CVaR Minimization,0.0
2019-09-04,12. CVaR Minimization,0.0
2019-09-05,12. CVaR Minimization,-0.002141762425473499
2019-09-06,12. CVaR Minimization,-0.004757131736846224
2019-09-09,12. CVaR Minimization,-0.004723254188516163
2019-09-10,12. CVaR Minimization,-0.005559727622838367
2019-09-11,12. CVaR Minimization,0.0
2019-09-12,12. CVaR Minimization,0.0
2019-09-13,12. CVaR Minimization,-0.0038961100919668104
2019-09-16,12. CVaR Minimization,-0.014599994973638003
2019-09-17,12. CVaR Minimization,-0.009178435347871966
2019-09-18,12. CVaR Minimization,-0.006692709965215894
2019-09-19,12. CVaR Minimization,-0.004264705420230183
2019-09-20,12. CVaR Minimization,-0.005445824712489923
2019-09-23,12. CVaR Minimization,-0.003824346882923962
2019-09-24,12. CVaR Minimization,-0.0038258939209763086
2019-09-25,12. CVaR Minimization,-0.004859523064989948
2019-09-26,12. CVaR Minimization,-0.00657472270217368
2019-09-27,12. CVaR Minimization,-0.00699606944502562
2019-09-30,12. CVaR Minimization,-0.005182223398160919
2019-10-01,12. CVaR Minimization,-0.008291096660679672
2019-10-02,12. CVaR Minimization,-0.023244581617184488
2019-10-03,12. CVaR Minimization,-0.01559877629579114
2019-10-04,12. CVaR Minimization,-0.0010471289077656448
2019-10-07,12. CVaR Minimization,-0.008960939029396545
2019-10-08,12. CVaR Minimization,-0.014450972348130154
2019-10-09,12. CVaR Minimization,-0.009917823499181265
2019-10-10,12. CVaR Minimization,-0.008748139176831956
2019-10-11,12. CVaR Minimization,-0.004604662366277824
2019-10-14,12. CVaR Minimization,-0.009103368234365703
2019-10-15,12. CVaR Minimization,-0.004803186954735867
2019-10-16,12. CVaR Minimization,-0.002387090210419276
2019-10-17,12. CVaR Minimization,0.0
2019-10-18,12. CVaR Minimization,-0.00720576293078228
2019-10-21,12. CVaR Minimization,-0.004664434538823834
2019-10-22,12. CVaR Minimization,-0.005828666762613434
2019-10-23,12. CVaR Minimization,0.0
2019-10-24,12. CVaR Minimization,-0.0022668608450552084
2019-10-25,12. CVaR Minimization,-0.0056858740001119595
2019-10-28,12. CVaR Minimization,-0.00311631048589525
2019-10-29,12. CVaR Minimization,-0.007437410176620366
2019-10-30,12. CVaR Minimization,0.0
2019-10-31,12. CVaR Minimization,-0.00020982086683714457
2019-11-01,12. CVaR Minimization,-0.002676538690287624
2019-11-04,12. CVaR Minimization,-0.011268122662401387
2019-11-05,12. CVaR Minimization,-0.013214112284557655
2019-11-06,12. CVaR Minimization,-0.008424792170829575
2019-11-07,12. CVaR Minimization,-0.010955829136871726
2019-11-08,12. CVaR Minimization,-0.010688077162222812
2019-11-11,12. CVaR Minimization,-0.0160043100736057
2019-11-12,12. CVaR Minimization,-0.015807201114754862
2019-11-13,12. CVaR Minimization,-0.007893273229074247
2019-11-14,12. CVaR Minimization,-0.008053361561484255
2019-11-15,12. CVaR Minimization,-0.004388400439681731
2019-11-18,12. CVaR Minimization,0.0
2019-11-19,12. CVaR Minimization,-0.0006599203761234835
2019-11-20,12. CVaR Minimization,-0.002297883093729352
2019-11-21,12. CVaR Minimization,-0.0005375776143164368
2019-11-22,12. CVaR Minimization,0.0
2019-11-25,12. CVaR Minimization,-0.00016209254810930617
2019-11-26,12. CVaR Minimization,0.0
2019-11-27,12. CVaR Minimization,0.0
2019-11-29,12. CVaR Minimization,-0.0001626934371053977
2019-12-02,12. CVaR Minimization,0.0
2019-12-03,12. CVaR Minimization,-0.002586916725173668
2019-12-04,12. CVaR Minimization,0.0
2019-12-05,12. CVaR Minimization,-0.0008284743877954346
2019-12-06,12. CVaR Minimization,0.0
2019-12-09,12. CVaR Minimization,-0.0020221576895087788
2019-12-10,12. CVaR Minimization,-0.004818579357308998
2019-12-11,12. CVaR Minimization,-0.003914088633014055
2019-12-12,12. CVaR Minimization,0.0
2019-12-13,12. CVaR Minimization,0.0
2019-12-16,12. CVaR Minimization,0.0
2019-12-17,12. CVaR Minimization,0.0
2019-12-18,12. CVaR Minimization,-0.007374611397612348
2019-12-19,12. CVaR Minimization,-0.0006358534913041636
2019-12-20,12. CVaR Minimization,0.0
2019-12-23,12. CVaR Minimization,-0.003001466533743161
2019-12-24,12. CVaR Minimization,-0.003386646864586239
2019-12-26,12. CVaR Minimization,-0.0015018759102114003
2019-12-27,12. CVaR Minimization,0.0
2019-12-30,12. CVaR Minimization,-0.003997062716517954
2019-12-31,12. CVaR Minimization,-0.0043461129966172705
2020-01-02,12. CVaR Minimization,-0.005541292254277971
2020-01-03,12. CVaR Minimization,-0.013523091140412741
2020-01-06,12. CVaR Minimization,-0.01372045298805891
2020-01-07,12. CVaR Minimization,-0.01841383175129282
2020-01-08,12. CVaR Minimization,-0.018494117653191294
2020-01-09,12. CVaR Minimization,-0.00804594673755489
2020-01-10,12. CVaR Minimization,-0.010601625565029268
2020-01-13,12. CVaR Minimization,-0.007157401354634558
2020-01-14,12. CVaR Minimization,-0.006239553434517943
2020-01-15,12. CVaR Minimization,-0.003021506687491727
2020-01-16,12. CVaR Minimization,0.0
2020-01-17,12. CVaR Minimization,0.0
2020-01-21,12. CVaR Minimization,0.0
2020-01-22,12. CVaR Minimization,0.0
2020-01-23,12. CVaR Minimization,-0.00023637103194547866
2020-01-24,12. CVaR Minimization,-0.005758596910157239
2020-01-27,12. CVaR Minimization,-0.0031601563931005594
2020-01-28,12. CVaR Minimization,-0.0020382060093463495
2020-01-29,12. CVaR Minimization,-0.0034415134836379736
2020-01-30,12. CVaR Minimization,0.0
2020-01-31,12. CVaR Minimization,-0.01368788112041312
2020-02-03,12. CVaR Minimization,-0.01114418133303549
2020-02-04,12. CVaR Minimization,-0.004513139677789255
2020-02-05,12. CVaR Minimization,0.0
2020-02-06,12. CVaR Minimization,-0.0014986211854559643
2020-02-07,12. CVaR Minimization,-0.004310123911965123
2020-02-10,12. CVaR Minimization,-0.005109627843320013
2020-02-11,12. CVaR Minimization,-0.0059697528857683155
2020-02-12,12. CVaR Minimization,-0.007145431368833619
2020-02-13,12. CVaR Minimization,-0.003069556658431974
2020-02-14,12. CVaR Minimization,0.0
2020-02-18,12. CVaR Minimization,-0.0009597831709723525
2020-02-19,12. CVaR Minimization,-0.004331608267166907
2020-02-20,12. CVaR Minimization,-0.00421667357621887
2020-02-21,12. CVaR Minimization,0.0
2020-02-24,12. CVaR Minimization,-0.02464770213258388
2020-02-25,12. CVaR Minimization,-0.03882885011567041
2020-02-26,12. CVaR Minimization,-0.04490806120990778
2020-02-27,12. CVaR Minimization,-0.08226210604969926
2020-02-28,12. CVaR Minimization,-0.08258283852205858
2020-03-02,12. CVaR Minimization,-0.033182518874333856
2020-03-03,12. CVaR Minimization,-0.051030026081871696
2020-03-04,12. CVaR Minimization,-0.004139274403330058
2020-03-05,12. CVaR Minimization,-0.02279539780207513
2020-03-06,12. CVaR Minimization,-0.028548935931865915
2020-03-09,12. CVaR Minimization,-0.06219927536199205
2020-03-10,12. CVaR Minimization,-0.03153918189741945
2020-03-11,12. CVaR Minimization,-0.08096406874520176
2020-03-12,12. CVaR Minimization,-0.1532696350136625
2020-03-13,12. CVaR Minimization,-0.09293818363242995
2020-03-16,12. CVaR Minimization,-0.15675808635340033
2020-03-17,12. CVaR Minimization,-0.09016046770030084
2020-03-18,12. CVaR Minimization,-0.09845326405929572
2020-03-19,12. CVaR Minimization,-0.1392109462039342
2020-03-20,12. CVaR Minimization,-0.18856130403594565
2020-03-23,12. CVaR Minimization,-0.20700214186332022
2020-03-24,12. CVaR Minimization,-0.1723872481143364
2020-03-25,12. CVaR Minimization,-0.1777518330721577
2020-03-26,12. CVaR Minimization,-0.14204721453135932
2020-03-27,12. CVaR Minimization,-0.15927473383490282
2020-03-30,12. CVaR Minimization,-0.10978709030832984
2020-03-31,12. CVaR Minimization,-0.11039292151602577
2020-04-01,12. CVaR Minimization,-0.1278774437805712
2020-04-02,12. CVaR Minimization,-0.10166733399263468
2020-04-03,12. CVaR Minimization,-0.10259425200221359
2020-04-06,12. CVaR Minimization,-0.05525313500909921
2020-04-07,12. CVaR Minimization,-0.06944974755575399
2020-04-08,12. CVaR Minimization,-0.05509518494600689
2020-04-09,12. CVaR Minimization,-0.052913463302049955
2020-04-13,12. CVaR Minimization,-0.03624414022691029
2020-04-14,12. CVaR Minimization,0.0
2020-04-15,12. CVaR Minimization,0.0
2020-04-16,12. CVaR Minimization,0.0
2020-04-17,12. CVaR Minimization,-0.0014839784709893312
2020-04-20,12. CVaR Minimization,-0.0073289933604968206
2020-04-21,12. CVaR Minimization,-0.022287803292668565
2020-04-22,12. CVaR Minimization,-0.012549228104497842
2020-04-23,12. CVaR Minimization,-0.01447487898979902
2020-04-24,12. CVaR Minimization,-0.011332345221027607
2020-04-27,12. CVaR Minimization,-0.013101185415654176
2020-04-28,12. CVaR Minimization,-0.02778201299533085
2020-04-29,12. CVaR Minimization,-0.0304023414623028
2020-04-30,12. CVaR Minimization,-0.0295022792654125
2020-05-01,12. CVaR Minimization,-0.046522978653625736
2020-05-04,12. CVaR Minimization,-0.04024831900246558
2020-05-05,12. CVaR Minimization,-0.03629088638323483
2020-05-06,12. CVaR Minimization,-0.03819659853018817
2020-05-07,12. CVaR Minimization,-0.04056896838857658
2020-05-08,12. CVaR Minimization,-0.030083502076655822
2020-05-11,12. CVaR Minimization,-0.026292326012501744
2020-05-12,12. CVaR Minimization,-0.038188713480865354
2020-05-13,12. CVaR Minimization,-0.03904869139582502
2020-05-14,12. CVaR Minimization,-0.037235850043169066
2020-05-15,12. CVaR Minimization,-0.024512853205030605
2020-05-18,12. CVaR Minimization,-0.012721143566119439
2020-05-19,12. CVaR Minimization,-0.020981116981211207
2020-05-20,12. CVaR Minimization,-0.012978116911194472
2020-05-21,12. CVaR Minimization,-0.025752228620002846
2020-05-22,12. CVaR Minimization,-0.033490068187343486
2020-05-26,12. CVaR Minimization,-0.03570816481582713
2020-05-27,12. CVaR Minimization,-0.03530774025777482
2020-05-28,12. CVaR Minimization,-0.0313525756696605
2020-05-29,12. CVaR Minimization,-0.024747137092398872
2020-06-01,12. CVaR Minimization,-0.02132772048165751
2020-06-02,12. CVaR Minimization,-0.019954159891138187
2020-06-03,12. CVaR Minimization,-0.01765000908678459
2020-06-04,12. CVaR Minimization,-0.026723447582471735
2020-06-05,12. CVaR Minimization,-0.01915998416938715
2020-06-08,12. CVaR Minimization,-0.01409598408806916
2020-06-09,12. CVaR Minimization,-0.007473637321513862
2020-06-10,12. CVaR Minimization,-0.003286939092186265
2020-06-11,12. CVaR Minimization,-0.03639014071230471
2020-06-12,12. CVaR Minimization,-0.043351423739179176
2020-06-15,12. CVaR Minimization,-0.036287208694881695
2020-06-16,12. CVaR Minimization,-0.020288999990815106
2020-06-17,12. CVaR Minimization,-0.01735322173909481
2020-06-18,12. CVaR Minimization,-0.017095270723234343
2020-06-19,12. CVaR Minimization,-0.013343330042804004
2020-06-22,12. CVaR Minimization,-0.0032673163175197723
2020-06-23,12. CVaR Minimization,-0.002043251897839871
2020-06-24,12. CVaR Minimization,-0.016391945090576295
2020-06-25,12. CVaR Minimization,-0.012692206917884414
2020-06-26,12. CVaR Minimization,-0.035434826031754844
2020-06-29,12. CVaR Minimization,-0.028986325084201424
2020-06-30,12. CVaR Minimization,-0.029160091685741702
2020-07-01,12. CVaR Minimization,-0.013865182883975943
2020-07-02,12. CVaR Minimization,-0.014245301664909714
2020-07-06,12. CVaR Minimization,0.0
2020-07-07,12. CVaR Minimization,0.0
2020-07-08,12. CVaR Minimization,0.0
2020-07-09,12. CVaR Minimization,0.0
2020-07-10,12. CVaR Minimization,0.0
2020-07-13,12. CVaR Minimization,-0.009956268703564683
2020-07-14,12. CVaR Minimization,-0.0001965402013785179
2020-07-15,12. CVaR Minimization,-0.004551974275204412
2020-07-16,12. CVaR Minimization,-0.003785177689161325
2020-07-17,12. CVaR Minimization,-0.010530555664496347
2020-07-20,12. CVaR Minimization,0.0
2020-07-21,12. CVaR Minimization,-0.0008332565832748323
2020-07-22,12. CVaR Minimization,0.0
2020-07-23,12. CVaR Minimization,-0.014828072778647547
2020-07-24,12. CVaR Minimization,-0.014735729017988034
2020-07-27,12. CVaR Minimization,-0.010052658113447131
2020-07-28,12. CVaR Minimization,-0.015923791174687823
2020-07-29,12. CVaR Minimization,-0.017074398138075823
2020-07-30,12. CVaR Minimization,-0.01736740329544124
2020-07-31,12. CVaR Minimization,-0.012059664016726918
2020-08-03,12. CVaR Minimization,-0.016434381553972612
2020-08-04,12. CVaR Minimization,-0.006109051244312561
2020-08-05,12. CVaR Minimization,-0.0023786561289854073
2020-08-06,12. CVaR Minimization,-0.0010150862822497634
2020-08-07,12. CVaR Minimization,-0.0039720401871729425
2020-08-10,12. CVaR Minimization,-0.0038788349767630843
2020-08-11,12. CVaR Minimization,-0.01642956746019965
2020-08-12,12. CVaR Minimization,0.0
2020-08-13,12. CVaR Minimization,-0.0017641380358590906
2020-08-14,12. CVaR Minimization,-0.00039622975918760254
2020-08-17,12. CVaR Minimization,0.0
2020-08-18,12. CVaR Minimization,0.0
2020-08-19,12. CVaR Minimization,-0.013542900932369718
2020-08-20,12. CVaR Minimization,-0.011479815879823711
2020-08-21,12. CVaR Minimization,-0.009401477973977048
2020-08-24,12. CVaR Minimization,-0.007178316644974405
2020-08-25,12. CVaR Minimization,-0.005600313961176081
2020-08-26,12. CVaR Minimization,0.0
2020-08-27,12. CVaR Minimization,0.0
2020-08-28,12. CVaR Minimization,0.0
2020-08-31,12. CVaR Minimization,-0.0003554220532723976
2020-09-01,12. CVaR Minimization,0.0
2020-09-02,12. CVaR Minimization,0.0
2020-09-03,12. CVaR Minimization,-0.029898104235083506
2020-09-04,12. CVaR Minimization,-0.03985199419430072
2020-09-08,12. CVaR Minimization,-0.06476406711935397
2020-09-09,12. CVaR Minimization,-0.05172351987288542
2020-09-10,12. CVaR Minimization,-0.07242753691117157
2020-09-11,12. CVaR Minimization,-0.07184097665956515
2020-09-14,12. CVaR Minimization,-0.06938732538441875
2020-09-15,12. CVaR Minimization,-0.06135034501298313
2020-09-16,12. CVaR Minimization,-0.07232951192064466
2020-09-17,12. CVaR Minimization,-0.07977028804904794
2020-09-18,12. CVaR Minimization,-0.08501692174063645
2020-09-21,12. CVaR Minimization,-0.08621508406072974
2020-09-22,12. CVaR Minimization,-0.07140576565038635
2020-09-23,12. CVaR Minimization,-0.09147679342177299
2020-09-24,12. CVaR Minimization,-0.08795425601694228
2020-09-25,12. CVaR Minimization,-0.07829091210120165
2020-09-28,12. CVaR Minimization,-0.06839610193030134
2020-09-29,12. CVaR Minimization,-0.07138587110528428
2020-09-30,12. CVaR Minimization,-0.07177232737170199
2020-10-01,12. CVaR Minimization,-0.05674474493296742
2020-10-02,12. CVaR Minimization,-0.07354464949573485
2020-10-05,12. CVaR Minimization,-0.05931509278885418
2020-10-06,12. CVaR Minimization,-0.07452137792244169
2020-10-07,12. CVaR Minimization,-0.05710100913757812
2020-10-08,12. CVaR Minimization,-0.05268824507738098
2020-10-09,12. CVaR Minimization,-0.043388539015075445
2020-10-12,12. CVaR Minimization,-0.036141838437882
2020-10-13,12. CVaR Minimization,-0.03060626605902634
2020-10-14,12. CVaR Minimization,-0.042113414886928054
2020-10-15,12. CVaR Minimization,-0.04374284775725516
2020-10-16,12. CVaR Minimization,-0.04094320778018224
2020-10-19,12. CVaR Minimization,-0.05013594560578945
2020-10-20,12. CVaR Minimization,-0.050314077175573325
2020-10-21,12. CVaR Minimization,-0.06711655681449687
2020-10-22,12. CVaR Minimization,-0.06642174183834013
2020-10-23,12. CVaR Minimization,-0.060478782611115924
2020-10-26,12. CVaR Minimization,-0.06752626181358011
2020-10-27,12. CVaR Minimization,-0.06737212378991035
2020-10-28,12. CVaR Minimization,-0.09389508975548934
2020-10-29,12. CVaR Minimization,-0.08794227872953259
2020-10-30,12. CVaR Minimization,-0.08845011373043574
2020-11-02,12. CVaR Minimization,-0.07561200439367795
2020-11-03,12. CVaR Minimization,-0.06910194982518252
2020-11-04,12. CVaR Minimization,-0.06162288174640235
2020-11-05,12. CVaR Minimization,-0.05050730516417614
2020-11-06,12. CVaR Minimization,-0.040453939331735106
2020-11-09,12. CVaR Minimization,-0.05289561670484977
2020-11-10,12. CVaR Minimization,-0.03913002437207247
2020-11-11,12. CVaR Minimization,-0.03035050019087434
2020-11-12,12. CVaR Minimization,-0.033332112569612535
2020-11-13,12. CVaR Minimization,-0.02523969952815877
2020-11-16,12. CVaR Minimization,-0.023788971683798024
2020-11-17,12. CVaR Minimization,-0.03467303491242305
2020-11-18,12. CVaR Minimization,-0.03889940542358308
2020-11-19,12. CVaR Minimization,-0.03165632234585829
2020-11-20,12. CVaR Minimization,-0.03439197614011062
2020-11-23,12. CVaR Minimization,-0.044583313265483974
2020-11-24,12. CVaR Minimization,-0.0397661809165377
2020-11-25,12. CVaR Minimization,-0.038458226445142026
2020-11-27,12. CVaR Minimization,-0.03368370317435991
2020-11-30,12. CVaR Minimization,-0.029145069321031926
2020-12-01,12. CVaR Minimization,-0.01394504845802021
2020-12-02,12. CVaR Minimization,-0.014622765754790766
2020-12-03,12. CVaR Minimization,-0.019285633558738205
2020-12-04,12. CVaR Minimization,-0.015715494534193294
2020-12-07,12. CVaR Minimization,-0.009446619099856637
2020-12-08,12. CVaR Minimization,-0.0006164705377205692
2020-12-09,12. CVaR Minimization,-0.011347659968356865
2020-12-10,12. CVaR Minimization,-0.011914295868462032
2020-12-11,12. CVaR Minimization,-0.010392385857891463
2020-12-14,12. CVaR Minimization,-0.014279114808340621
2020-12-15,12. CVaR Minimization,-0.01334140885404651
2020-12-16,12. CVaR Minimization,-0.015069145084881696
2020-12-17,12. CVaR Minimization,-0.0009854134167473975
2020-12-18,12. CVaR Minimization,0.0
2020-12-21,12. CVaR Minimization,-0.007262756121829709
2020-12-22,12. CVaR Minimization,-0.013484665998032842
2020-12-23,12. CVaR Minimization,-0.022233214785238372
2020-12-24,12. CVaR Minimization,-0.020930167705856206
2020-12-28,12. CVaR Minimization,-0.013620072800023112
2020-12-29,12. CVaR Minimization,-0.006811508272388986
2020-12-30,12. CVaR Minimization,-0.006955281483868113
2020-12-31,12. CVaR Minimization,0.0
2021-01-04,12. CVaR Minimization,-0.008346848770538004
2021-01-05,12. CVaR Minimization,-0.007069116166321847
2021-01-06,12. CVaR Minimization,-0.015170060896831301
2021-01-07,12. CVaR Minimization,-0.00972857236541332
2021-01-08,12. CVaR Minimization,-0.008550827150254264
2021-01-11,12. CVaR Minimization,-0.014108570341356956
2021-01-12,12. CVaR Minimization,-0.01708360447183346
2021-01-13,12. CVaR Minimization,-0.013889411825582738
2021-01-14,12. CVaR Minimization,-0.014039582067150336
2021-01-15,12. CVaR Minimization,-0.021377119899148034
2021-01-19,12. CVaR Minimization,-0.01698244078888746
2021-01-20,12. CVaR Minimization,0.0
2021-01-21,12. CVaR Minimization,-0.005691691852953365
2021-01-22,12. CVaR Minimization,-0.007210290688310309
2021-01-25,12. CVaR Minimization,-0.0055203731124964794
2021-01-26,12. CVaR Minimization,0.0
2021-01-27,12. CVaR Minimization,-0.03431613354455053
2021-01-28,12. CVaR Minimization,-0.024395102415419045
2021-01-29,12. CVaR Minimization,-0.02478129329285959
2021-02-01,12. CVaR Minimization,-0.01869541488888362
2021-02-02,12. CVaR Minimization,-0.012660177947330362
2021-02-03,12. CVaR Minimization,-0.019737210017578336
2021-02-04,12. CVaR Minimization,-0.00856793173877114
2021-02-05,12. CVaR Minimization,0.0
2021-02-08,12. CVaR Minimization,-1.2905454743448796e-05
2021-02-09,12. CVaR Minimization,0.0
2021-02-10,12. CVaR Minimization,-0.001897749059353059
2021-02-11,12. CVaR Minimization,-0.006241893371532064
2021-02-12,12. CVaR Minimization,-0.0036970143189017125
2021-02-16,12. CVaR Minimization,-0.004419757302105393
2021-02-17,12. CVaR Minimization,-0.000516251597178277
2021-02-18,12. CVaR Minimization,-0.01974692947493325
2021-02-19,12. CVaR Minimization,-0.03048653989692633
2021-02-22,12. CVaR Minimization,-0.039065280087209
2021-02-23,12. CVaR Minimization,-0.0411400197451079
2021-02-24,12. CVaR Minimization,-0.04092366982016434
2021-02-25,12. CVaR Minimization,-0.05106097817062298
2021-02-26,12. CVaR Minimization,-0.05120708695929966
2021-03-01,12. CVaR Minimization,-0.03924324821223302
2021-03-02,12. CVaR Minimization,-0.0465748365996442
2021-03-03,12. CVaR Minimization,-0.07031465977649613
2021-03-04,12. CVaR Minimization,-0.08043942766034928
2021-03-05,12. CVaR Minimization,-0.06808847382728946
2021-03-08,12. CVaR Minimization,-0.07723063497054879
2021-03-09,12. CVaR Minimization,-0.06417799375947962
2021-03-10,12. CVaR Minimization,-0.05483145666759308
2021-03-11,12. CVaR Minimization,-0.046717903395923105
2021-03-12,12. CVaR Minimization,-0.044801865834709825
2021-03-15,12. CVaR Minimization,-0.044327346751334415
2021-03-16,12. CVaR Minimization,-0.04090910701465157
2021-03-17,12. CVaR Minimization,-0.04139375733759591
2021-03-18,12. CVaR Minimization,-0.05968170984455962
2021-03-19,12. CVaR Minimization,-0.05144026531187149
2021-03-22,12. CVaR Minimization,-0.043836902883887204
2021-03-23,12. CVaR Minimization,-0.0354743521750786
2021-03-24,12. CVaR Minimization,-0.04152560721529016
2021-03-25,12. CVaR Minimization,-0.04657328679298221
2021-03-26,12. CVaR Minimization,-0.03637590788002935
2021-03-29,12. CVaR Minimization,-0.027344230244466458
2021-03-30,12. CVaR Minimization,-0.033192869836184816
2021-03-31,12. CVaR Minimization,-0.03388369915059454
2021-04-01,12. CVaR Minimization,-0.033388748573076665
2021-04-05,12. CVaR Minimization,-0.02127234311931618
2021-04-06,12. CVaR Minimization,-0.01901207073103104
2021-04-07,12. CVaR Minimization,-0.018629397861737354
2021-04-08,12. CVaR Minimization,-0.019375911471322973
2021-04-09,12. CVaR Minimization,-0.01831520194919671
2021-04-12,12. CVaR Minimization,-0.01671070211278957
2021-04-13,12. CVaR Minimization,-0.021759126582569815
2021-04-14,12. CVaR Minimization,-0.022073740893305074
2021-04-15,12. CVaR Minimization,-0.016829809441502044
2021-04-16,12. CVaR Minimization,-0.008964258523601974
2021-04-19,12. CVaR Minimization,-0.00960698190779733
2021-04-20,12. CVaR Minimization,-0.003812506168135253
2021-04-21,12. CVaR Minimization,-9.072074898956591e-05
2021-04-22,12. CVaR Minimization,-0.010210304783272397
2021-04-23,12. CVaR Minimization,-0.00825719452293317
2021-04-26,12. CVaR Minimization,-0.014997107948698627
2021-04-27,12. CVaR Minimization,-0.015736200811874157
2021-04-28,12. CVaR Minimization,-0.017160747250406498
2021-04-29,12. CVaR Minimization,-0.007101838182480058
2021-04-30,12. CVaR Minimization,-0.007817610292866142
2021-05-03,12. CVaR Minimization,0.0
2021-05-04,12. CVaR Minimization,-0.0027521641813519704
2021-05-05,12. CVaR Minimization,-0.0063007359038511615
2021-05-06,12. CVaR Minimization,-0.0025757426831626708
2021-05-07,12. CVaR Minimization,-0.0023991269797803234
2021-05-10,12. CVaR Minimization,0.0
2021-05-11,12. CVaR Minimization,-0.008453519321732848
2021-05-12,12. CVaR Minimization,-0.019559291600103224
2021-05-13,12. CVaR Minimization,-0.005998417001029924
2021-05-14,12. CVaR Minimization,-0.002181042650012295
2021-05-17,12. CVaR Minimization,-0.003755572747268957
2021-05-18,12. CVaR Minimization,-0.001844395939942686
2021-05-19,12. CVaR Minimization,-0.0027395362668802864
2021-05-20,12. CVaR Minimization,0.0
2021-05-21,12. CVaR Minimization,-0.0023224291899658373
2021-05-24,12. CVaR Minimization,-0.002627151628482102
2021-05-25,12. CVaR Minimization,-0.002419445042139965
2021-05-26,12. CVaR Minimization,-0.005044470103062987
2021-05-27,12. CVaR Minimization,-0.013128584435858267
2021-05-28,12. CVaR Minimization,-0.013379554193904086
2021-06-01,12. CVaR Minimization,-0.021857605396437347
2021-06-02,12. CVaR Minimization,-0.020838602035105666
2021-06-03,12. CVaR Minimization,-0.015065482058827358
2021-06-04,12. CVaR Minimization,-0.01293533050645553
2021-06-07,12. CVaR Minimization,-0.015469241047429697
2021-06-08,12. CVaR Minimization,-0.02277889206042146
2021-06-09,12. CVaR Minimization,-0.021034967360408524
2021-06-10,12. CVaR Minimization,-0.012701165035217465
2021-06-11,12. CVaR Minimization,-0.014907580906647773
2021-06-14,12. CVaR Minimization,-0.017408707113994417
2021-06-15,12. CVaR Minimization,-0.02120385985383819
2021-06-16,12. CVaR Minimization,-0.03392954639131117
2021-06-17,12. CVaR Minimization,-0.028713111499004712
2021-06-18,12. CVaR Minimization,-0.04422725263646651
2021-06-21,12. CVaR Minimization,-0.03422097176934967
2021-06-22,12. CVaR Minimization,-0.03116028360645932
2021-06-23,12. CVaR Minimization,-0.03627557849403002
2021-06-24,12. CVaR Minimization,-0.03219959213171968
2021-06-25,12. CVaR Minimization,-0.024587439371037884
2021-06-28,12. CVaR Minimization,-0.024666189671888886
2021-06-29,12. CVaR Minimization,-0.02869435985916631
2021-06-30,12. CVaR Minimization,-0.02946315311251539
2021-07-01,12. CVaR Minimization,-0.024392404720773597
2021-07-02,12. CVaR Minimization,-0.020499520019128237
2021-07-06,12. CVaR Minimization,-0.026527443264804464
2021-07-07,12. CVaR Minimization,-0.02235814967151651
2021-07-08,12. CVaR Minimization,-0.025954009737781048
2021-07-09,12. CVaR Minimization,-0.01875111947812193
2021-07-12,12. CVaR Minimization,-0.0134781028858773
2021-07-13,12. CVaR Minimization,-0.0157150568048355
2021-07-14,12. CVaR Minimization,-0.007415644200829452
2021-07-15,12. CVaR Minimization,-0.0027085733306259825
2021-07-16,12. CVaR Minimization,-0.0026795720079074354
2021-07-19,12. CVaR Minimization,-0.009474292273651791
2021-07-20,12. CVaR Minimization,-0.0006503406670288646
2021-07-21,12. CVaR Minimization,-0.0015437931976167208
2021-07-22,12. CVaR Minimization,-0.0031715583799170194
2021-07-23,12. CVaR Minimization,0.0
2021-07-26,12. CVaR Minimization,0.0
2021-07-27,12. CVaR Minimization,0.0
2021-07-28,12. CVaR Minimization,0.0
2021-07-29,12. CVaR Minimization,-0.00047001158042946203
2021-07-30,12. CVaR Minimization,0.0
2021-08-02,12. CVaR Minimization,0.0
2021-08-03,12. CVaR Minimization,0.0
2021-08-04,12. CVaR Minimization,-0.008093015338821487
2021-08-05,12. CVaR Minimization,-0.0038058587171261368
2021-08-06,12. CVaR Minimization,-0.00791639166464188
2021-08-09,12. CVaR Minimization,-0.0014140364911134822
2021-08-10,12. CVaR Minimization,0.0
2021-08-11,12. CVaR Minimization,-0.00737771412220209
2021-08-12,12. CVaR Minimization,-0.0016556969005101408
2021-08-13,12. CVaR Minimization,0.0
2021-08-16,12. CVaR Minimization,0.0
2021-08-17,12. CVaR Minimization,0.0
2021-08-18,12. CVaR Minimization,-0.010371955217881883
2021-08-19,12. CVaR Minimization,-0.006936325148132349
2021-08-20,12. CVaR Minimization,-0.0036563344899937043
2021-08-23,12. CVaR Minimization,0.0
2021-08-24,12. CVaR Minimization,-0.012713756150639832
2021-08-25,12. CVaR Minimization,-0.01940913440460117
2021-08-26,12. CVaR Minimization,-0.023728402105194307
2021-08-27,12. CVaR Minimization,-0.024435800818371968
2021-08-30,12. CVaR Minimization,-0.018184425235685964
2021-08-31,12. CVaR Minimization,-0.022102701825678448
2021-09-01,12. CVaR Minimization,-0.017229959745177197
2021-09-02,12. CVaR Minimization,-0.010753673487296276
2021-09-03,12. CVaR Minimization,-0.009675725963285654
2021-09-07,12. CVaR Minimization,-0.011012521797776138
2021-09-08,12. CVaR Minimization,-0.007029448844191231
2021-09-09,12. CVaR Minimization,-0.013106326073051771
2021-09-10,12. CVaR Minimization,-0.017030730504454923
2021-09-13,12. CVaR Minimization,-0.017372550911828488
2021-09-14,12. CVaR Minimization,-0.02135581281281931
2021-09-15,12. CVaR Minimization,-0.01932563975463646
2021-09-16,12. CVaR Minimization,-0.023028651554926494
2021-09-17,12. CVaR Minimization,-0.02772506815171661
2021-09-20,12. CVaR Minimization,-0.036188966486891516
2021-09-21,12. CVaR Minimization,-0.03893220440731665
2021-09-22,12. CVaR Minimization,-0.03375706939204711
2021-09-23,12. CVaR Minimization,-0.029991314800858943
2021-09-24,12. CVaR Minimization,-0.03193044472955843
2021-09-27,12. CVaR Minimization,-0.035465740183530145
2021-09-28,12. CVaR Minimization,-0.048765467509076905
2021-09-29,12. CVaR Minimization,-0.040133296024968054
2021-09-30,12. CVaR Minimization,-0.04064927589617835
2021-10-01,12. CVaR Minimization,-0.037621971992205266
2021-10-04,12. CVaR Minimization,-0.04448188253660849
2021-10-05,12. CVaR Minimization,-0.0347740370411897
2021-10-06,12. CVaR Minimization,-0.031169709689143406
2021-10-07,12. CVaR Minimization,-0.024188624324528906
2021-10-08,12. CVaR Minimization,-0.024621759046339866
2021-10-11,12. CVaR Minimization,-0.0267020252482653
2021-10-12,12. CVaR Minimization,-0.02911033089994947
2021-10-13,12. CVaR Minimization,-0.029610812981513714
2021-10-14,12. CVaR Minimization,-0.020000372693728903
2021-10-15,12. CVaR Minimization,-0.018699866255033705
2021-10-18,12. CVaR Minimization,-0.020572088982875564
2021-10-19,12. CVaR Minimization,-0.016188309527455275
2021-10-20,12. CVaR Minimization,-0.013422511009321262
2021-10-21,12. CVaR Minimization,-0.010121394017195183
2021-10-22,12. CVaR Minimization,-0.0009441432154632602
2021-10-25,12. CVaR Minimization,0.0
2021-10-26,12. CVaR Minimization,0.0
2021-10-27,12. CVaR Minimization,-0.006804507094652707
2021-10-28,12. CVaR Minimization,-0.00020776696132444904
2021-10-29,12. CVaR Minimization,-0.0008379781869791581
2021-11-01,12. CVaR Minimization,-0.0029750191877761538
2021-11-02,12. CVaR Minimization,0.0
2021-11-03,12. CVaR Minimization,0.0
2021-11-04,12. CVaR Minimization,-0.007556482918320781
2021-11-05,12. CVaR Minimization,0.0
2021-11-08,12. CVaR Minimization,-0.0017281901033775972
2021-11-09,12. CVaR Minimization,-0.00664465395857636
2021-11-10,12. CVaR Minimization,0.0
2021-11-11,12. CVaR Minimization,0.0
2021-11-12,12. CVaR Minimization,0.0
2021-11-15,12. CVaR Minimization,-0.001532921723118158
2021-11-16,12. CVaR Minimization,0.0
2021-11-17,12. CVaR Minimization,0.0
2021-11-18,12. CVaR Minimization,-0.0007690680822056214
2021-11-19,12. CVaR Minimization,-0.007788885945945071
2021-11-22,12. CVaR Minimization,-0.011869459672149328
2021-11-23,12. CVaR Minimization,-0.007560067584919813
2021-11-24,12. CVaR Minimization,-0.007331485290346037
2021-11-26,12. CVaR Minimization,-0.002126998248115782
2021-11-29,12. CVaR Minimization,-0.005253726884007693
2021-11-30,12. CVaR Minimization,-0.006048632000578664
2021-12-01,12. CVaR Minimization,-0.009198334402030498
2021-12-02,12. CVaR Minimization,-0.010380928341291755
2021-12-03,12. CVaR Minimization,-0.00902403656221774
2021-12-06,12. CVaR Minimization,-0.012057244061764207
2021-12-07,12. CVaR Minimization,-0.0027746517501653785
2021-12-08,12. CVaR Minimization,-0.005476957619810598
2021-12-09,12. CVaR Minimization,-0.005370028903461253
2021-12-10,12. CVaR Minimization,0.0
2021-12-13,12. CVaR Minimization,0.0
2021-12-14,12. CVaR Minimization,-0.0002691897270827624
2021-12-15,12. CVaR Minimization,0.0
2021-12-16,12. CVaR Minimization,0.0
2021-12-17,12. CVaR Minimization,-0.021861163451399285
2021-12-20,12. CVaR Minimization,-0.014640145081842184
2021-12-21,12. CVaR Minimization,-0.016899695550957296
2021-12-22,12. CVaR Minimization,-0.006711919212320373
2021-12-23,12. CVaR Minimization,-0.01027397031289803
2021-12-27,12. CVaR Minimization,-0.0025691465302437747
2021-12-28,12. CVaR Minimization,-0.007958261285346602
2021-12-29,12. CVaR Minimization,-0.0086015478891358
2021-12-30,12. CVaR Minimization,-0.005050437721325046
2021-12-31,12. CVaR Minimization,-0.0057333864128973015
2022-01-03,12. CVaR Minimization,-0.01116109507996985
2022-01-04,12. CVaR Minimization,-0.019687777370731626
2022-01-05,12. CVaR Minimization,-0.026878860080323086
2022-01-06,12. CVaR Minimization,-0.03397484126859811
2022-01-07,12. CVaR Minimization,-0.03247227779366264
2022-01-10,12. CVaR Minimization,-0.03173510358441796
2022-01-11,12. CVaR Minimization,-0.02658477882603801
2022-01-12,12. CVaR Minimization,-0.02588265554453729
2022-01-13,12. CVaR Minimization,-0.04323856967033342
2022-01-14,12. CVaR Minimization,-0.05174443876968435
2022-01-18,12. CVaR Minimization,-0.06829913598527433
2022-01-19,12. CVaR Minimization,-0.07490476339342478
2022-01-20,12. CVaR Minimization,-0.08019943897478671
2022-01-21,12. CVaR Minimization,-0.11904574138226534
2022-01-24,12. CVaR Minimization,-0.12549355481370433
2022-01-25,12. CVaR Minimization,-0.12399092965976284
2022-01-26,12. CVaR Minimization,-0.12061481008921074
2022-01-27,12. CVaR Minimization,-0.11435267397484539
2022-01-28,12. CVaR Minimization,-0.1009986200617252
2022-01-31,12. CVaR Minimization,-0.10178316134886217
2022-02-01,12. CVaR Minimization,-0.09253517096528203
2022-02-02,12. CVaR Minimization,-0.08884682473746502
2022-02-03,12. CVaR Minimization,-0.09940847224025694
2022-02-04,12. CVaR Minimization,-0.10407177441458544
2022-02-07,12. CVaR Minimization,-0.10521182832860212
2022-02-08,12. CVaR Minimization,-0.1071048250457768
2022-02-09,12. CVaR Minimization,-0.10675124470382187
2022-02-10,12. CVaR Minimization,-0.119427839194182
2022-02-11,12. CVaR Minimization,-0.1281371382475969
2022-02-14,12. CVaR Minimization,-0.1321030707110007
2022-02-15,12. CVaR Minimization,-0.12526985320874012
2022-02-16,12. CVaR Minimization,-0.12800603479755923
2022-02-17,12. CVaR Minimization,-0.13452480097893815
2022-02-18,12. CVaR Minimization,-0.1392980523853273
2022-02-22,12. CVaR Minimization,-0.16023133965696573
2022-02-23,12. CVaR Minimization,-0.17122830904817718
2022-02-24,12. CVaR Minimization,-0.17398250214916294
2022-02-25,12. CVaR Minimization,-0.14918621119588119
2022-02-28,12. CVaR Minimization,-0.14984685446323626
2022-03-01,12. CVaR Minimization,-0.1576166762312505
2022-03-02,12. CVaR Minimization,-0.14603950135295887
2022-03-03,12. CVaR Minimization,-0.14099005744252255
2022-03-04,12. CVaR Minimization,-0.1369156260843878
2022-03-07,12. CVaR Minimization,-0.14403202839836735
2022-03-08,12. CVaR Minimization,-0.16160950013750755
2022-03-09,12. CVaR Minimization,-0.1520939209308924
2022-03-10,12. CVaR Minimization,-0.15505944454533768
2022-03-11,12. CVaR Minimization,-0.1584766521007022
2022-03-14,12. CVaR Minimization,-0.15109219115755343
2022-03-15,12. CVaR Minimization,-0.13430030822861425
2022-03-16,12. CVaR Minimization,-0.13126520183604773
2022-03-17,12. CVaR Minimization,-0.12148159458452672
2022-03-18,12. CVaR Minimization,-0.12038144159610266
2022-03-21,12. CVaR Minimization,-0.11778892675744705
2022-03-22,12. CVaR Minimization,-0.11692966990312266
2022-03-23,12. CVaR Minimization,-0.12238325458855583
2022-03-24,12. CVaR Minimization,-0.11552421325717138
2022-03-25,12. CVaR Minimization,-0.10895134883717773
2022-03-28,12. CVaR Minimization,-0.10191716986017006
2022-03-29,12. CVaR Minimization,-0.09732773893222726
2022-03-30,12. CVaR Minimization,-0.09533205299570954
2022-03-31,12. CVaR Minimization,-0.0957827586671115
2022-04-01,12. CVaR Minimization,-0.09012467227985772
2022-04-04,12. CVaR Minimization,-0.08949165445704563
2022-04-05,12. CVaR Minimization,-0.09243768514250068
2022-04-06,12. CVaR Minimization,-0.08155437608428315
2022-04-07,12. CVaR Minimization,-0.07238327330272563
2022-04-08,12. CVaR Minimization,-0.07192661735232089
2022-04-11,12. CVaR Minimization,-0.0882597147315231
2022-04-12,12. CVaR Minimization,-0.08799731785009678
2022-04-13,12. CVaR Minimization,-0.07844698216307452
2022-04-14,12. CVaR Minimization,-0.08260710858681991
2022-04-18,12. CVaR Minimization,-0.0913295164679321
2022-04-19,12. CVaR Minimization,-0.08189195646881718
2022-04-20,12. CVaR Minimization,-0.08333776654526015
2022-04-21,12. CVaR Minimization,-0.08459927895652648
2022-04-22,12. CVaR Minimization,-0.09932282935787858
2022-04-25,12. CVaR Minimization,-0.08904369277950348
2022-04-26,12. CVaR Minimization,-0.10592841251239497
2022-04-27,12. CVaR Minimization,-0.10429106076185322
2022-04-28,12. CVaR Minimization,-0.09229549003814501
2022-04-29,12. CVaR Minimization,-0.11265982431614033
2022-05-02,12. CVaR Minimization,-0.11836915587131981
2022-05-03,12. CVaR Minimization,-0.11488205037303584
2022-05-04,12. CVaR Minimization,-0.0969876630742147
2022-05-05,12. CVaR Minimization,-0.11944751335224871
2022-05-06,12. CVaR Minimization,-0.1211221231455697
2022-05-09,12. CVaR Minimization,-0.13241907686330623
2022-05-10,12. CVaR Minimization,-0.13146845984567548
2022-05-11,12. CVaR Minimization,-0.13995282342541274
2022-05-12,12. CVaR Minimization,-0.13644427016645339
2022-05-13,12. CVaR Minimization,-0.1293142774890103
2022-05-16,12. CVaR Minimization,-0.1278610833132439
2022-05-17,12. CVaR Minimization,-0.13221431768181224
2022-05-18,12. CVaR Minimization,-0.1647572738066576
2022-05-19,12. CVaR Minimization,-0.17299293284581171
2022-05-20,12. CVaR Minimization,-0.16289060868624694
2022-05-23,12. CVaR Minimization,-0.14595205717242388
2022-05-24,12. CVaR Minimization,-0.14304719444877614
2022-05-25,12. CVaR Minimization,-0.14158676180012517
2022-05-26,12. CVaR Minimization,-0.13304416244467035
2022-05-27,12. CVaR Minimization,-0.12091090709580193
2022-05-31,12. CVaR Minimization,-0.12130005195481007
2022-06-01,12. CVaR Minimization,-0.12897013000665172
2022-06-02,12. CVaR Minimization,-0.1224326411204022
2022-06-03,12. CVaR Minimization,-0.12970236368127958
2022-06-06,12. CVaR Minimization,-0.12891996625648847
2022-06-07,12. CVaR Minimization,-0.11860842451682009
2022-06-08,12. CVaR Minimization,-0.12279225941223074
2022-06-09,12. CVaR Minimization,-0.14268170319389667
2022-06-10,12. CVaR Minimization,-0.15978766088713675
2022-06-13,12. CVaR Minimization,-0.18091123366078854
2022-06-14,12. CVaR Minimization,-0.18995718478971219
2022-06-15,12. CVaR Minimization,-0.18050889308125792
2022-06-16,12. CVaR Minimization,-0.1959312406279678
2022-06-17,12. CVaR Minimization,-0.20196859415978957
2022-06-21,12. CVaR Minimization,-0.1765585537605803
2022-06-22,12. CVaR Minimization,-0.17000818296516604
2022-06-23,12. CVaR Minimization,-0.16009387204558745
2022-06-24,12. CVaR Minimization,-0.14017066893252725
2022-06-27,12. CVaR Minimization,-0.13904715929947103
2022-06-28,12. CVaR Minimization,-0.1564589361370883
2022-06-29,12. CVaR Minimization,-0.15663124315999466
2022-06-30,12. CVaR Minimization,-0.15705664153170273
2022-07-01,12. CVaR Minimization,-0.1450896360665876
2022-07-05,12. CVaR Minimization,-0.15382592795336247
2022-07-06,12. CVaR Minimization,-0.15377153852643738
2022-07-07,12. CVaR Minimization,-0.14585163162001546
2022-07-08,12. CVaR Minimization,-0.14457232243050747
2022-07-11,12. CVaR Minimization,-0.14985273265218801
2022-07-12,12. CVaR Minimization,-0.1578892212194512
2022-07-13,12. CVaR Minimization,-0.15856555818646242
2022-07-14,12. CVaR Minimization,-0.1614452337768583
2022-07-15,12. CVaR Minimization,-0.1507170397511337
2022-07-18,12. CVaR Minimization,-0.15851337459256407
2022-07-19,12. CVaR Minimization,-0.1524154633973881
2022-07-20,12. CVaR Minimization,-0.15478742048137079
2022-07-21,12. CVaR Minimization,-0.14980443313080946
2022-07-22,12. CVaR Minimization,-0.14931013760611267
2022-07-25,12. CVaR Minimization,-0.14224662754748313
2022-07-26,12. CVaR Minimization,-0.148235587932713
2022-07-27,12. CVaR Minimization,-0.13930414000165353
2022-07-28,12. CVaR Minimization,-0.1314426957505474
2022-07-29,12. CVaR Minimization,-0.11882874079129052
2022-08-01,12. CVaR Minimization,-0.12253649624895081
2022-08-02,12. CVaR Minimization,-0.1285439099748357
2022-08-03,12. CVaR Minimization,-0.1301133042580442
2022-08-04,12. CVaR Minimization,-0.14542136890838467
2022-08-05,12. CVaR Minimization,-0.14777430606411987
2022-08-08,12. CVaR Minimization,-0.14823674853748736
2022-08-09,12. CVaR Minimization,-0.1449212467457912
2022-08-10,12. CVaR Minimization,-0.1373392713794056
2022-08-11,12. CVaR Minimization,-0.1435816583071958
2022-08-12,12. CVaR Minimization,-0.1353307519426794
2022-08-15,12. CVaR Minimization,-0.13300000290379776
2022-08-16,12. CVaR Minimization,-0.1249897840817836
2022-08-17,12. CVaR Minimization,-0.12590225194491783
2022-08-18,12. CVaR Minimization,-0.12459248037105336
2022-08-19,12. CVaR Minimization,-0.12478677635889987
2022-08-22,12. CVaR Minimization,-0.13462620941669828
2022-08-23,12. CVaR Minimization,-0.13112547063180485
2022-08-24,12. CVaR Minimization,-0.1305769248279143
2022-08-25,12. CVaR Minimization,-0.16153137914918833
2022-08-26,12. CVaR Minimization,-0.1793669199014298
2022-08-29,12. CVaR Minimization,-0.17878766824611375
2022-08-30,12. CVaR Minimization,-0.1888177582604274
2022-08-31,12. CVaR Minimization,-0.1891322451416332
2022-09-01,12. CVaR Minimization,-0.17855847768417948
2022-09-02,12. CVaR Minimization,-0.18768335541501813
2022-09-06,12. CVaR Minimization,-0.18727755641074895
2022-09-07,12. CVaR Minimization,-0.179667382029968
2022-09-08,12. CVaR Minimization,-0.17303988940364895
2022-09-09,12. CVaR Minimization,-0.16576294312933715
2022-09-12,12. CVaR Minimization,-0.16312808558002892
2022-09-13,12. CVaR Minimization,-0.18732633177679672
2022-09-14,12. CVaR Minimization,-0.17721355846708042
2022-09-15,12. CVaR Minimization,-0.18557050166525896
2022-09-16,12. CVaR Minimization,-0.18367187411093833
2022-09-19,12. CVaR Minimization,-0.1852143466296863
2022-09-20,12. CVaR Minimization,-0.191167665316908
2022-09-21,12. CVaR Minimization,-0.20083718618234447
2022-09-22,12. CVaR Minimization,-0.19702264277351159
2022-09-23,12. CVaR Minimization,-0.20912277069718066
2022-09-26,12. CVaR Minimization,-0.21576038212497306
2022-09-27,12. CVaR Minimization,-0.217940499252463
2022-09-28,12. CVaR Minimization,-0.2072186150482157
2022-09-29,12. CVaR Minimization,-0.21512282014961703
2022-09-30,12. CVaR Minimization,-0.21529077395567037
2022-10-03,12. CVaR Minimization,-0.20420720221113714
2022-10-04,12. CVaR Minimization,-0.19226178367971974
2022-10-05,12. CVaR Minimization,-0.18956570511166365
2022-10-06,12. CVaR Minimization,-0.1973044725524153
2022-10-07,12. CVaR Minimization,-0.2075283084456558
2022-10-10,12. CVaR Minimization,-0.21398224881544495
2022-10-11,12. CVaR Minimization,-0.2113047857772102
2022-10-12,12. CVaR Minimization,-0.2081559736155758
2022-10-13,12. CVaR Minimization,-0.191513784273418
2022-10-14,12. CVaR Minimization,-0.20168835566992532
2022-10-17,12. CVaR Minimization,-0.18962326608314276
2022-10-18,12. CVaR Minimization,-0.18556749487237495
2022-10-19,12. CVaR Minimization,-0.18765458930743814
2022-10-20,12. CVaR Minimization,-0.19103161879729166
2022-10-21,12. CVaR Minimization,-0.1703153165709098
2022-10-24,12. CVaR Minimization,-0.15804172004855346
2022-10-25,12. CVaR Minimization,-0.1544488170873586
2022-10-26,12. CVaR Minimization,-0.1460841330716827
2022-10-27,12. CVaR Minimization,-0.14607026537059525
2022-10-28,12. CVaR Minimization,-0.1251684983125396
2022-10-31,12. CVaR Minimization,-0.13298883784923046
2022-11-01,12. CVaR Minimization,-0.126846424563099
2022-11-02,12. CVaR Minimization,-0.14233015169244825
2022-11-03,12. CVaR Minimization,-0.14163868207213903
2022-11-04,12. CVaR Minimization,-0.13434397964281858
2022-11-07,12. CVaR Minimization,-0.12980950237201042
2022-11-08,12. CVaR Minimization,-0.12664349582119755
2022-11-09,12. CVaR Minimization,-0.14438795140474195
2022-11-10,12. CVaR Minimization,-0.1278176578664457
2022-11-11,12. CVaR Minimization,-0.12652936365720227
2022-11-14,12. CVaR Minimization,-0.11922963859696081
2022-11-15,12. CVaR Minimization,-0.1192604088999346
2022-11-16,12. CVaR Minimization,-0.12271088601165675
2022-11-17,12. CVaR Minimization,-0.11882072219485731
2022-11-18,12. CVaR Minimization,-0.1176857516980609
2022-11-21,12. CVaR Minimization,-0.1179290485854017
2022-11-22,12. CVaR Minimization,-0.10594620926323771
2022-11-23,12. CVaR Minimization,-0.10606610345234571
2022-11-25,12. CVaR Minimization,-0.1046385710811836
2022-11-28,12. CVaR Minimization,-0.10920032534867204
2022-11-29,12. CVaR Minimization,-0.1109229692371467
2022-11-30,12. CVaR Minimization,-0.09954876403700537
2022-12-01,12. CVaR Minimization,-0.09482656240294708
2022-12-02,12. CVaR Minimization,-0.09524954452723497
2022-12-05,12. CVaR Minimization,-0.10525194067789051
2022-12-06,12. CVaR Minimization,-0.11933130013642768
2022-12-07,12. CVaR Minimization,-0.11604266199993789
2022-12-08,12. CVaR Minimization,-0.10728492904750296
2022-12-09,12. CVaR Minimization,-0.11340677288951359
2022-12-12,12. CVaR Minimization,-0.10132588383978149
2022-12-13,12. CVaR Minimization,-0.09378039154730533
2022-12-14,12. CVaR Minimization,-0.08874742774266933
2022-12-15,12. CVaR Minimization,-0.10059546000557079
2022-12-16,12. CVaR Minimization,-0.11557170063586505
2022-12-19,12. CVaR Minimization,-0.11497095982190389
2022-12-20,12. CVaR Minimization,-0.11268780687631573
2022-12-21,12. CVaR Minimization,-0.10253752264531538
2022-12-22,12. CVaR Minimization,-0.10973670385347269
2022-12-23,12. CVaR Minimization,-0.10173328936371136
2022-12-27,12. CVaR Minimization,-0.10138364079015678
2022-12-28,12. CVaR Minimization,-0.10928628089777093
2022-12-29,12. CVaR Minimization,-0.10246483688001108
2022-12-30,12. CVaR Minimization,-0.10271006254766231
2023-01-03,12. CVaR Minimization,-0.10891667152867891
2023-01-04,12. CVaR Minimization,-0.10856281878974128
2023-01-05,12. CVaR Minimization,-0.11132970467832892
2023-01-06,12. CVaR Minimization,-0.09747753523401723
2023-01-09,12. CVaR Minimization,-0.11868161907690321
2023-01-10,12. CVaR Minimization,-0.12085720966174716
2023-01-11,12. CVaR Minimization,-0.12008347738640411
2023-01-12,12. CVaR Minimization,-0.1214306992801345
2023-01-13,12. CVaR Minimization,-0.12090422954542028
2023-01-17,12. CVaR Minimization,-0.12685224134847287
2023-01-18,12. CVaR Minimization,-0.14648036041830653
2023-01-19,12. CVaR Minimization,-0.1469425078567282
2023-01-20,12. CVaR Minimization,-0.14256591361591364
2023-01-23,12. CVaR Minimization,-0.14372133936019627
2023-01-24,12. CVaR Minimization,-0.14125370167568418
2023-01-25,12. CVaR Minimization,-0.13793930404098248
2023-01-26,12. CVaR Minimization,-0.13433773811543898
2023-01-27,12. CVaR Minimization,-0.14129819112557557
2023-01-30,12. CVaR Minimization,-0.15429128132662775
2023-01-31,12. CVaR Minimization,-0.1550281485347641
2023-02-01,12. CVaR Minimization,-0.15288208073337362
2023-02-02,12. CVaR Minimization,-0.16060439361498705
2023-02-03,12. CVaR Minimization,-0.16126523114791141
2023-02-06,12. CVaR Minimization,-0.16538822949732243
2023-02-07,12. CVaR Minimization,-0.1615608183475944
2023-02-08,12. CVaR Minimization,-0.1659080749889962
2023-02-09,12. CVaR Minimization,-0.17077726314060615
2023-02-10,12. CVaR Minimization,-0.16020817485313274
2023-02-13,12. CVaR Minimization,-0.15589926251711198
2023-02-14,12. CVaR Minimization,-0.16098750893156671
2023-02-15,12. CVaR Minimization,-0.16546280002003685
2023-02-16,12. CVaR Minimization,-0.17307268857877445
2023-02-17,12. CVaR Minimization,-0.17085805463761425
2023-02-21,12. CVaR Minimization,-0.17601396132190747
2023-02-22,12. CVaR Minimization,-0.17964665791029208
2023-02-23,12. CVaR Minimization,-0.17943884464075568
2023-02-24,12. CVaR Minimization,-0.18342102679857553
2023-02-27,12. CVaR Minimization,-0.18453295019753255
2023-02-28,12. CVaR Minimization,-0.18489029444761593
2023-03-01,12. CVaR Minimization,-0.18571718373147397
2023-03-02,12. CVaR Minimization,-0.1826256778413755
2023-03-03,12. CVaR Minimization,-0.17349974390426223
2023-03-06,12. CVaR Minimization,-0.17123754679252667
2023-03-07,12. CVaR Minimization,-0.18595188057394912
2023-03-08,12. CVaR Minimization,-0.19112881372500504
2023-03-09,12. CVaR Minimization,-0.20401299762329722
2023-03-10,12. CVaR Minimization,-0.20163827185295363
2023-03-13,12. CVaR Minimization,-0.20161874293893417
2023-03-14,12. CVaR Minimization,-0.19305516040017964
2023-03-15,12. CVaR Minimization,-0.20204084898255678
2023-03-16,12. CVaR Minimization,-0.1994100390487556
2023-03-17,12. CVaR Minimization,-0.20792630969747036
2023-03-20,12. CVaR Minimization,-0.1964456024680652
2023-03-21,12. CVaR Minimization,-0.18832196053435074
2023-03-22,12. CVaR Minimization,-0.19990102688427724
2023-03-23,12. CVaR Minimization,-0.20162724510412855
2023-03-24,12. CVaR Minimization,-0.19561770529808178
2023-03-27,12. CVaR Minimization,-0.18899112609819985
2023-03-28,12. CVaR Minimization,-0.1887155005393695
2023-03-29,12. CVaR Minimization,-0.18229538630609546
2023-03-30,12. CVaR Minimization,-0.18038873604539588
2023-03-31,12. CVaR Minimization,-0.18071806021207495
2023-04-03,12. CVaR Minimization,-0.16873563640713898
2023-04-04,12. CVaR Minimization,-0.1679678228210252
2023-04-05,12. CVaR Minimization,-0.15111274690237866
2023-04-06,12. CVaR Minimization,-0.15159023489050408
2023-04-10,12. CVaR Minimization,-0.15552803870594645
2023-04-11,12. CVaR Minimization,-0.15515394658147802
2023-04-12,12. CVaR Minimization,-0.15583000867890323
2023-04-13,12. CVaR Minimization,-0.14919248263564838
2023-04-14,12. CVaR Minimization,-0.14851286359430002
2023-04-17,12. CVaR Minimization,-0.1487248042338969
2023-04-18,12. CVaR Minimization,-0.15307806625834272
2023-04-19,12. CVaR Minimization,-0.1510502000297547
2023-04-20,12. CVaR Minimization,-0.1496415807598541
2023-04-21,12. CVaR Minimization,-0.14163767865633964
2023-04-24,12. CVaR Minimization,-0.13708425948261352
2023-04-25,12. CVaR Minimization,-0.13869097963639876
2023-04-26,12. CVaR Minimization,-0.14834894756176042
2023-04-27,12. CVaR Minimization,-0.14225946731841846
2023-04-28,12. CVaR Minimization,-0.1389331192833793
2023-05-01,12. CVaR Minimization,-0.1407408002495278
2023-05-02,12. CVaR Minimization,-0.14510328548294896
2023-05-03,12. CVaR Minimization,-0.1524345796490277
2023-05-04,12. CVaR Minimization,-0.157184496345431
2023-05-05,12. CVaR Minimization,-0.14982481087774063
2023-05-08,12. CVaR Minimization,-0.15031727957991642
2023-05-09,12. CVaR Minimization,-0.1548751646169676
2023-05-10,12. CVaR Minimization,-0.15537356388753676
2023-05-11,12. CVaR Minimization,-0.15714716107913518
2023-05-12,12. CVaR Minimization,-0.15528971869735433
2023-05-15,12. CVaR Minimization,-0.15819228725137638
2023-05-16,12. CVaR Minimization,-0.16400772114768142
2023-05-17,12. CVaR Minimization,-0.16219801498200603
2023-05-18,12. CVaR Minimization,-0.16444897766769886
2023-05-19,12. CVaR Minimization,-0.16366613927256646
2023-05-22,12. CVaR Minimization,-0.17704869728610484
2023-05-23,12. CVaR Minimization,-0.18067578654617886
2023-05-24,12. CVaR Minimization,-0.1834812673779333
2023-05-25,12. CVaR Minimization,-0.1913660622380934
2023-05-26,12. CVaR Minimization,-0.19120207859710978
2023-05-30,12. CVaR Minimization,-0.19676068803301167
2023-05-31,12. CVaR Minimization,-0.19748290667967014
2023-06-01,12. CVaR Minimization,-0.19398816611491754
2023-06-02,12. CVaR Minimization,-0.1817592452218061
2023-06-05,12. CVaR Minimization,-0.18074120551840026
2023-06-06,12. CVaR Minimization,-0.1820415710977162
2023-06-07,12. CVaR Minimization,-0.18124443422585693
2023-06-08,12. CVaR Minimization,-0.17552379063058207
2023-06-09,12. CVaR Minimization,-0.1743571520545014
2023-06-12,12. CVaR Minimization,-0.17382403680892142
2023-06-13,12. CVaR Minimization,-0.17057397121293758
2023-06-14,12. CVaR Minimization,-0.16593456496484138
2023-06-15,12. CVaR Minimization,-0.15876727995022788
2023-06-16,12. CVaR Minimization,-0.15905359517062923
2023-06-20,12. CVaR Minimization,-0.16474988552437594
2023-06-21,12. CVaR Minimization,-0.16321033883716926
2023-06-22,12. CVaR Minimization,-0.15696233095611367
2023-06-23,12. CVaR Minimization,-0.16040859448651534
2023-06-26,12. CVaR Minimization,-0.16374136220781552
2023-06-27,12. CVaR Minimization,-0.165155057878621
2023-06-28,12. CVaR Minimization,-0.16614926023384438
2023-06-29,12. CVaR Minimization,-0.165744518847223
2023-06-30,12. CVaR Minimization,-0.16657498241967858
2023-07-03,12. CVaR Minimization,-0.16723784724635057
2023-07-05,12. CVaR Minimization,-0.16792960111337588
2023-07-06,12. CVaR Minimization,-0.17746738693278558
2023-07-07,12. CVaR Minimization,-0.18805641291495093
2023-07-10,12. CVaR Minimization,-0.1863493857795095
2023-07-11,12. CVaR Minimization,-0.18602265017167144
2023-07-12,12. CVaR Minimization,-0.18378805281995886
2023-07-13,12. CVaR Minimization,-0.1834755138696909
2023-07-14,12. CVaR Minimization,-0.18282822251875705
2023-07-17,12. CVaR Minimization,-0.1859518521727245
2023-07-18,12. CVaR Minimization,-0.18606678665277757
2023-07-19,12. CVaR Minimization,-0.1809691428678766
2023-07-20,12. CVaR Minimization,-0.16274014643021942
2023-07-21,12. CVaR Minimization,-0.15501953925367234
2023-07-24,12. CVaR Minimization,-0.15083380347249925
2023-07-25,12. CVaR Minimization,-0.14949125724613324
2023-07-26,12. CVaR Minimization,-0.1470410475273489
2023-07-27,12. CVaR Minimization,-0.1509729938993399
2023-07-28,12. CVaR Minimization,-0.14427402803440265
2023-07-31,12. CVaR Minimization,-0.15211567786332977
2023-08-01,12. CVaR Minimization,-0.15210008845635706
2023-08-02,12. CVaR Minimization,-0.15199611117414769
2023-08-03,12. CVaR Minimization,-0.14960218231361672
2023-08-04,12. CVaR Minimization,-0.15660055681601218
2023-08-07,12. CVaR Minimization,-0.14587069570701286
2023-08-08,12. CVaR Minimization,-0.145764901296323
2023-08-09,12. CVaR Minimization,-0.1436134434178629
2023-08-10,12. CVaR Minimization,-0.14601413658629592
2023-08-11,12. CVaR Minimization,-0.13913640036742597
2023-08-14,12. CVaR Minimization,-0.14211148690057845
2023-08-15,12. CVaR Minimization,-0.151217971615527
2023-08-16,12. CVaR Minimization,-0.15663831026543193
2023-08-17,12. CVaR Minimization,-0.15239636470077814
2023-08-18,12. CVaR Minimization,-0.15060137021887499
2023-08-21,12. CVaR Minimization,-0.16101485501176585
2023-08-22,12. CVaR Minimization,-0.16482740623843173
2023-08-23,12. CVaR Minimization,-0.16522389285787142
2023-08-24,12. CVaR Minimization,-0.1681666973189212
2023-08-25,12. CVaR Minimization,-0.16160053604920038
2023-08-28,12. CVaR Minimization,-0.1624575608068304
2023-08-29,12. CVaR Minimization,-0.16131754828223305
2023-08-30,12. CVaR Minimization,-0.1610470537758398
2023-08-31,12. CVaR Minimization,-0.1617044208994216
2023-09-01,12. CVaR Minimization,-0.16370750948570764
2023-09-05,12. CVaR Minimization,-0.16895514683583504
2023-09-06,12. CVaR Minimization,-0.17205315525696321
2023-09-07,12. CVaR Minimization,-0.16856423285360025
2023-09-08,12. CVaR Minimization,-0.1665458117215241
2023-09-11,12. CVaR Minimization,-0.16124371411616803
2023-09-12,12. CVaR Minimization,-0.1608304317808162
2023-09-13,12. CVaR Minimization,-0.16008072010423044
2023-09-14,12. CVaR Minimization,-0.15654298779977782
2023-09-15,12. CVaR Minimization,-0.16562360715504446
2023-09-18,12. CVaR Minimization,-0.16435948635964992
2023-09-19,12. CVaR Minimization,-0.16602058245325152
2023-09-20,12. CVaR Minimization,-0.1651344240806837
2023-09-21,12. CVaR Minimization,-0.17527647796373147
2023-09-22,12. CVaR Minimization,-0.1771042515545579
2023-09-25,12. CVaR Minimization,-0.17830542191950138
2023-09-26,12. CVaR Minimization,-0.1841941823295405
2023-09-27,12. CVaR Minimization,-0.18839241042580593
2023-09-28,12. CVaR Minimization,-0.18862008065842423
2023-09-29,12. CVaR Minimization,-0.18901855318167102
2023-10-02,12. CVaR Minimization,-0.1922061508732597
2023-10-03,12. CVaR Minimization,-0.1993972257949931
2023-10-04,12. CVaR Minimization,-0.19536785915650443
2023-10-05,12. CVaR Minimization,-0.20721314995055848
2023-10-06,12. CVaR Minimization,-0.2046090248764706
2023-10-09,12. CVaR Minimization,-0.20426285938205657
2023-10-10,12. CVaR Minimization,-0.1954337695572627
2023-10-11,12. CVaR Minimization,-0.1986144577803177
2023-10-12,12. CVaR Minimization,-0.20344901385808975
2023-10-13,12. CVaR Minimization,-0.20194127683160748
2023-10-16,12. CVaR Minimization,-0.19434387642894282
2023-10-17,12. CVaR Minimization,-0.19352887978984967
2023-10-18,12. CVaR Minimization,-0.19968869191063573
2023-10-19,12. CVaR Minimization,-0.20230492657692797
2023-10-20,12. CVaR Minimization,-0.20428932416845336
2023-10-23,12. CVaR Minimization,-0.2058785866147472
2023-10-24,12. CVaR Minimization,-0.19765404996053992
2023-10-25,12. CVaR Minimization,-0.19824782588040127
2023-10-26,12. CVaR Minimization,-0.20607698887797185
2023-10-27,12. CVaR Minimization,-0.21460848712499028
2023-10-30,12. CVaR Minimization,-0.20365520778494323
2023-10-31,12. CVaR Minimization,-0.2040209133601594
2023-11-01,12. CVaR Minimization,-0.1998300311441025
2023-11-02,12. CVaR Minimization,-0.19146652108994136
2023-11-03,12. CVaR Minimization,-0.19156600688043574
2023-11-06,12. CVaR Minimization,-0.18973588292108468
2023-11-07,12. CVaR Minimization,-0.18875864190879135
2023-11-08,12. CVaR Minimization,-0.19167319699284271
2023-11-09,12. CVaR Minimization,-0.19872684914281805
2023-11-10,12. CVaR Minimization,-0.19229054486936026
2023-11-13,12. CVaR Minimization,-0.18980726866203593
2023-11-14,12. CVaR Minimization,-0.183665885335702
2023-11-15,12. CVaR Minimization,-0.1784148306799441
2023-11-16,12. CVaR Minimization,-0.19444863131956888
2023-11-17,12. CVaR Minimization,-0.19597928654420244
2023-11-20,12. CVaR Minimization,-0.19513039596547205
2023-11-21,12. CVaR Minimization,-0.19308972608432165
2023-11-22,12. CVaR Minimization,-0.19121536113072535
2023-11-24,12. CVaR Minimization,-0.18687569566550913
2023-11-27,12. CVaR Minimization,-0.18835443212136957
2023-11-28,12. CVaR Minimization,-0.18358455128344872
2023-11-29,12. CVaR Minimization,-0.18899936726811684
2023-11-30,12. CVaR Minimization,-0.18931760475494314
2023-12-01,12. CVaR Minimization,-0.18695053763936048
2023-12-04,12. CVaR Minimization,-0.18671466680793747
2023-12-05,12. CVaR Minimization,-0.18800176820366896
2023-12-06,12. CVaR Minimization,-0.1914650365233226
2023-12-07,12. CVaR Minimization,-0.19301845038362792
2023-12-08,12. CVaR Minimization,-0.1963437881340269
2023-12-11,12. CVaR Minimization,-0.19253846673435945
2023-12-12,12. CVaR Minimization,-0.18929197951476917
2023-12-13,12. CVaR Minimization,-0.17909951432128518
2023-12-14,12. CVaR Minimization,-0.18374784426995375
2023-12-15,12. CVaR Minimization,-0.18524790357867388
2023-12-18,12. CVaR Minimization,-0.1802859717828365
2023-12-19,12. CVaR Minimization,-0.17707516911388071
2023-12-20,12. CVaR Minimization,-0.1896264443312698
2023-12-21,12. CVaR Minimization,-0.18379943921051886
2023-12-22,12. CVaR Minimization,-0.18032802671530251
2023-12-26,12. CVaR Minimization,-0.1783332733948877
2023-12-27,12. CVaR Minimization,-0.17588883180658033
2023-12-28,12. CVaR Minimization,-0.17592870350810116
2023-12-29,12. CVaR Minimization,-0.17620327723940962
2024-01-02,12. CVaR Minimization,-0.1698430500811199
2024-01-03,12. CVaR Minimization,-0.17156690080891576
2024-01-04,12. CVaR Minimization,-0.1743711071552992
2024-01-05,12. CVaR Minimization,-0.1750880871069602
2024-01-08,12. CVaR Minimization,-0.167173470635302
2024-01-09,12. CVaR Minimization,-0.16519126229289804
2024-01-10,12. CVaR Minimization,-0.15767489669982693
2024-01-11,12. CVaR Minimization,-0.15963026761113872
2024-01-12,12. CVaR Minimization,-0.15686801540897125
2024-01-16,12. CVaR Minimization,-0.15806237101511783
2024-01-17,12. CVaR Minimization,-0.15971263616760034
2024-01-18,12. CVaR Minimization,-0.15496576662847855
2024-01-19,12. CVaR Minimization,-0.15306252371008233
2024-01-22,12. CVaR Minimization,-0.15459647675827315
2024-01-23,12. CVaR Minimization,-0.15164673894666952
2024-01-24,12. CVaR Minimization,-0.1582966086928601
2024-01-25,12. CVaR Minimization,-0.14974079293712428
2024-01-26,12. CVaR Minimization,-0.14778264589551582
2024-01-29,12. CVaR Minimization,-0.1425404438018271
2024-01-30,12. CVaR Minimization,-0.1397575817338574
2024-01-31,12. CVaR Minimization,-0.1402552275278294
2024-02-01,12. CVaR Minimization,-0.1279275385770078
2024-02-02,12. CVaR Minimization,-0.12882420924834054
2024-02-05,12. CVaR Minimization,-0.1315596217859433
2024-02-06,12. CVaR Minimization,-0.12582464057030807
2024-02-07,12. CVaR Minimization,-0.12324758207968285
2024-02-08,12. CVaR Minimization,-0.12229666848476292
2024-02-09,12. CVaR Minimization,-0.12344480718032279
2024-02-12,12. CVaR Minimization,-0.12192399944171702
2024-02-13,12. CVaR Minimization,-0.13055332911410572
2024-02-14,12. CVaR Minimization,-0.13182525557390307
2024-02-15,12. CVaR Minimization,-0.12743749581716995
2024-02-16,12. CVaR Minimization,-0.12672124341580135
2024-02-20,12. CVaR Minimization,-0.11584817220089168
2024-02-21,12. CVaR Minimization,-0.1146883702611194
2024-02-22,12. CVaR Minimization,-0.10749866329150237
2024-02-23,12. CVaR Minimization,-0.10650280819057677
2024-02-26,12. CVaR Minimization,-0.29110973435609017
2024-02-27,12. CVaR Minimization,-0.2907848883930091
2024-02-28,12. CVaR Minimization,-0.28953397624461175
2024-02-29,12. CVaR Minimization,-0.2904323161378968
2024-03-01,12. CVaR Minimization,-0.2892156537311068
2024-03-04,12. CVaR Minimization,-0.29072109310162336
2024-03-05,12. CVaR Minimization,-0.292432944744627
2024-03-06,12. CVaR Minimization,-0.2908104327809653
2024-03-07,12. CVaR Minimization,-0.2903731411843057
2024-03-08,12. CVaR Minimization,-0.2896231278920942
2024-03-11,12. CVaR Minimization,-0.2854668204542952
2024-03-12,12. CVaR Minimization,-0.27926202149632656
2024-03-13,12. CVaR Minimization,-0.27834080530014
2024-03-14,12. CVaR Minimization,-0.28276463663286333
2024-03-15,12. CVaR Minimization,-0.2886594798227952
2024-03-18,12. CVaR Minimization,-0.2856073381574861
2024-03-19,12. CVaR Minimization,-0.2844831573072885
2024-03-20,12. CVaR Minimization,-0.27961163220952917
2024-03-21,12. CVaR Minimization,-0.2795523510175535
2024-03-22,12. CVaR Minimization,-0.2838249498420794
2024-03-25,12. CVaR Minimization,-0.2850510454050482
2024-03-26,12. CVaR Minimization,-0.28488697914759503
2024-03-27,12. CVaR Minimization,-0.2807188924730406
2024-03-28,12. CVaR Minimization,-0.2813536306753277
2024-04-01,12. CVaR Minimization,-0.28573695961876344
2024-04-02,12. CVaR Minimization,-0.28748320395006305
2024-04-03,12. CVaR Minimization,-0.29676931630330117
2024-04-04,12. CVaR Minimization,-0.30315747090893747
2024-04-05,12. CVaR Minimization,-0.29874037442071316
2024-04-08,12. CVaR Minimization,-0.29990603776844027
2024-04-09,12. CVaR Minimization,-0.2983033865807319
2024-04-10,12. CVaR Minimization,-0.3030266620431372
2024-04-11,12. CVaR Minimization,-0.30498292747612477
2024-04-12,12. CVaR Minimization,-0.3191652763576405
2024-04-15,12. CVaR Minimization,-0.32160180042221514
2024-04-16,12. CVaR Minimization,-0.32485940878108815
2024-04-17,12. CVaR Minimization,-0.32518326835309613
2024-04-18,12. CVaR Minimization,-0.3241514561540463
2024-04-19,12. CVaR Minimization,-0.31701189167503424
2024-04-22,12. CVaR Minimization,-0.3104477224803016
2024-04-23,12. CVaR Minimization,-0.30588386426555697
2024-04-24,12. CVaR Minimization,-0.3032516858643657
2024-04-25,12. CVaR Minimization,-0.3086926008965209
2024-04-26,12. CVaR Minimization,-0.30884668445144403
2024-04-29,12. CVaR Minimization,-0.308391921188618
2024-04-30,12. CVaR Minimization,-0.30905780806927535
2024-05-01,12. CVaR Minimization,-0.30542014681114266
2024-05-02,12. CVaR Minimization,-0.3016174924302375
2024-05-03,12. CVaR Minimization,-0.29538700301342213
2024-05-06,12. CVaR Minimization,-0.2927933947255036
2024-05-07,12. CVaR Minimization,-0.2904537505042998
2024-05-08,12. CVaR Minimization,-0.28941180730946203
2024-05-09,12. CVaR Minimization,-0.28356996581609845
2024-05-10,12. CVaR Minimization,-0.28242152589330055
2024-05-13,12. CVaR Minimization,-0.28284259879465057
2024-05-14,12. CVaR Minimization,-0.28287256941443467
2024-05-15,12. CVaR Minimization,-0.2765137545965781
2024-05-16,12. CVaR Minimization,-0.27061108494724656
2024-05-17,12. CVaR Minimization,-0.2679543323875622
2024-05-20,12. CVaR Minimization,-0.2765556128366131
2024-05-21,12. CVaR Minimization,-0.2736564895249382
2024-05-22,12. CVaR Minimization,-0.27453890946633536
2024-05-23,12. CVaR Minimization,-0.28395392021370663
2024-05-24,12. CVaR Minimization,-0.2821189926487139
2024-05-28,12. CVaR Minimization,-0.2869390895946493
2024-05-29,12. CVaR Minimization,-0.29054604844832316
2024-05-30,12. CVaR Minimization,-0.2870571910711595
2024-05-31,12. CVaR Minimization,-0.28762160762780414
2024-06-03,12. CVaR Minimization,-0.28815117386781314
2024-06-04,12. CVaR Minimization,-0.2831747117272572
2024-06-05,12. CVaR Minimization,-0.2802343267212953
2024-06-06,12. CVaR Minimization,-0.2773701753261513
2024-06-07,12. CVaR Minimization,-0.2806144998334991
2024-06-10,12. CVaR Minimization,-0.32129387032639256
2024-06-11,12. CVaR Minimization,-0.31911908919938314
2024-06-12,12. CVaR Minimization,-0.32181351409435377
2024-06-13,12. CVaR Minimization,-0.3181428863461429
2024-06-14,12. CVaR Minimization,-0.3185435633286701
2024-06-17,12. CVaR Minimization,-0.3147870158260684
2024-06-18,12. CVaR Minimization,-0.3114216947947066
2024-06-20,12. CVaR Minimization,-0.3117667910736171
2024-06-21,12. CVaR Minimization,-0.3119107122010436
2024-06-24,12. CVaR Minimization,-0.30803784845991916
2024-06-25,12. CVaR Minimization,-0.31492337817483324
2024-06-26,12. CVaR Minimization,-0.3108722607279495
2024-06-27,12. CVaR Minimization,-0.31358097970552745
2024-06-28,12. CVaR Minimization,-0.31368919301470655
2024-07-01,12. CVaR Minimization,-0.31572562856717457
2024-07-02,12. CVaR Minimization,-0.3117887100270747
2024-07-03,12. CVaR Minimization,-0.30883494216879276
2024-07-05,12. CVaR Minimization,-0.3046892317630273
2024-07-08,12. CVaR Minimization,-0.3044141871330495
2024-07-09,12. CVaR Minimization,-0.304561574163273
2024-07-10,12. CVaR Minimization,-0.2994868617443699
2024-07-11,12. CVaR Minimization,-0.30332651780206876
2024-07-12,12. CVaR Minimization,-0.2997024999749331
2024-07-15,12. CVaR Minimization,-0.2982955990606984
2024-07-16,12. CVaR Minimization,-0.29139658848901856
2024-07-17,12. CVaR Minimization,-0.2879002446415429
2024-07-18,12. CVaR Minimization,-0.29268107985256914
2024-07-19,12. CVaR Minimization,-0.29692690166273
2024-07-22,12. CVaR Minimization,-0.2959262646373345
2024-07-23,12. CVaR Minimization,-0.29976975396913225
2024-07-24,12. CVaR Minimization,-0.30633884311655035
2024-07-25,12. CVaR Minimization,-0.30777601546753747
2024-07-26,12. CVaR Minimization,-0.3008737133763328
2024-07-29,12. CVaR Minimization,-0.3003961007745025
2024-07-30,12. CVaR Minimization,-0.30734644857362803
2024-07-31,12. CVaR Minimization,-0.3076665859108586
2024-08-01,12. CVaR Minimization,-0.30582788329587296
2024-08-02,12. CVaR Minimization,-0.30482438134738554
2024-08-05,12. CVaR Minimization,-0.3199694705796495
2024-08-06,12. CVaR Minimization,-0.31706685799339046
2024-08-07,12. CVaR Minimization,-0.32036773979402755
2024-08-08,12. CVaR Minimization,-0.31046573576356074
2024-08-09,12. CVaR Minimization,-0.3091802736033026
2024-08-12,12. CVaR Minimization,-0.31023919198332145
2024-08-13,12. CVaR Minimization,-0.30674382748387863
2024-08-14,12. CVaR Minimization,-0.300793861085389
2024-08-15,12. CVaR Minimization,-0.28820334395114766
2024-08-16,12. CVaR Minimization,-0.28547335228094967
2024-08-19,12. CVaR Minimization,-0.2813582386611029
2024-08-20,12. CVaR Minimization,-0.27902818439335436
2024-08-21,12. CVaR Minimization,-0.2766771287364854
2024-08-22,12. CVaR Minimization,-0.27874889903186356
2024-08-23,12. CVaR Minimization,-0.2735075974809318
2024-08-26,12. CVaR Minimization,-0.2707700144303524
2024-08-27,12. CVaR Minimization,-0.2703313070688796
2024-08-28,12. CVaR Minimization,-0.27285988831278135
2024-08-29,12. CVaR Minimization,-0.2722749344878184
2024-08-30,12. CVaR Minimization,-0.2727302123537895
2024-09-03,12. CVaR Minimization,-0.2767970724656333
2024-09-04,12. CVaR Minimization,-0.27564949272503103
2024-09-05,12. CVaR Minimization,-0.27789371223849185
2024-09-06,12. CVaR Minimization,-0.28343230849703394
2024-09-09,12. CVaR Minimization,-0.27575443836853125
2024-09-10,12. CVaR Minimization,-0.2741386710288602
2024-09-11,12. CVaR Minimization,-0.2769846326987848
2024-09-12,12. CVaR Minimization,-0.2719349413308533
2024-09-13,12. CVaR Minimization,-0.2668150351769673
2024-09-16,12. CVaR Minimization,-0.2608091702445955
2024-09-17,12. CVaR Minimization,-0.26334985070965605
2024-09-18,12. CVaR Minimization,-0.2656035965023932
2024-09-19,12. CVaR Minimization,-0.2653555391177974
2024-09-20,12. CVaR Minimization,-0.26117816421698054
2024-09-23,12. CVaR Minimization,-0.2564422511878805
2024-09-24,12. CVaR Minimization,-0.25638201212169803
2024-09-25,12. CVaR Minimization,-0.25775114372065117
2024-09-26,12. CVaR Minimization,-0.2612935230997099
2024-09-27,12. CVaR Minimization,-0.2584756552803002
2024-09-30,12. CVaR Minimization,-0.2589297518715566
2024-10-01,12. CVaR Minimization,-0.25698085222879835
2024-10-02,12. CVaR Minimization,-0.25891144146615713
2024-10-03,12. CVaR Minimization,-0.25967829610583787
2024-10-04,12. CVaR Minimization,-0.25682787027473464
2024-10-07,12. CVaR Minimization,-0.26555051042345956
2024-10-08,12. CVaR Minimization,-0.2608506979221033
2024-10-09,12. CVaR Minimization,-0.25673994109593534
2024-10-10,12. CVaR Minimization,-0.25851561700875414
2024-10-11,12. CVaR Minimization,-0.25436450272917793
2024-10-14,12. CVaR Minimization,-0.25047007493855106
2024-10-15,12. CVaR Minimization,-0.2504983954230708
2024-10-16,12. CVaR Minimization,-0.24833137616167084
2024-10-17,12. CVaR Minimization,-0.2495199267447834
2024-10-18,12. CVaR Minimization,-0.24357922279609287
2024-10-21,12. CVaR Minimization,-0.24865838223952685
2024-10-22,12. CVaR Minimization,-0.24745970286955413
2024-10-23,12. CVaR Minimization,-0.24952302833931553
2024-10-24,12. CVaR Minimization,-0.25086441506586327
2024-10-25,12. CVaR Minimization,-0.25512261068132847
2024-10-28,12. CVaR Minimization,-0.252486801957535
2024-10-29,12. CVaR Minimization,-0.25801427171275704
2024-10-30,12. CVaR Minimization,-0.2575396559258191
2024-10-31,12. CVaR Minimization,-0.26108689255781875
2024-11-01,12. CVaR Minimization,-0.2610868151025014
2024-11-04,12. CVaR Minimization,-0.25970061600206445
2024-11-05,12. CVaR Minimization,-0.25349751482382205
2024-11-06,12. CVaR Minimization,-0.2521970433595255
2024-11-07,12. CVaR Minimization,-0.2460867734740326
2024-11-08,12. CVaR Minimization,-0.24021929427846814
2024-11-11,12. CVaR Minimization,-0.24203894529796696
2024-11-12,12. CVaR Minimization,-0.2417945156187232
2024-11-13,12. CVaR Minimization,-0.23864520365281716
2024-11-14,12. CVaR Minimization,-0.24068604867472249
2024-11-15,12. CVaR Minimization,-0.24050817595979704
2024-11-18,12. CVaR Minimization,-0.23647898906681952
2024-11-19,12. CVaR Minimization,-0.231240698901483
2024-11-20,12. CVaR Minimization,-0.23031511978018876
2024-11-21,12. CVaR Minimization,-0.22117619765796354
2024-11-22,12. CVaR Minimization,-0.2149330586686395
2024-11-25,12. CVaR Minimization,-0.21616806277675849
2024-11-26,12. CVaR Minimization,-0.21240956001797015
2024-11-27,12. CVaR Minimization,-0.2104859987614936
2024-11-29,12. CVaR Minimization,-0.2080275827055401
2024-12-02,12. CVaR Minimization,-0.205413042889459
2024-12-03,12. CVaR Minimization,-0.20850579108541142
2024-12-04,12. CVaR Minimization,-0.2104427717034752
2024-12-05,12. CVaR Minimization,-0.20858833892630185
2024-12-06,12. CVaR Minimization,-0.20783477214027263
2024-12-09,12. CVaR Minimization,-0.21797541162967884
2024-12-10,12. CVaR Minimization,-0.21528498955275518
2024-12-11,12. CVaR Minimization,-0.21430293848642093
2024-12-12,12. CVaR Minimization,-0.21677214013167226
2024-12-13,12. CVaR Minimization,-0.21867476239454461
2024-12-16,12. CVaR Minimization,-0.22112744639336615
2024-12-17,12. CVaR Minimization,-0.219442655104276
2024-12-18,12. CVaR Minimization,-0.23440749449752815
2024-12-19,12. CVaR Minimization,-0.2339234299590295
2024-12-20,12. CVaR Minimization,-0.23340231054986182
2024-12-23,12. CVaR Minimization,-0.23367522144254976
2024-12-24,12. CVaR Minimization,-0.224839397177108
2024-12-26,12. CVaR Minimization,-0.22480693742847585
2024-12-27,12. CVaR Minimization,-0.23063481799562935
2024-12-30,12. CVaR Minimization,-0.23875496209687774
2024-12-31,12. CVaR Minimization,-0.23946733550083607
2025-01-02,12. CVaR Minimization,-0.24170387758653722
2025-01-03,12. CVaR Minimization,-0.23828614591389058
2025-01-06,12. CVaR Minimization,-0.24293106112213303
2025-01-07,12. CVaR Minimization,-0.2459713841877551
2025-01-08,12. CVaR Minimization,-0.24489306720880724
2025-01-10,12. CVaR Minimization,-0.2540070555380042
2025-01-13,12. CVaR Minimization,-0.2506054096585488
2025-01-14,12. CVaR Minimization,-0.24979613122050276
2025-01-15,12. CVaR Minimization,-0.24465985419775527
2025-01-16,12. CVaR Minimization,-0.243640079526732
2025-01-17,12. CVaR Minimization,-0.23695362243569548
2025-01-21,12. CVaR Minimization,-0.23506244707417923
2025-01-22,12. CVaR Minimization,-0.23058158456926472
2025-01-23,12. CVaR Minimization,-0.2269951615262638
2025-01-24,12. CVaR Minimization,-0.23135942950929564
2025-01-27,12. CVaR Minimization,-0.22593101854293865
2025-01-28,12. CVaR Minimization,-0.23184524150484906
2025-01-29,12. CVaR Minimization,-0.23161377935191577
2025-01-30,12. CVaR Minimization,-0.2233093827804993
2025-01-31,12. CVaR Minimization,-0.22363227448737302
2025-02-03,12. CVaR Minimization,-0.22150407003582445
2025-02-04,12. CVaR Minimization,-0.21597757891945393
2025-02-05,12. CVaR Minimization,-0.20702155834097175
2025-02-06,12. CVaR Minimization,-0.20607579941081977
2025-02-07,12. CVaR Minimization,-0.2068147743193438
2025-02-10,12. CVaR Minimization,-0.19732249336823993
2025-02-11,12. CVaR Minimization,-0.18738355265695497
2025-02-12,12. CVaR Minimization,-0.1891814432192198
2025-02-13,12. CVaR Minimization,-0.17880956024119582
2025-02-14,12. CVaR Minimization,-0.1862387132293624
2025-02-18,12. CVaR Minimization,-0.18343474163318466
2025-02-19,12. CVaR Minimization,-0.17794881981451233
2025-02-20,12. CVaR Minimization,-0.18297049188974526
2025-02-21,12. CVaR Minimization,-0.18408295632502253
2025-02-24,12. CVaR Minimization,-0.18842545636700886
2025-02-25,12. CVaR Minimization,-0.18196896228377357
2025-02-26,12. CVaR Minimization,-0.18584020409445623
2025-02-27,12. CVaR Minimization,-0.1904416097795745
2025-02-28,12. CVaR Minimization,-0.1908738714391386
2025-03-03,12. CVaR Minimization,-0.1962049986703417
2025-03-04,12. CVaR Minimization,-0.20867347829182337
2025-03-05,12. CVaR Minimization,-0.2053535401330453
2025-03-06,12. CVaR Minimization,-0.2115406386147965
2025-03-07,12. CVaR Minimization,-0.21093017161820812
2025-03-10,12. CVaR Minimization,-0.21952102223932926
2025-03-11,12. CVaR Minimization,-0.22563629741436847
2025-03-12,12. CVaR Minimization,-0.23268525678548402
2025-03-13,12. CVaR Minimization,-0.23790160938990013
2025-03-14,12. CVaR Minimization,-0.230449868268983
2025-03-17,12. CVaR Minimization,-0.2224900392166325
2025-03-18,12. CVaR Minimization,-0.22976070557124256
2025-03-19,12. CVaR Minimization,-0.22660767256493988
2025-03-20,12. CVaR Minimization,-0.22677880016250881
2025-03-21,12. CVaR Minimization,-0.2271354915429542
2025-03-24,12. CVaR Minimization,-0.22168313181007643
2025-03-25,12. CVaR Minimization,-0.23002895791316108
2025-03-26,12. CVaR Minimization,-0.22921724431077606
2025-03-27,12. CVaR Minimization,-0.22701381514070804
2025-03-28,12. CVaR Minimization,-0.23181779219794205
2025-03-31,12. CVaR Minimization,-0.23217416853839776
2025-04-01,12. CVaR Minimization,-0.2444771445710745
2025-04-02,12. CVaR Minimization,-0.24186043438702867
2025-04-03,12. CVaR Minimization,-0.24993873736770295
2025-04-04,12. CVaR Minimization,-0.28933583686267184
2025-04-07,12. CVaR Minimization,-0.2949090752662964
2025-04-08,12. CVaR Minimization,-0.303138128643184
2025-04-09,12. CVaR Minimization,-0.2660193151142592
2025-04-10,12. CVaR Minimization,-0.278295259937
2025-04-11,12. CVaR Minimization,-0.2626761070987639
2025-04-14,12. CVaR Minimization,-0.2531891481344229
2025-04-15,12. CVaR Minimization,-0.2541156452203642
2025-04-16,12. CVaR Minimization,-0.2630393995976984
2025-04-17,12. CVaR Minimization,-0.25012622557233116
2025-04-21,12. CVaR Minimization,-0.2593950219463292
2025-04-22,12. CVaR Minimization,-0.2449588890123504
2025-04-23,12. CVaR Minimization,-0.24755629412409766
2025-04-24,12. CVaR Minimization,-0.24546212001592943
2025-04-25,12. CVaR Minimization,-0.24356204046996652
2025-04-28,12. CVaR Minimization,-0.24289901438800818
2025-04-29,12. CVaR Minimization,-0.23979658944543927
2025-04-30,12. CVaR Minimization,-0.24015023678494166
2025-05-01,12. CVaR Minimization,-0.24518991556785086
2025-05-02,12. CVaR Minimization,-0.2375997272184212
2025-05-05,12. CVaR Minimization,-0.2416215899720247
2025-05-06,12. CVaR Minimization,-0.24211419131615644
2025-05-07,12. CVaR Minimization,-0.23660704802405338
2025-05-08,12. CVaR Minimization,-0.24275844760449136
2025-05-09,12. CVaR Minimization,-0.24769290817211684
2025-05-12,12. CVaR Minimization,-0.2446806241161828
2025-05-13,12. CVaR Minimization,-0.24957138953891253
2025-05-14,12. CVaR Minimization,-0.24669417750547726
2025-05-15,12. CVaR Minimization,-0.23335638760732158
2025-05-16,12. CVaR Minimization,-0.2269898476607804
2025-05-19,12. CVaR Minimization,-0.2261168713429546
2025-05-20,12. CVaR Minimization,-0.22746174094848354
2025-05-21,12. CVaR Minimization,-0.2300246425203069
2025-05-22,12. CVaR Minimization,-0.2331636039725791
2025-05-23,12. CVaR Minimization,-0.23134656172741924
2025-05-27,12. CVaR Minimization,-0.22453949035704263
2025-05-28,12. CVaR Minimization,-0.22929586609103414
2025-05-29,12. CVaR Minimization,-0.2247574847155189
2025-05-30,12. CVaR Minimization,-0.22046233619393069
2025-06-02,12. CVaR Minimization,-0.219147214218125
2025-06-03,12. CVaR Minimization,-0.22125522220468335
2025-06-04,12. CVaR Minimization,-0.2223396705088234
2025-06-05,12. CVaR Minimization,-0.2271862830480726
2025-06-06,12. CVaR Minimization,-0.22113562285235
2025-06-09,12. CVaR Minimization,-0.2195709160097245
2025-06-10,12. CVaR Minimization,-0.21465684573390184
2025-06-11,12. CVaR Minimization,-0.2178477770081875
2025-06-12,12. CVaR Minimization,-0.2153340733086736
2025-06-13,12. CVaR Minimization,-0.22113660223343945
2025-06-16,12. CVaR Minimization,-0.22207757278797202
2025-06-17,12. CVaR Minimization,-0.2289717406314834
2025-06-18,12. CVaR Minimization,-0.23165250744099053
2025-06-20,12. CVaR Minimization,-0.23332241948423932
2025-06-23,12. CVaR Minimization,-0.22715615314163065
2025-06-24,12. CVaR Minimization,-0.2237080756154695
2025-06-25,12. CVaR Minimization,-0.2228086097401067
2025-06-26,12. CVaR Minimization,-0.22212584731406218
2025-06-27,12. CVaR Minimization,-0.21448359696857258
2025-06-30,12. CVaR Minimization,-0.21465095524811137
2025-07-01,12. CVaR Minimization,-0.20829159144290602
2025-07-02,12. CVaR Minimization,-0.20935550366967154
2025-07-03,12. CVaR Minimization,-0.20469601598901782
2025-07-07,12. CVaR Minimization,-0.20751856113592018
2025-07-08,12. CVaR Minimization,-0.21175071985683286
2025-07-09,12. CVaR Minimization,-0.21274468682193462
2025-07-10,12. CVaR Minimization,-0.21205236776847317
2025-07-11,12. CVaR Minimization,-0.2126515344632795
2025-07-14,12. CVaR Minimization,-0.21381562099376455
2025-07-15,12. CVaR Minimization,-0.21602054971001267
2025-07-16,12. CVaR Minimization,-0.20538453958763928
2025-07-17,12. CVaR Minimization,-0.20169364224927366
2025-07-18,12. CVaR Minimization,-0.2078289827622023
2025-07-21,12. CVaR Minimization,-0.20355474244412197
2025-07-22,12. CVaR Minimization,-0.2010268979402927
2025-07-23,12. CVaR Minimization,-0.2004098126734514
2025-07-24,12. CVaR Minimization,-0.1968190732554944
2025-07-25,12. CVaR Minimization,-0.19720232980264
2025-07-28,12. CVaR Minimization,-0.2022863702189247
2025-07-29,12. CVaR Minimization,-0.19374481786419773
2025-07-30,12. CVaR Minimization,-0.19812311853191794
2025-07-31,12. CVaR Minimization,-0.20673136482626026
2025-08-01,12. CVaR Minimization,-0.20292312031033768
2025-08-04,12. CVaR Minimization,-0.1949495745754591
2025-08-05,12. CVaR Minimization,-0.19672642767502738
2025-08-06,12. CVaR Minimization,-0.1884459425717447
2025-08-07,12. CVaR Minimization,-0.18429674001420854
2025-08-08,12. CVaR Minimization,-0.17843503412284595
2025-08-11,12. CVaR Minimization,-0.17648128437625268
2025-08-12,12. CVaR Minimization,-0.17687223149815792
2025-08-13,12. CVaR Minimization,-0.17932499108138938
2025-08-14,12. CVaR Minimization,-0.1817188685026477
2025-08-15,12. CVaR Minimization,-0.17957122901752687
2025-08-18,12. CVaR Minimization,-0.18068567284209486
2025-08-19,12. CVaR Minimization,-0.176398138764937
2025-08-20,12. CVaR Minimization,-0.17125288921955245
2025-08-21,12. CVaR Minimization,-0.17704131378549298
2025-08-22,12. CVaR Minimization,-0.17603205112964854
2025-08-25,12. CVaR Minimization,-0.18103106832652174
2025-08-26,12. CVaR Minimization,-0.18385048161509465
2025-08-27,12. CVaR Minimization,-0.1819658715582525
2025-08-28,12. CVaR Minimization,-0.1840527086140646
2025-08-29,12. CVaR Minimization,-0.1842331836239086
2025-09-02,12. CVaR Minimization,-0.18281886614428902
2025-09-03,12. CVaR Minimization,-0.1788410190016409
2025-09-04,12. CVaR Minimization,-0.17683764529536777
2025-09-05,12. CVaR Minimization,-0.18324366169645573
2025-09-08,12. CVaR Minimization,-0.1826791988350176
2025-09-09,12. CVaR Minimization,-0.1791254248547465
2025-09-10,12. CVaR Minimization,-0.17972064865345783
2025-09-11,12. CVaR Minimization,-0.17623801506309833
2025-09-12,12. CVaR Minimization,-0.1776015391308584
2025-09-15,12. CVaR Minimization,-0.177388682966815
2025-09-16,12. CVaR Minimization,-0.1776123005937455
2025-09-17,12. CVaR Minimization,-0.17311631701372024
2025-09-18,12. CVaR Minimization,-0.17916569407571253
2025-09-19,12. CVaR Minimization,-0.17764783281180827
2025-09-22,12. CVaR Minimization,-0.17993188717394526
2025-09-23,12. CVaR Minimization,-0.1761197956946
2025-09-24,12. CVaR Minimization,-0.17796560808830553
2025-09-25,12. CVaR Minimization,-0.1774039178397296
2025-09-26,12. CVaR Minimization,-0.17403031463467092
2025-09-29,12. CVaR Minimization,-0.17317320756348306
2025-09-30,12. CVaR Minimization,-0.16850201925653818
2025-10-01,12. CVaR Minimization,-0.16815882596600992
2025-10-02,12. CVaR Minimization,-0.171475354403526
2025-10-03,12. CVaR Minimization,-0.16489605994282205
2025-10-06,12. CVaR Minimization,-0.164155920641123
2025-10-07,12. CVaR Minimization,-0.16100991917096044
2025-10-08,12. CVaR Minimization,-0.16175048970753836
2025-10-09,12. CVaR Minimization,-0.16122566375675976
2025-10-10,12. CVaR Minimization,-0.16578044780571644
2025-10-13,12. CVaR Minimization,-0.16142800584963454
2025-10-14,12. CVaR Minimization,-0.15517014746172134
2025-10-15,12. CVaR Minimization,-0.1540292427146147
2025-10-16,12. CVaR Minimization,-0.1548767951542573
2025-10-17,12. CVaR Minimization,-0.14636526727736968
2025-10-20,12. CVaR Minimization,-0.14416784614651343
2025-10-21,12. CVaR Minimization,-0.13900115753919187
2025-10-22,12. CVaR Minimization,-0.13956668688662704
2025-10-23,12. CVaR Minimization,-0.14153742174309786
2025-10-24,12. CVaR Minimization,-0.14353445390449482
2025-10-27,12. CVaR Minimization,-0.13965408284347078
2025-10-28,12. CVaR Minimization,-0.14255787196894162
2025-10-29,12. CVaR Minimization,-0.14565875098478337
2025-10-30,12. CVaR Minimization,-0.1431310212502746
2025-10-31,12. CVaR Minimization,-0.14485741779208916
2025-11-03,12. CVaR Minimization,-0.15004316235679027
2025-11-04,12. CVaR Minimization,-0.14978794927343106
2025-11-05,12. CVaR Minimization,-0.15201782955978566
2025-11-06,12. CVaR Minimization,-0.1502573207130901
2025-11-07,12. CVaR Minimization,-0.14313951037351608
2025-11-10,12. CVaR Minimization,-0.13399569321178298
2025-11-11,12. CVaR Minimization,-0.1220587219165813
2025-11-12,12. CVaR Minimization,-0.12366010818010639
2025-11-13,12. CVaR Minimization,-0.1289345524342546
2025-11-14,12. CVaR Minimization,-0.12795845090498795
2025-11-17,12. CVaR Minimization,-0.15313890456504364
2025-11-18,12. CVaR Minimization,-0.1533231759772125
2025-11-19,12. CVaR Minimization,-0.1504689891983161
2025-11-20,12. CVaR Minimization,-0.14561484499637833
2025-11-21,12. CVaR Minimization,-0.13861372954071105
2025-11-24,12. CVaR Minimization,-0.13419407972438843
2025-11-25,12. CVaR Minimization,-0.13141449338715122
2025-11-26,12. CVaR Minimization,-0.12669177261619555
2015-11-30,Bandit Meta-Strategy (UCB),0.0
2015-12-01,Bandit Meta-Strategy (UCB),0.0
2015-12-02,Bandit Meta-Strategy (UCB),-0.008094016019210754
2015-12-03,Bandit Meta-Strategy (UCB),-0.018857242283333273
2015-12-04,Bandit Meta-Strategy (UCB),0.0
2015-12-07,Bandit Meta-Strategy (UCB),-0.007415124662684568
2015-12-08,Bandit Meta-Strategy (UCB),-0.011746928058823634
2015-12-09,Bandit Meta-Strategy (UCB),-0.022520816712573204
2015-12-10,Bandit Meta-Strategy (UCB),-0.020259983138023012
2015-12-11,Bandit Meta-Strategy (UCB),-0.04045747488263847
2015-12-14,Bandit Meta-Strategy (UCB),-0.029781053114288806
2015-12-15,Bandit Meta-Strategy (UCB),-0.020029729730966825
2015-12-16,Bandit Meta-Strategy (UCB),-0.002627750376029075
2015-12-17,Bandit Meta-Strategy (UCB),-0.014613817987900754
2015-12-18,Bandit Meta-Strategy (UCB),-0.035431157974234455
2015-12-21,Bandit Meta-Strategy (UCB),-0.028377007316840473
2015-12-22,Bandit Meta-Strategy (UCB),-0.024160647075490312
2015-12-23,Bandit Meta-Strategy (UCB),-0.01667871416421406
2015-12-24,Bandit Meta-Strategy (UCB),-0.018345237343865412
2015-12-28,Bandit Meta-Strategy (UCB),-0.017505240186113956
2015-12-29,Bandit Meta-Strategy (UCB),-0.0052082657696017115
2015-12-30,Bandit Meta-Strategy (UCB),-0.011909619863378336
2015-12-31,Bandit Meta-Strategy (UCB),-0.012310799577389784
2016-01-04,Bandit Meta-Strategy (UCB),-0.030692859283821917
2016-01-05,Bandit Meta-Strategy (UCB),-0.027379830423296933
2016-01-06,Bandit Meta-Strategy (UCB),-0.02933169529120988
2016-01-07,Bandit Meta-Strategy (UCB),-0.04445238371074891
2016-01-08,Bandit Meta-Strategy (UCB),-0.05887348912127315
2016-01-11,Bandit Meta-Strategy (UCB),-0.052987130488708796
2016-01-12,Bandit Meta-Strategy (UCB),-0.04660571848695721
2016-01-13,Bandit Meta-Strategy (UCB),-0.07447353884435538
2016-01-14,Bandit Meta-Strategy (UCB),-0.06102358161647157
2016-01-15,Bandit Meta-Strategy (UCB),-0.08226445762013686
2016-01-19,Bandit Meta-Strategy (UCB),-0.07802692587804703
2016-01-20,Bandit Meta-Strategy (UCB),-0.09262726446941087
2016-01-21,Bandit Meta-Strategy (UCB),-0.08901130584255218
2016-01-22,Bandit Meta-Strategy (UCB),-0.07266026541136404
2016-01-25,Bandit Meta-Strategy (UCB),-0.08126021591712766
2016-01-26,Bandit Meta-Strategy (UCB),-0.07167677779422063
2016-01-27,Bandit Meta-Strategy (UCB),-0.08557727797101672
2016-01-28,Bandit Meta-Strategy (UCB),-0.07243282315128924
2016-01-29,Bandit Meta-Strategy (UCB),-0.05328385431801732
2016-02-01,Bandit Meta-Strategy (UCB),-0.051110613439522556
2016-02-02,Bandit Meta-Strategy (UCB),-0.06881518484691336
2016-02-03,Bandit Meta-Strategy (UCB),-0.0711403464156273
2016-02-04,Bandit Meta-Strategy (UCB),-0.07382759599391295
2016-02-05,Bandit Meta-Strategy (UCB),-0.09447261598923312
2016-02-08,Bandit Meta-Strategy (UCB),-0.1051831395068433
2016-02-09,Bandit Meta-Strategy (UCB),-0.1040640356248954
2016-02-10,Bandit Meta-Strategy (UCB),-0.10461175025462505
2016-02-11,Bandit Meta-Strategy (UCB),-0.1105995741864737
2016-02-12,Bandit Meta-Strategy (UCB),-0.09660470260674973
2016-02-16,Bandit Meta-Strategy (UCB),-0.08578040602553193
2016-02-17,Bandit Meta-Strategy (UCB),-0.07046183341869848
2016-02-18,Bandit Meta-Strategy (UCB),-0.07849047769984234
2016-02-19,Bandit Meta-Strategy (UCB),-0.0758522322140138
2016-02-22,Bandit Meta-Strategy (UCB),-0.06028076239521397
2016-02-23,Bandit Meta-Strategy (UCB),-0.06698184984659508
2016-02-24,Bandit Meta-Strategy (UCB),-0.06080575015782205
2016-02-25,Bandit Meta-Strategy (UCB),-0.04830681250970556
2016-02-26,Bandit Meta-Strategy (UCB),-0.05535786576554214
2016-02-29,Bandit Meta-Strategy (UCB),-0.06350649041793072
2016-03-01,Bandit Meta-Strategy (UCB),-0.043887064318636315
2016-03-02,Bandit Meta-Strategy (UCB),-0.04176083757217502
2016-03-03,Bandit Meta-Strategy (UCB),-0.04056285793690104
2016-03-04,Bandit Meta-Strategy (UCB),-0.03651550053882726
2016-03-07,Bandit Meta-Strategy (UCB),-0.03903884272340097
2016-03-08,Bandit Meta-Strategy (UCB),-0.044741171532336706
2016-03-09,Bandit Meta-Strategy (UCB),-0.040684246245985586
2016-03-10,Bandit Meta-Strategy (UCB),-0.043164140341400814
2016-03-11,Bandit Meta-Strategy (UCB),-0.034122230149459455
2016-03-14,Bandit Meta-Strategy (UCB),-0.0320326177593713
2016-03-15,Bandit Meta-Strategy (UCB),-0.029263697254817145
2016-03-16,Bandit Meta-Strategy (UCB),-0.026388700593853925
2016-03-17,Bandit Meta-Strategy (UCB),-0.023337153454083492
2016-03-18,Bandit Meta-Strategy (UCB),-0.019252801214500462
2016-03-21,Bandit Meta-Strategy (UCB),-0.014172865421252914
2016-03-22,Bandit Meta-Strategy (UCB),-0.015873396699035355
2016-03-23,Bandit Meta-Strategy (UCB),-0.01865247785361364
2016-03-24,Bandit Meta-Strategy (UCB),-0.01613568491832392
2016-03-28,Bandit Meta-Strategy (UCB),-0.013909576722228376
2016-03-29,Bandit Meta-Strategy (UCB),-0.004817770837588746
2016-03-30,Bandit Meta-Strategy (UCB),-0.0015802142118772789
2016-03-31,Bandit Meta-Strategy (UCB),-0.001833925490866407
2016-04-01,Bandit Meta-Strategy (UCB),0.0
2016-04-04,Bandit Meta-Strategy (UCB),0.0
2016-04-05,Bandit Meta-Strategy (UCB),-0.002181755889779424
2016-04-06,Bandit Meta-Strategy (UCB),0.0
2016-04-07,Bandit Meta-Strategy (UCB),-0.010461045752517455
2016-04-08,Bandit Meta-Strategy (UCB),-0.010766586964829903
2016-04-11,Bandit Meta-Strategy (UCB),-0.016235904564191075
2016-04-12,Bandit Meta-Strategy (UCB),-0.005753995347857996
2016-04-13,Bandit Meta-Strategy (UCB),0.0
2016-04-14,Bandit Meta-Strategy (UCB),0.0
2016-04-15,Bandit Meta-Strategy (UCB),0.0
2016-04-18,Bandit Meta-Strategy (UCB),0.0
2016-04-19,Bandit Meta-Strategy (UCB),-0.006265084070149195
2016-04-20,Bandit Meta-Strategy (UCB),-0.008399254942251815
2016-04-21,Bandit Meta-Strategy (UCB),-0.014046529792068895
2016-04-22,Bandit Meta-Strategy (UCB),-0.013571264834590839
2016-04-25,Bandit Meta-Strategy (UCB),-0.01302122019487294
2016-04-26,Bandit Meta-Strategy (UCB),-0.017390202192138892
2016-04-27,Bandit Meta-Strategy (UCB),-0.01761557010713721
2016-04-28,Bandit Meta-Strategy (UCB),-0.024648816470035976
2016-04-29,Bandit Meta-Strategy (UCB),-0.028527613529440627
2016-05-02,Bandit Meta-Strategy (UCB),-0.018192615272632287
2016-05-03,Bandit Meta-Strategy (UCB),-0.023663761036669527
2016-05-04,Bandit Meta-Strategy (UCB),-0.027588615404604604
2016-05-05,Bandit Meta-Strategy (UCB),-0.029027591595058085
2016-05-06,Bandit Meta-Strategy (UCB),-0.021027085895070737
2016-05-09,Bandit Meta-Strategy (UCB),-0.01914994494029255
2016-05-10,Bandit Meta-Strategy (UCB),-0.009596505503445159
2016-05-11,Bandit Meta-Strategy (UCB),-0.023492001799724094
2016-05-12,Bandit Meta-Strategy (UCB),-0.023138507673132448
2016-05-13,Bandit Meta-Strategy (UCB),-0.024347088256581287
2016-05-16,Bandit Meta-Strategy (UCB),-0.014330638371029046
2016-05-17,Bandit Meta-Strategy (UCB),-0.02435384228890404
2016-05-18,Bandit Meta-Strategy (UCB),-0.023476967631383128
2016-05-19,Bandit Meta-Strategy (UCB),-0.011269724131135523
2016-05-20,Bandit Meta-Strategy (UCB),-0.004902849207395361
2016-05-23,Bandit Meta-Strategy (UCB),-0.006464019160680318
2016-05-24,Bandit Meta-Strategy (UCB),0.0
2016-05-25,Bandit Meta-Strategy (UCB),0.0
2016-05-26,Bandit Meta-Strategy (UCB),0.0
2016-05-27,Bandit Meta-Strategy (UCB),0.0
2016-05-31,Bandit Meta-Strategy (UCB),-0.0013057292919046322
2016-06-01,Bandit Meta-Strategy (UCB),-0.0019082240964700902
2016-06-02,Bandit Meta-Strategy (UCB),0.0
2016-06-03,Bandit Meta-Strategy (UCB),-0.003868984473787704
2016-06-06,Bandit Meta-Strategy (UCB),0.0
2016-06-07,Bandit Meta-Strategy (UCB),0.0
2016-06-08,Bandit Meta-Strategy (UCB),0.0
2016-06-09,Bandit Meta-Strategy (UCB),0.0
2016-06-10,Bandit Meta-Strategy (UCB),-0.00819964434460585
2016-06-13,Bandit Meta-Strategy (UCB),-0.015509051393078298
2016-06-14,Bandit Meta-Strategy (UCB),-0.014325882694831706
2016-06-15,Bandit Meta-Strategy (UCB),-0.014967477520128404
2016-06-16,Bandit Meta-Strategy (UCB),-0.01100849474721361
2016-06-17,Bandit Meta-Strategy (UCB),-0.020487611205320593
2016-06-20,Bandit Meta-Strategy (UCB),-0.01522247982312412
2016-06-21,Bandit Meta-Strategy (UCB),-0.013524324641543968
2016-06-22,Bandit Meta-Strategy (UCB),-0.018933231259509166
2016-06-23,Bandit Meta-Strategy (UCB),-0.009295581393437474
2016-06-24,Bandit Meta-Strategy (UCB),-0.03579964232129968
2016-06-27,Bandit Meta-Strategy (UCB),-0.045926149770594824
2016-06-28,Bandit Meta-Strategy (UCB),-0.030280975056270195
2016-06-29,Bandit Meta-Strategy (UCB),-0.015061048680898659
2016-06-30,Bandit Meta-Strategy (UCB),-0.01533443810519093
2016-07-01,Bandit Meta-Strategy (UCB),-0.010871711815667312
2016-07-05,Bandit Meta-Strategy (UCB),-0.008914032359092973
2016-07-06,Bandit Meta-Strategy (UCB),-0.007306849683979234
2016-07-07,Bandit Meta-Strategy (UCB),-0.0064604876643834875
2016-07-08,Bandit Meta-Strategy (UCB),0.0
2016-07-11,Bandit Meta-Strategy (UCB),0.0
2016-07-12,Bandit Meta-Strategy (UCB),0.0
2016-07-13,Bandit Meta-Strategy (UCB),0.0
2016-07-14,Bandit Meta-Strategy (UCB),0.0
2016-07-15,Bandit Meta-Strategy (UCB),-0.0018149242899865334
2016-07-18,Bandit Meta-Strategy (UCB),0.0
2016-07-19,Bandit Meta-Strategy (UCB),-0.004573621209083705
2016-07-20,Bandit Meta-Strategy (UCB),-0.0005405527089527108
2016-07-21,Bandit Meta-Strategy (UCB),-0.0063103285470895425
2016-07-22,Bandit Meta-Strategy (UCB),-0.001211186375574147
2016-07-25,Bandit Meta-Strategy (UCB),-0.0003964236827640991
2016-07-26,Bandit Meta-Strategy (UCB),0.0
2016-07-27,Bandit Meta-Strategy (UCB),-0.0037435724019264987
2016-07-28,Bandit Meta-Strategy (UCB),-0.0013025203186475443
2016-07-29,Bandit Meta-Strategy (UCB),0.0
2016-08-01,Bandit Meta-Strategy (UCB),0.0
2016-08-02,Bandit Meta-Strategy (UCB),-0.006371133585286236
2016-08-03,Bandit Meta-Strategy (UCB),-0.009398116723824361
2016-08-04,Bandit Meta-Strategy (UCB),-0.006576589393600867
2016-08-05,Bandit Meta-Strategy (UCB),0.0
2016-08-08,Bandit Meta-Strategy (UCB),-0.0028244520668594944
2016-08-09,Bandit Meta-Strategy (UCB),-0.0016550892361270073
2016-08-10,Bandit Meta-Strategy (UCB),-0.004393807366884069
2016-08-11,Bandit Meta-Strategy (UCB),0.0
2016-08-12,Bandit Meta-Strategy (UCB),0.0
2016-08-15,Bandit Meta-Strategy (UCB),-0.0009267392568990423
2016-08-16,Bandit Meta-Strategy (UCB),-0.007313409388618291
2016-08-17,Bandit Meta-Strategy (UCB),-0.005233204953791602
2016-08-18,Bandit Meta-Strategy (UCB),-0.002401347635800578
2016-08-19,Bandit Meta-Strategy (UCB),-0.007112067522181834
2016-08-22,Bandit Meta-Strategy (UCB),-0.00920653600812296
2016-08-23,Bandit Meta-Strategy (UCB),-0.006658769938292243
2016-08-24,Bandit Meta-Strategy (UCB),-0.010792752624196216
2016-08-25,Bandit Meta-Strategy (UCB),-0.011992000987534796
2016-08-26,Bandit Meta-Strategy (UCB),-0.010495215866023902
2016-08-29,Bandit Meta-Strategy (UCB),-0.006766279635971851
2016-08-30,Bandit Meta-Strategy (UCB),-0.009794604663708064
2016-08-31,Bandit Meta-Strategy (UCB),-0.010790572698783835
2016-09-01,Bandit Meta-Strategy (UCB),-0.007757201754477654
2016-09-02,Bandit Meta-Strategy (UCB),-0.006630424520699531
2016-09-06,Bandit Meta-Strategy (UCB),0.0
2016-09-07,Bandit Meta-Strategy (UCB),-0.003949686633117031
2016-09-08,Bandit Meta-Strategy (UCB),-0.004649445862416751
2016-09-09,Bandit Meta-Strategy (UCB),-0.027471613198650772
2016-09-12,Bandit Meta-Strategy (UCB),-0.011241644381107899
2016-09-13,Bandit Meta-Strategy (UCB),-0.02530055562771384
2016-09-14,Bandit Meta-Strategy (UCB),-0.02454875605062282
2016-09-15,Bandit Meta-Strategy (UCB),-0.013876769495710985
2016-09-16,Bandit Meta-Strategy (UCB),-0.01396914946494936
2016-09-19,Bandit Meta-Strategy (UCB),-0.01619286833752138
2016-09-20,Bandit Meta-Strategy (UCB),-0.015655285908423012
2016-09-21,Bandit Meta-Strategy (UCB),-0.010130994585490279
2016-09-22,Bandit Meta-Strategy (UCB),-0.004932249336551646
2016-09-23,Bandit Meta-Strategy (UCB),-0.008130456798028587
2016-09-26,Bandit Meta-Strategy (UCB),-0.018968397150442642
2016-09-27,Bandit Meta-Strategy (UCB),-0.007444571903019675
2016-09-28,Bandit Meta-Strategy (UCB),-0.003432336822029591
2016-09-29,Bandit Meta-Strategy (UCB),-0.013268952556452428
2016-09-30,Bandit Meta-Strategy (UCB),-0.0005796928343326112
2016-10-03,Bandit Meta-Strategy (UCB),0.0
2016-10-04,Bandit Meta-Strategy (UCB),-0.001948645539995087
2016-10-05,Bandit Meta-Strategy (UCB),0.0
2016-10-06,Bandit Meta-Strategy (UCB),-0.005816326358582986
2016-10-07,Bandit Meta-Strategy (UCB),-0.00861052312560863
2016-10-10,Bandit Meta-Strategy (UCB),-0.0062741430158350505
2016-10-11,Bandit Meta-Strategy (UCB),-0.017656853910473388
2016-10-12,Bandit Meta-Strategy (UCB),-0.01700406179217853
2016-10-13,Bandit Meta-Strategy (UCB),-0.020379360216088133
2016-10-14,Bandit Meta-Strategy (UCB),-0.01917320010710844
2016-10-17,Bandit Meta-Strategy (UCB),-0.022081002320780637
2016-10-18,Bandit Meta-Strategy (UCB),-0.007139645237565069
2016-10-19,Bandit Meta-Strategy (UCB),-0.004509788968778577
2016-10-20,Bandit Meta-Strategy (UCB),-0.0037313507515782493
2016-10-21,Bandit Meta-Strategy (UCB),-0.002345700132666956
2016-10-24,Bandit Meta-Strategy (UCB),0.0
2016-10-25,Bandit Meta-Strategy (UCB),0.0
2016-10-26,Bandit Meta-Strategy (UCB),0.0
2016-10-27,Bandit Meta-Strategy (UCB),-0.002435073788718798
2016-10-28,Bandit Meta-Strategy (UCB),-0.005804381307407184
2016-10-31,Bandit Meta-Strategy (UCB),-0.007670686760648937
2016-11-01,Bandit Meta-Strategy (UCB),-0.018409900217663998
2016-11-02,Bandit Meta-Strategy (UCB),-0.024783482800375994
2016-11-03,Bandit Meta-Strategy (UCB),-0.029668179879880883
2016-11-04,Bandit Meta-Strategy (UCB),-0.03300613860993673
2016-11-07,Bandit Meta-Strategy (UCB),-0.011360046541655311
2016-11-08,Bandit Meta-Strategy (UCB),-0.009439426218711558
2016-11-09,Bandit Meta-Strategy (UCB),-0.000998203002449501
2016-11-10,Bandit Meta-Strategy (UCB),-0.010799065554028316
2016-11-11,Bandit Meta-Strategy (UCB),0.0
2016-11-14,Bandit Meta-Strategy (UCB),-0.013296788602739074
2016-11-15,Bandit Meta-Strategy (UCB),-0.0038555635129155887
2016-11-16,Bandit Meta-Strategy (UCB),0.0
2016-11-17,Bandit Meta-Strategy (UCB),0.0
2016-11-18,Bandit Meta-Strategy (UCB),-0.003954545370439527
2016-11-21,Bandit Meta-Strategy (UCB),0.0
2016-11-22,Bandit Meta-Strategy (UCB),0.0
2016-11-23,Bandit Meta-Strategy (UCB),0.0
2016-11-25,Bandit Meta-Strategy (UCB),0.0
2016-11-28,Bandit Meta-Strategy (UCB),-0.004999352830182691
2016-11-29,Bandit Meta-Strategy (UCB),-0.007090817470484212
2016-11-30,Bandit Meta-Strategy (UCB),-0.007405072325031404
2016-12-01,Bandit Meta-Strategy (UCB),-0.017247568579727823
2016-12-02,Bandit Meta-Strategy (UCB),-0.013076164328045868
2016-12-05,Bandit Meta-Strategy (UCB),-0.006034833752560637
2016-12-06,Bandit Meta-Strategy (UCB),-0.0022972981665721924
2016-12-07,Bandit Meta-Strategy (UCB),0.0
2016-12-08,Bandit Meta-Strategy (UCB),-0.0031645092046875987
2016-12-09,Bandit Meta-Strategy (UCB),0.0
2016-12-12,Bandit Meta-Strategy (UCB),0.0
2016-12-13,Bandit Meta-Strategy (UCB),0.0
2016-12-14,Bandit Meta-Strategy (UCB),-0.001654521560380555
2016-12-15,Bandit Meta-Strategy (UCB),0.0
2016-12-16,Bandit Meta-Strategy (UCB),0.0
2016-12-19,Bandit Meta-Strategy (UCB),0.0
2016-12-20,Bandit Meta-Strategy (UCB),0.0
2016-12-21,Bandit Meta-Strategy (UCB),-0.0027860553765369964
2016-12-22,Bandit Meta-Strategy (UCB),-0.005485053477603059
2016-12-23,Bandit Meta-Strategy (UCB),-0.0016398606102647354
2016-12-27,Bandit Meta-Strategy (UCB),0.0
2016-12-28,Bandit Meta-Strategy (UCB),-0.011104955278771507
2016-12-29,Bandit Meta-Strategy (UCB),-0.010102648388858878
2016-12-30,Bandit Meta-Strategy (UCB),-0.01708384228064554
2017-01-03,Bandit Meta-Strategy (UCB),-0.011656977902973098
2017-01-04,Bandit Meta-Strategy (UCB),-0.005024999112784732
2017-01-05,Bandit Meta-Strategy (UCB),-0.0023344647181366127
2017-01-06,Bandit Meta-Strategy (UCB),-0.0007043638672970257
2017-01-09,Bandit Meta-Strategy (UCB),0.0
2017-01-10,Bandit Meta-Strategy (UCB),-0.0038030271673690206
2017-01-11,Bandit Meta-Strategy (UCB),-0.004884182137409579
2017-01-12,Bandit Meta-Strategy (UCB),-0.009379071141335158
2017-01-13,Bandit Meta-Strategy (UCB),-0.007008471967880832
2017-01-17,Bandit Meta-Strategy (UCB),-0.007890576029379467
2017-01-18,Bandit Meta-Strategy (UCB),-0.006433081613851053
2017-01-19,Bandit Meta-Strategy (UCB),-0.006722925335491037
2017-01-20,Bandit Meta-Strategy (UCB),-0.003917469040392188
2017-01-23,Bandit Meta-Strategy (UCB),-0.003851503118471899
2017-01-24,Bandit Meta-Strategy (UCB),0.0
2017-01-25,Bandit Meta-Strategy (UCB),0.0
2017-01-26,Bandit Meta-Strategy (UCB),-0.0012829321285235356
2017-01-27,Bandit Meta-Strategy (UCB),0.0
2017-01-30,Bandit Meta-Strategy (UCB),-0.0037030971600445044
2017-01-31,Bandit Meta-Strategy (UCB),-0.004186764111902637
2017-02-01,Bandit Meta-Strategy (UCB),-0.003944485365374495
2017-02-02,Bandit Meta-Strategy (UCB),-0.001216793103197893
2017-02-03,Bandit Meta-Strategy (UCB),0.0
2017-02-06,Bandit Meta-Strategy (UCB),0.0
2017-02-07,Bandit Meta-Strategy (UCB),0.0
2017-02-08,Bandit Meta-Strategy (UCB),0.0
2017-02-09,Bandit Meta-Strategy (UCB),0.0
2017-02-10,Bandit Meta-Strategy (UCB),-0.004099312957357643
2017-02-13,Bandit Meta-Strategy (UCB),-0.0019305548049281258
2017-02-14,Bandit Meta-Strategy (UCB),0.0
2017-02-15,Bandit Meta-Strategy (UCB),0.0
2017-02-16,Bandit Meta-Strategy (UCB),0.0
2017-02-17,Bandit Meta-Strategy (UCB),0.0
2017-02-21,Bandit Meta-Strategy (UCB),0.0
2017-02-22,Bandit Meta-Strategy (UCB),0.0
2017-02-23,Bandit Meta-Strategy (UCB),0.0
2017-02-24,Bandit Meta-Strategy (UCB),0.0
2017-02-27,Bandit Meta-Strategy (UCB),-0.0014004710282253976
2017-02-28,Bandit Meta-Strategy (UCB),-0.002172252670206208
2017-03-01,Bandit Meta-Strategy (UCB),0.0
2017-03-02,Bandit Meta-Strategy (UCB),-0.005207631387942162
2017-03-03,Bandit Meta-Strategy (UCB),-0.0051685276864670265
2017-03-06,Bandit Meta-Strategy (UCB),-0.007264044864173496
2017-03-07,Bandit Meta-Strategy (UCB),-0.008641164695005756
2017-03-08,Bandit Meta-Strategy (UCB),-0.009645089029094531
2017-03-09,Bandit Meta-Strategy (UCB),-0.006948192475139301
2017-03-10,Bandit Meta-Strategy (UCB),-0.004682462703505635
2017-03-13,Bandit Meta-Strategy (UCB),-0.0013769551534599687
2017-03-14,Bandit Meta-Strategy (UCB),0.0
2017-03-15,Bandit Meta-Strategy (UCB),0.0
2017-03-16,Bandit Meta-Strategy (UCB),0.0
2017-03-17,Bandit Meta-Strategy (UCB),-0.001305420597696895
2017-03-20,Bandit Meta-Strategy (UCB),0.0
2017-03-21,Bandit Meta-Strategy (UCB),-0.013458373367053812
2017-03-22,Bandit Meta-Strategy (UCB),-0.009817652672398739
2017-03-23,Bandit Meta-Strategy (UCB),-0.01210078742140439
2017-03-24,Bandit Meta-Strategy (UCB),-0.01210320164738211
2017-03-27,Bandit Meta-Strategy (UCB),-0.009119952061239339
2017-03-28,Bandit Meta-Strategy (UCB),-0.0025231788533070475
2017-03-29,Bandit Meta-Strategy (UCB),-0.0012910370907802393
2017-03-30,Bandit Meta-Strategy (UCB),0.0
2017-03-31,Bandit Meta-Strategy (UCB),-0.002530054033733203
2017-04-03,Bandit Meta-Strategy (UCB),0.0
2017-04-04,Bandit Meta-Strategy (UCB),-0.002354496547591202
2017-04-05,Bandit Meta-Strategy (UCB),-0.006404538190834349
2017-04-06,Bandit Meta-Strategy (UCB),-0.005580140220086216
2017-04-07,Bandit Meta-Strategy (UCB),-0.005594029596702132
2017-04-10,Bandit Meta-Strategy (UCB),-0.004704041852133612
2017-04-11,Bandit Meta-Strategy (UCB),-0.006096919222192975
2017-04-12,Bandit Meta-Strategy (UCB),-0.008516559013297169
2017-04-13,Bandit Meta-Strategy (UCB),-0.01291759053046171
2017-04-17,Bandit Meta-Strategy (UCB),-0.002935723827956862
2017-04-18,Bandit Meta-Strategy (UCB),-0.007081430232334479
2017-04-19,Bandit Meta-Strategy (UCB),-0.00979052942528936
2017-04-20,Bandit Meta-Strategy (UCB),-0.003003802424588331
2017-04-21,Bandit Meta-Strategy (UCB),-0.003391360963400757
2017-04-24,Bandit Meta-Strategy (UCB),0.0
2017-04-25,Bandit Meta-Strategy (UCB),0.0
2017-04-26,Bandit Meta-Strategy (UCB),-0.0019541120810275996
2017-04-27,Bandit Meta-Strategy (UCB),0.0
2017-04-28,Bandit Meta-Strategy (UCB),-0.0007662709570494795
2017-05-01,Bandit Meta-Strategy (UCB),0.0
2017-05-02,Bandit Meta-Strategy (UCB),-0.0017669460613958807
2017-05-03,Bandit Meta-Strategy (UCB),-0.005457607409392513
2017-05-04,Bandit Meta-Strategy (UCB),-0.005233730314334096
2017-05-05,Bandit Meta-Strategy (UCB),-0.0034230089860170804
2017-05-08,Bandit Meta-Strategy (UCB),-0.0021387497791067176
2017-05-09,Bandit Meta-Strategy (UCB),-0.0018364021801778817
2017-05-10,Bandit Meta-Strategy (UCB),0.0
2017-05-11,Bandit Meta-Strategy (UCB),0.0
2017-05-12,Bandit Meta-Strategy (UCB),0.0
2017-05-15,Bandit Meta-Strategy (UCB),0.0
2017-05-16,Bandit Meta-Strategy (UCB),-8.960854354610377e-05
2017-05-17,Bandit Meta-Strategy (UCB),-0.013981871974579346
2017-05-18,Bandit Meta-Strategy (UCB),-0.009249183522804722
2017-05-19,Bandit Meta-Strategy (UCB),-0.004164071859235787
2017-05-22,Bandit Meta-Strategy (UCB),-0.0011455916788635874
2017-05-23,Bandit Meta-Strategy (UCB),-0.0011773856681297182
2017-05-24,Bandit Meta-Strategy (UCB),0.0
2017-05-25,Bandit Meta-Strategy (UCB),0.0
2017-05-26,Bandit Meta-Strategy (UCB),0.0
2017-05-30,Bandit Meta-Strategy (UCB),0.0
2017-05-31,Bandit Meta-Strategy (UCB),-0.0007679437884488122
2017-06-01,Bandit Meta-Strategy (UCB),0.0
2017-06-02,Bandit Meta-Strategy (UCB),0.0
2017-06-05,Bandit Meta-Strategy (UCB),0.0
2017-06-06,Bandit Meta-Strategy (UCB),-0.0016343065382321848
2017-06-07,Bandit Meta-Strategy (UCB),0.0
2017-06-08,Bandit Meta-Strategy (UCB),0.0
2017-06-09,Bandit Meta-Strategy (UCB),-0.003360318900576053
2017-06-12,Bandit Meta-Strategy (UCB),-0.005481906573454465
2017-06-13,Bandit Meta-Strategy (UCB),0.0
2017-06-14,Bandit Meta-Strategy (UCB),0.0
2017-06-15,Bandit Meta-Strategy (UCB),-0.0024848896462130103
2017-06-16,Bandit Meta-Strategy (UCB),-0.004458155753666996
2017-06-19,Bandit Meta-Strategy (UCB),0.0
2017-06-20,Bandit Meta-Strategy (UCB),-0.00396957252721199
2017-06-21,Bandit Meta-Strategy (UCB),-0.001473607880315791
2017-06-22,Bandit Meta-Strategy (UCB),-0.0032252706371116457
2017-06-23,Bandit Meta-Strategy (UCB),-0.0028560003768821184
2017-06-26,Bandit Meta-Strategy (UCB),-0.004285849619500922
2017-06-27,Bandit Meta-Strategy (UCB),-0.01262670737126924
2017-06-28,Bandit Meta-Strategy (UCB),-0.0023729374568090215
2017-06-29,Bandit Meta-Strategy (UCB),-0.012583951313905651
2017-06-30,Bandit Meta-Strategy (UCB),-0.013007554552819297
2017-07-03,Bandit Meta-Strategy (UCB),-0.011492296794344815
2017-07-05,Bandit Meta-Strategy (UCB),-0.01390357287088511
2017-07-06,Bandit Meta-Strategy (UCB),-0.023516153802896272
2017-07-07,Bandit Meta-Strategy (UCB),-0.019357087170859457
2017-07-10,Bandit Meta-Strategy (UCB),-0.019901805041364056
2017-07-11,Bandit Meta-Strategy (UCB),-0.01832387456394458
2017-07-12,Bandit Meta-Strategy (UCB),-0.011274922010861168
2017-07-13,Bandit Meta-Strategy (UCB),-0.010311718403828994
2017-07-14,Bandit Meta-Strategy (UCB),-0.003911283160755671
2017-07-17,Bandit Meta-Strategy (UCB),-0.0053833121374359345
2017-07-18,Bandit Meta-Strategy (UCB),0.0
2017-07-19,Bandit Meta-Strategy (UCB),0.0
2017-07-20,Bandit Meta-Strategy (UCB),0.0
2017-07-21,Bandit Meta-Strategy (UCB),-0.0014594511713109588
2017-07-24,Bandit Meta-Strategy (UCB),-0.0028510819113044114
2017-07-25,Bandit Meta-Strategy (UCB),0.0
2017-07-26,Bandit Meta-Strategy (UCB),0.0
2017-07-27,Bandit Meta-Strategy (UCB),0.0
2017-07-28,Bandit Meta-Strategy (UCB),-0.0003977821397570228
2017-07-31,Bandit Meta-Strategy (UCB),-0.000891310667736589
2017-08-01,Bandit Meta-Strategy (UCB),0.0
2017-08-02,Bandit Meta-Strategy (UCB),0.0
2017-08-03,Bandit Meta-Strategy (UCB),0.0
2017-08-04,Bandit Meta-Strategy (UCB),0.0
2017-08-07,Bandit Meta-Strategy (UCB),0.0
2017-08-08,Bandit Meta-Strategy (UCB),0.0
2017-08-09,Bandit Meta-Strategy (UCB),-0.0012387477168880302
2017-08-10,Bandit Meta-Strategy (UCB),-0.016122462831596306
2017-08-11,Bandit Meta-Strategy (UCB),-0.018066372552569352
2017-08-14,Bandit Meta-Strategy (UCB),-0.008333412935343553
2017-08-15,Bandit Meta-Strategy (UCB),-0.009284248114306465
2017-08-16,Bandit Meta-Strategy (UCB),-0.008909554956258978
2017-08-17,Bandit Meta-Strategy (UCB),-0.02412706842655742
2017-08-18,Bandit Meta-Strategy (UCB),-0.026941854963874627
2017-08-21,Bandit Meta-Strategy (UCB),-0.02837824456372989
2017-08-22,Bandit Meta-Strategy (UCB),-0.01857453376344162
2017-08-23,Bandit Meta-Strategy (UCB),-0.018897901805093677
2017-08-24,Bandit Meta-Strategy (UCB),-0.02196335582427849
2017-08-25,Bandit Meta-Strategy (UCB),-0.022551663778076193
2017-08-28,Bandit Meta-Strategy (UCB),-0.022106666608333377
2017-08-29,Bandit Meta-Strategy (UCB),-0.020758215785871715
2017-08-30,Bandit Meta-Strategy (UCB),-0.017608897634419578
2017-08-31,Bandit Meta-Strategy (UCB),-0.013625519421669336
2017-09-01,Bandit Meta-Strategy (UCB),-0.012079697464685403
2017-09-05,Bandit Meta-Strategy (UCB),-0.01763005039837745
2017-09-06,Bandit Meta-Strategy (UCB),-0.012758642158983001
2017-09-07,Bandit Meta-Strategy (UCB),-0.01191103330368433
2017-09-08,Bandit Meta-Strategy (UCB),-0.017765174791558286
2017-09-11,Bandit Meta-Strategy (UCB),-0.0036146619411410773
2017-09-12,Bandit Meta-Strategy (UCB),0.0
2017-09-13,Bandit Meta-Strategy (UCB),0.0
2017-09-14,Bandit Meta-Strategy (UCB),0.0
2017-09-15,Bandit Meta-Strategy (UCB),0.0
2017-09-18,Bandit Meta-Strategy (UCB),0.0
2017-09-19,Bandit Meta-Strategy (UCB),0.0
2017-09-20,Bandit Meta-Strategy (UCB),0.0
2017-09-21,Bandit Meta-Strategy (UCB),-0.006691290808694192
2017-09-22,Bandit Meta-Strategy (UCB),-0.012296693317265501
2017-09-25,Bandit Meta-Strategy (UCB),-0.02007771208792958
2017-09-26,Bandit Meta-Strategy (UCB),-0.019996069216971984
2017-09-27,Bandit Meta-Strategy (UCB),-0.01693977498440933
2017-09-28,Bandit Meta-Strategy (UCB),-0.01596548316473013
2017-09-29,Bandit Meta-Strategy (UCB),-0.013099655031403066
2017-10-02,Bandit Meta-Strategy (UCB),-0.01012723976363594
2017-10-03,Bandit Meta-Strategy (UCB),-0.003839615092890435
2017-10-04,Bandit Meta-Strategy (UCB),-0.001749816885823152
2017-10-05,Bandit Meta-Strategy (UCB),0.0
2017-10-06,Bandit Meta-Strategy (UCB),0.0
2017-10-09,Bandit Meta-Strategy (UCB),-0.0012562285054445186
2017-10-10,Bandit Meta-Strategy (UCB),0.0
2017-10-11,Bandit Meta-Strategy (UCB),0.0
2017-10-12,Bandit Meta-Strategy (UCB),-0.001465206575645405
2017-10-13,Bandit Meta-Strategy (UCB),0.0
2017-10-16,Bandit Meta-Strategy (UCB),0.0
2017-10-17,Bandit Meta-Strategy (UCB),0.0
2017-10-18,Bandit Meta-Strategy (UCB),-0.0006900916078075556
2017-10-19,Bandit Meta-Strategy (UCB),-0.002313964732801005
2017-10-20,Bandit Meta-Strategy (UCB),-0.0018937704668579337
2017-10-23,Bandit Meta-Strategy (UCB),-0.004268589401423473
2017-10-24,Bandit Meta-Strategy (UCB),-0.0019121385844589034
2017-10-25,Bandit Meta-Strategy (UCB),-0.006075035281542059
2017-10-26,Bandit Meta-Strategy (UCB),-0.00337425691847097
2017-10-27,Bandit Meta-Strategy (UCB),0.0
2017-10-30,Bandit Meta-Strategy (UCB),-0.003906166362831601
2017-10-31,Bandit Meta-Strategy (UCB),-0.0023568818512278607
2017-11-01,Bandit Meta-Strategy (UCB),-0.0007884107796457117
2017-11-02,Bandit Meta-Strategy (UCB),-0.004464467927285243
2017-11-03,Bandit Meta-Strategy (UCB),0.0
2017-11-06,Bandit Meta-Strategy (UCB),-0.0009221469549897831
2017-11-07,Bandit Meta-Strategy (UCB),-0.0007521555040525484
2017-11-08,Bandit Meta-Strategy (UCB),0.0
2017-11-09,Bandit Meta-Strategy (UCB),-0.0030986813415980834
2017-11-10,Bandit Meta-Strategy (UCB),-0.0003412526191297142
2017-11-13,Bandit Meta-Strategy (UCB),0.0
2017-11-14,Bandit Meta-Strategy (UCB),-0.001238916255863513
2017-11-15,Bandit Meta-Strategy (UCB),-0.006636239127451789
2017-11-16,Bandit Meta-Strategy (UCB),0.0
2017-11-17,Bandit Meta-Strategy (UCB),-0.006665103173668504
2017-11-20,Bandit Meta-Strategy (UCB),-0.005926478344335562
2017-11-21,Bandit Meta-Strategy (UCB),0.0
2017-11-22,Bandit Meta-Strategy (UCB),-0.002222281348962201
2017-11-24,Bandit Meta-Strategy (UCB),0.0
2017-11-27,Bandit Meta-Strategy (UCB),0.0
2017-11-28,Bandit Meta-Strategy (UCB),0.0
2017-11-29,Bandit Meta-Strategy (UCB),-0.007188872632174229
2017-11-30,Bandit Meta-Strategy (UCB),-0.007516345346293494
2017-12-01,Bandit Meta-Strategy (UCB),-0.00809484799057631
2017-12-04,Bandit Meta-Strategy (UCB),-0.007980781618670236
2017-12-05,Bandit Meta-Strategy (UCB),-0.010741555885315205
2017-12-06,Bandit Meta-Strategy (UCB),-0.009511298480151526
2017-12-07,Bandit Meta-Strategy (UCB),-0.010670002560174885
2017-12-08,Bandit Meta-Strategy (UCB),-0.008554312827652179
2017-12-11,Bandit Meta-Strategy (UCB),-0.0020897303924224003
2017-12-12,Bandit Meta-Strategy (UCB),0.0
2017-12-13,Bandit Meta-Strategy (UCB),0.0
2017-12-14,Bandit Meta-Strategy (UCB),0.0
2017-12-15,Bandit Meta-Strategy (UCB),0.0
2017-12-18,Bandit Meta-Strategy (UCB),0.0
2017-12-19,Bandit Meta-Strategy (UCB),-0.0025046219519654802
2017-12-20,Bandit Meta-Strategy (UCB),-0.005522236105374979
2017-12-21,Bandit Meta-Strategy (UCB),-0.005455951047461543
2017-12-22,Bandit Meta-Strategy (UCB),-0.007232991537364858
2017-12-26,Bandit Meta-Strategy (UCB),-0.00703003154954083
2017-12-27,Bandit Meta-Strategy (UCB),-0.007412456664688609
2017-12-28,Bandit Meta-Strategy (UCB),-0.005822232223840396
2017-12-29,Bandit Meta-Strategy (UCB),-0.010583045096885015
2018-01-02,Bandit Meta-Strategy (UCB),-0.0018662885539602698
2018-01-03,Bandit Meta-Strategy (UCB),0.0
2018-01-04,Bandit Meta-Strategy (UCB),0.0
2018-01-05,Bandit Meta-Strategy (UCB),0.0
2018-01-08,Bandit Meta-Strategy (UCB),0.0
2018-01-09,Bandit Meta-Strategy (UCB),-0.0001520675376962129
2018-01-10,Bandit Meta-Strategy (UCB),-0.001369794317290677
2018-01-11,Bandit Meta-Strategy (UCB),0.0
2018-01-12,Bandit Meta-Strategy (UCB),0.0
2018-01-16,Bandit Meta-Strategy (UCB),-0.0003346138116465185
2018-01-17,Bandit Meta-Strategy (UCB),0.0
2018-01-18,Bandit Meta-Strategy (UCB),-0.0012315984129250114
2018-01-19,Bandit Meta-Strategy (UCB),0.0
2018-01-22,Bandit Meta-Strategy (UCB),0.0
2018-01-23,Bandit Meta-Strategy (UCB),0.0
2018-01-24,Bandit Meta-Strategy (UCB),0.0
2018-01-25,Bandit Meta-Strategy (UCB),0.0
2018-01-26,Bandit Meta-Strategy (UCB),0.0
2018-01-29,Bandit Meta-Strategy (UCB),-0.003414548030547292
2018-01-30,Bandit Meta-Strategy (UCB),-0.014194936658298244
2018-01-31,Bandit Meta-Strategy (UCB),-0.016460226829139248
2018-02-01,Bandit Meta-Strategy (UCB),-0.016350453774164355
2018-02-02,Bandit Meta-Strategy (UCB),-0.03577006340182895
2018-02-05,Bandit Meta-Strategy (UCB),-0.08001568048818061
2018-02-06,Bandit Meta-Strategy (UCB),-0.0632007580772684
2018-02-07,Bandit Meta-Strategy (UCB),-0.06633509784848471
2018-02-08,Bandit Meta-Strategy (UCB),-0.10343182667459169
2018-02-09,Bandit Meta-Strategy (UCB),-0.09292686626961157
2018-02-12,Bandit Meta-Strategy (UCB),-0.08176671545025882
2018-02-13,Bandit Meta-Strategy (UCB),-0.07638744389589308
2018-02-14,Bandit Meta-Strategy (UCB),-0.06787101141577112
2018-02-15,Bandit Meta-Strategy (UCB),-0.05456057296870925
2018-02-16,Bandit Meta-Strategy (UCB),-0.05122864954715817
2018-02-20,Bandit Meta-Strategy (UCB),-0.0621357118261236
2018-02-21,Bandit Meta-Strategy (UCB),-0.07126020576344724
2018-02-22,Bandit Meta-Strategy (UCB),-0.0661057569739999
2018-02-23,Bandit Meta-Strategy (UCB),-0.051999202993435294
2018-02-26,Bandit Meta-Strategy (UCB),-0.04162738466761402
2018-02-27,Bandit Meta-Strategy (UCB),-0.054983037562716545
2018-02-28,Bandit Meta-Strategy (UCB),-0.05573637142278727
2018-03-01,Bandit Meta-Strategy (UCB),-0.06941581452866515
2018-03-02,Bandit Meta-Strategy (UCB),-0.06152904939872368
2018-03-05,Bandit Meta-Strategy (UCB),-0.05111905199629824
2018-03-06,Bandit Meta-Strategy (UCB),-0.04641254303724096
2018-03-07,Bandit Meta-Strategy (UCB),-0.0509633099653063
2018-03-08,Bandit Meta-Strategy (UCB),-0.04774172508421292
2018-03-09,Bandit Meta-Strategy (UCB),-0.03360932134362956
2018-03-12,Bandit Meta-Strategy (UCB),-0.03228649941484838
2018-03-13,Bandit Meta-Strategy (UCB),-0.03710714610477303
2018-03-14,Bandit Meta-Strategy (UCB),-0.04103987117339933
2018-03-15,Bandit Meta-Strategy (UCB),-0.041353904728774
2018-03-16,Bandit Meta-Strategy (UCB),-0.03863931724880838
2018-03-19,Bandit Meta-Strategy (UCB),-0.056705182082550376
2018-03-20,Bandit Meta-Strategy (UCB),-0.04605697994063475
2018-03-21,Bandit Meta-Strategy (UCB),-0.04771326695150743
2018-03-22,Bandit Meta-Strategy (UCB),-0.0673790743086341
2018-03-23,Bandit Meta-Strategy (UCB),-0.08908590347619542
2018-03-26,Bandit Meta-Strategy (UCB),-0.06114027317157009
2018-03-27,Bandit Meta-Strategy (UCB),-0.08824153945284223
2018-03-28,Bandit Meta-Strategy (UCB),-0.09776614038262813
2018-03-29,Bandit Meta-Strategy (UCB),-0.09845898089134882
2018-04-02,Bandit Meta-Strategy (UCB),-0.12321139772860532
2018-04-03,Bandit Meta-Strategy (UCB),-0.10877575361627244
2018-04-04,Bandit Meta-Strategy (UCB),-0.09639893166180805
2018-04-05,Bandit Meta-Strategy (UCB),-0.08803449917451982
2018-04-06,Bandit Meta-Strategy (UCB),-0.1037111087316448
2018-04-09,Bandit Meta-Strategy (UCB),-0.10429952066227519
2018-04-10,Bandit Meta-Strategy (UCB),-0.08979479181701247
2018-04-11,Bandit Meta-Strategy (UCB),-0.09279342703407367
2018-04-12,Bandit Meta-Strategy (UCB),-0.08914386203110743
2018-04-13,Bandit Meta-Strategy (UCB),-0.0873211271974299
2018-04-16,Bandit Meta-Strategy (UCB),-0.08447906954529279
2018-04-17,Bandit Meta-Strategy (UCB),-0.07368824279997496
2018-04-18,Bandit Meta-Strategy (UCB),-0.07368544949544038
2018-04-19,Bandit Meta-Strategy (UCB),-0.07865596097125063
2018-04-20,Bandit Meta-Strategy (UCB),-0.09030285187959494
2018-04-23,Bandit Meta-Strategy (UCB),-0.09379394290405228
2018-04-24,Bandit Meta-Strategy (UCB),-0.107715404457772
2018-04-25,Bandit Meta-Strategy (UCB),-0.11011004309546218
2018-04-26,Bandit Meta-Strategy (UCB),-0.09578076138495618
2018-04-27,Bandit Meta-Strategy (UCB),-0.0913622291172142
2018-04-30,Bandit Meta-Strategy (UCB),-0.09170086207680314
2018-05-01,Bandit Meta-Strategy (UCB),-0.09827753551130522
2018-05-02,Bandit Meta-Strategy (UCB),-0.10604896543117637
2018-05-03,Bandit Meta-Strategy (UCB),-0.10785045760611468
2018-05-04,Bandit Meta-Strategy (UCB),-0.09654206980492612
2018-05-07,Bandit Meta-Strategy (UCB),-0.0940072572224343
2018-05-08,Bandit Meta-Strategy (UCB),-0.0961566697296368
2018-05-09,Bandit Meta-Strategy (UCB),-0.08984826718068992
2018-05-10,Bandit Meta-Strategy (UCB),-0.0833961673346377
2018-05-11,Bandit Meta-Strategy (UCB),-0.082031631033976
2018-05-14,Bandit Meta-Strategy (UCB),-0.08133671269889127
2018-05-15,Bandit Meta-Strategy (UCB),-0.08846661607121663
2018-05-16,Bandit Meta-Strategy (UCB),-0.08524027783631284
2018-05-17,Bandit Meta-Strategy (UCB),-0.08349579928503865
2018-05-18,Bandit Meta-Strategy (UCB),-0.08829490508040838
2018-05-21,Bandit Meta-Strategy (UCB),-0.08195115383478754
2018-05-22,Bandit Meta-Strategy (UCB),-0.08524743820993627
2018-05-23,Bandit Meta-Strategy (UCB),-0.08019284483259333
2018-05-24,Bandit Meta-Strategy (UCB),-0.08365123392660186
2018-05-25,Bandit Meta-Strategy (UCB),-0.08341929264707969
2018-05-29,Bandit Meta-Strategy (UCB),-0.08599679706630976
2018-05-30,Bandit Meta-Strategy (UCB),-0.07467735728759173
2018-05-31,Bandit Meta-Strategy (UCB),-0.08208120772876071
2018-06-01,Bandit Meta-Strategy (UCB),-0.07433972726448283
2018-06-04,Bandit Meta-Strategy (UCB),-0.06565355721688797
2018-06-05,Bandit Meta-Strategy (UCB),-0.0669953212911126
2018-06-06,Bandit Meta-Strategy (UCB),-0.059145368601982884
2018-06-07,Bandit Meta-Strategy (UCB),-0.05636620731525292
2018-06-08,Bandit Meta-Strategy (UCB),-0.0495330420003805
2018-06-11,Bandit Meta-Strategy (UCB),-0.04865288886848893
2018-06-12,Bandit Meta-Strategy (UCB),-0.0465040622551101
2018-06-13,Bandit Meta-Strategy (UCB),-0.048366743542079926
2018-06-14,Bandit Meta-Strategy (UCB),-0.0478561591760775
2018-06-15,Bandit Meta-Strategy (UCB),-0.04323579782576474
2018-06-18,Bandit Meta-Strategy (UCB),-0.04920840203601914
2018-06-19,Bandit Meta-Strategy (UCB),-0.049104011810283135
2018-06-20,Bandit Meta-Strategy (UCB),-0.04732480444200371
2018-06-21,Bandit Meta-Strategy (UCB),-0.05148141261530945
2018-06-22,Bandit Meta-Strategy (UCB),-0.049610850284855575
2018-06-25,Bandit Meta-Strategy (UCB),-0.05702641216560443
2018-06-26,Bandit Meta-Strategy (UCB),-0.053160134729412944
2018-06-27,Bandit Meta-Strategy (UCB),-0.058980428242395654
2018-06-28,Bandit Meta-Strategy (UCB),-0.051013659077785586
2018-06-29,Bandit Meta-Strategy (UCB),-0.05170153471061787
2018-07-02,Bandit Meta-Strategy (UCB),-0.05062911439028794
2018-07-03,Bandit Meta-Strategy (UCB),-0.05593047995705462
2018-07-05,Bandit Meta-Strategy (UCB),-0.044113981857857865
2018-07-06,Bandit Meta-Strategy (UCB),-0.04011018035945631
2018-07-09,Bandit Meta-Strategy (UCB),-0.03786076923318494
2018-07-10,Bandit Meta-Strategy (UCB),-0.027690785198131902
2018-07-11,Bandit Meta-Strategy (UCB),-0.03201319249230772
2018-07-12,Bandit Meta-Strategy (UCB),-0.02768509447009645
2018-07-13,Bandit Meta-Strategy (UCB),-0.026035561522983846
2018-07-16,Bandit Meta-Strategy (UCB),-0.026057870778609358
2018-07-17,Bandit Meta-Strategy (UCB),-0.017759938846330592
2018-07-18,Bandit Meta-Strategy (UCB),-0.019717449777772247
2018-07-19,Bandit Meta-Strategy (UCB),-0.02677764099286075
2018-07-20,Bandit Meta-Strategy (UCB),-0.026978839050100994
2018-07-23,Bandit Meta-Strategy (UCB),-0.029892384655600193
2018-07-24,Bandit Meta-Strategy (UCB),-0.022432863680400657
2018-07-25,Bandit Meta-Strategy (UCB),-0.011536803859393556
2018-07-26,Bandit Meta-Strategy (UCB),-0.011992102185145398
2018-07-27,Bandit Meta-Strategy (UCB),-0.013569462435197003
2018-07-30,Bandit Meta-Strategy (UCB),-0.019172044112041382
2018-07-31,Bandit Meta-Strategy (UCB),-0.009373111626899376
2018-08-01,Bandit Meta-Strategy (UCB),-0.006798542494408055
2018-08-02,Bandit Meta-Strategy (UCB),0.0
2018-08-03,Bandit Meta-Strategy (UCB),0.0
2018-08-06,Bandit Meta-Strategy (UCB),0.0
2018-08-07,Bandit Meta-Strategy (UCB),0.0
2018-08-08,Bandit Meta-Strategy (UCB),-0.00015345903558385552
2018-08-09,Bandit Meta-Strategy (UCB),-0.004998872018559274
2018-08-10,Bandit Meta-Strategy (UCB),-0.00872371179842663
2018-08-13,Bandit Meta-Strategy (UCB),-0.011188503516639232
2018-08-14,Bandit Meta-Strategy (UCB),-0.009994597215588395
2018-08-15,Bandit Meta-Strategy (UCB),-0.010256104542800248
2018-08-16,Bandit Meta-Strategy (UCB),-0.0009318646343758721
2018-08-17,Bandit Meta-Strategy (UCB),-0.0006042944107189102
2018-08-20,Bandit Meta-Strategy (UCB),0.0
2018-08-21,Bandit Meta-Strategy (UCB),0.0
2018-08-22,Bandit Meta-Strategy (UCB),0.0
2018-08-23,Bandit Meta-Strategy (UCB),-0.0011368619534633372
2018-08-24,Bandit Meta-Strategy (UCB),0.0
2018-08-27,Bandit Meta-Strategy (UCB),0.0
2018-08-28,Bandit Meta-Strategy (UCB),-0.00130204352511799
2018-08-29,Bandit Meta-Strategy (UCB),0.0
2018-08-30,Bandit Meta-Strategy (UCB),-0.0017187621462096455
2018-08-31,Bandit Meta-Strategy (UCB),-0.0038256916152490127
2018-09-04,Bandit Meta-Strategy (UCB),-0.004599493950984398
2018-09-05,Bandit Meta-Strategy (UCB),-0.00399314339386065
2018-09-06,Bandit Meta-Strategy (UCB),-0.007358518876438408
2018-09-07,Bandit Meta-Strategy (UCB),-0.009108924156817121
2018-09-10,Bandit Meta-Strategy (UCB),-0.005477774503123745
2018-09-11,Bandit Meta-Strategy (UCB),-0.001377936062074493
2018-09-12,Bandit Meta-Strategy (UCB),0.0
2018-09-13,Bandit Meta-Strategy (UCB),0.0
2018-09-14,Bandit Meta-Strategy (UCB),0.0
2018-09-17,Bandit Meta-Strategy (UCB),-0.00219938944107091
2018-09-18,Bandit Meta-Strategy (UCB),0.0
2018-09-19,Bandit Meta-Strategy (UCB),0.0
2018-09-20,Bandit Meta-Strategy (UCB),0.0
2018-09-21,Bandit Meta-Strategy (UCB),-0.0004721457926884848
2018-09-24,Bandit Meta-Strategy (UCB),-0.004270094819155219
2018-09-25,Bandit Meta-Strategy (UCB),-0.006621379123136442
2018-09-26,Bandit Meta-Strategy (UCB),-0.005846119800187872
2018-09-27,Bandit Meta-Strategy (UCB),-0.002560815783267106
2018-09-28,Bandit Meta-Strategy (UCB),-0.003925044487043182
2018-10-01,Bandit Meta-Strategy (UCB),0.0
2018-10-02,Bandit Meta-Strategy (UCB),0.0
2018-10-03,Bandit Meta-Strategy (UCB),-0.004839412785225562
2018-10-04,Bandit Meta-Strategy (UCB),-0.01489969705361459
2018-10-05,Bandit Meta-Strategy (UCB),-0.02026731026556619
2018-10-08,Bandit Meta-Strategy (UCB),-0.017918871784461863
2018-10-09,Bandit Meta-Strategy (UCB),-0.01477054616620807
2018-10-10,Bandit Meta-Strategy (UCB),-0.041195551065298396
2018-10-11,Bandit Meta-Strategy (UCB),-0.06678222974933447
2018-10-12,Bandit Meta-Strategy (UCB),-0.05269911700295029
2018-10-15,Bandit Meta-Strategy (UCB),-0.05715120965240353
2018-10-16,Bandit Meta-Strategy (UCB),-0.037933703269160936
2018-10-17,Bandit Meta-Strategy (UCB),-0.02972756506350163
2018-10-18,Bandit Meta-Strategy (UCB),-0.0446356672652883
2018-10-19,Bandit Meta-Strategy (UCB),-0.024734721282337238
2018-10-22,Bandit Meta-Strategy (UCB),-0.0279623520161758
2018-10-23,Bandit Meta-Strategy (UCB),-0.026175042174387295
2018-10-24,Bandit Meta-Strategy (UCB),-0.043360345496803544
2018-10-25,Bandit Meta-Strategy (UCB),-0.026920553873828936
2018-10-26,Bandit Meta-Strategy (UCB),-0.04548008029182809
2018-10-29,Bandit Meta-Strategy (UCB),-0.048509367465094565
2018-10-30,Bandit Meta-Strategy (UCB),-0.0378126632930172
2018-10-31,Bandit Meta-Strategy (UCB),-0.038175776746079415
2018-11-01,Bandit Meta-Strategy (UCB),-0.027048160329390027
2018-11-02,Bandit Meta-Strategy (UCB),-0.029929935638552937
2018-11-05,Bandit Meta-Strategy (UCB),-0.023868349359210863
2018-11-06,Bandit Meta-Strategy (UCB),-0.020259982500598402
2018-11-07,Bandit Meta-Strategy (UCB),-0.00452553132443101
2018-11-08,Bandit Meta-Strategy (UCB),-0.007733238164892325
2018-11-09,Bandit Meta-Strategy (UCB),-0.00805724589424
2018-11-12,Bandit Meta-Strategy (UCB),-0.021423347150012217
2018-11-13,Bandit Meta-Strategy (UCB),-0.020750616276655837
2018-11-14,Bandit Meta-Strategy (UCB),-0.02552506480479162
2018-11-15,Bandit Meta-Strategy (UCB),-0.021071268850302086
2018-11-16,Bandit Meta-Strategy (UCB),-0.025263338737891095
2018-11-19,Bandit Meta-Strategy (UCB),-0.035045614251143414
2018-11-20,Bandit Meta-Strategy (UCB),-0.05122123743424655
2018-11-21,Bandit Meta-Strategy (UCB),-0.058007921258935544
2018-11-23,Bandit Meta-Strategy (UCB),-0.06145264524868378
2018-11-26,Bandit Meta-Strategy (UCB),-0.05105079566858047
2018-11-27,Bandit Meta-Strategy (UCB),-0.043469612354577844
2018-11-28,Bandit Meta-Strategy (UCB),-0.025193356777433375
2018-11-29,Bandit Meta-Strategy (UCB),-0.02907499659064176
2018-11-30,Bandit Meta-Strategy (UCB),-0.014382051738930365
2018-12-03,Bandit Meta-Strategy (UCB),-0.012099447023592969
2018-12-04,Bandit Meta-Strategy (UCB),-0.030882834221088448
2018-12-06,Bandit Meta-Strategy (UCB),-0.029464390528527677
2018-12-07,Bandit Meta-Strategy (UCB),-0.04708981843279773
2018-12-10,Bandit Meta-Strategy (UCB),-0.042541458346371054
2018-12-11,Bandit Meta-Strategy (UCB),-0.04024276853868245
2018-12-12,Bandit Meta-Strategy (UCB),-0.03797239211717063
2018-12-13,Bandit Meta-Strategy (UCB),-0.02914615033967136
2018-12-14,Bandit Meta-Strategy (UCB),-0.04750646535475052
2018-12-17,Bandit Meta-Strategy (UCB),-0.07231613564195259
2018-12-18,Bandit Meta-Strategy (UCB),-0.07156969144831304
2018-12-19,Bandit Meta-Strategy (UCB),-0.08576357870777977
2018-12-20,Bandit Meta-Strategy (UCB),-0.09742525532900827
2018-12-21,Bandit Meta-Strategy (UCB),-0.10944547189907948
2018-12-24,Bandit Meta-Strategy (UCB),-0.1393745641627404
2018-12-26,Bandit Meta-Strategy (UCB),-0.09949801648591071
2018-12-27,Bandit Meta-Strategy (UCB),-0.09113405016023286
2018-12-28,Bandit Meta-Strategy (UCB),-0.09158549050442219
2018-12-31,Bandit Meta-Strategy (UCB),-0.09203964648276662
2019-01-02,Bandit Meta-Strategy (UCB),-0.09090497816491756
2019-01-03,Bandit Meta-Strategy (UCB),-0.10784404374980999
2019-01-04,Bandit Meta-Strategy (UCB),-0.07824041458797659
2019-01-07,Bandit Meta-Strategy (UCB),-0.07322030741088117
2019-01-08,Bandit Meta-Strategy (UCB),-0.06503834644472838
2019-01-09,Bandit Meta-Strategy (UCB),-0.06731394059704449
2019-01-10,Bandit Meta-Strategy (UCB),-0.06403026626315439
2019-01-11,Bandit Meta-Strategy (UCB),-0.06011934297568639
2019-01-14,Bandit Meta-Strategy (UCB),-0.06338845293365904
2019-01-15,Bandit Meta-Strategy (UCB),-0.051272975013969775
2019-01-16,Bandit Meta-Strategy (UCB),-0.054982452712518934
2019-01-17,Bandit Meta-Strategy (UCB),-0.05195296420037852
2019-01-18,Bandit Meta-Strategy (UCB),-0.0468594385131704
2019-01-22,Bandit Meta-Strategy (UCB),-0.058471567755616474
2019-01-23,Bandit Meta-Strategy (UCB),-0.051101022214949984
2019-01-24,Bandit Meta-Strategy (UCB),-0.051848416233814684
2019-01-25,Bandit Meta-Strategy (UCB),-0.04782836278700679
2019-01-28,Bandit Meta-Strategy (UCB),-0.057717893078585374
2019-01-29,Bandit Meta-Strategy (UCB),-0.06097688541155832
2019-01-30,Bandit Meta-Strategy (UCB),-0.045987520187331925
2019-01-31,Bandit Meta-Strategy (UCB),-0.025551496098962418
2019-02-01,Bandit Meta-Strategy (UCB),-0.02061905587685098
2019-02-04,Bandit Meta-Strategy (UCB),-0.011487169157163097
2019-02-05,Bandit Meta-Strategy (UCB),-0.008089422513866521
2019-02-06,Bandit Meta-Strategy (UCB),-0.009198223493219382
2019-02-07,Bandit Meta-Strategy (UCB),-0.017837450251153405
2019-02-08,Bandit Meta-Strategy (UCB),-0.015491273728885804
2019-02-11,Bandit Meta-Strategy (UCB),-0.016045775993609845
2019-02-12,Bandit Meta-Strategy (UCB),-0.006909200404497337
2019-02-13,Bandit Meta-Strategy (UCB),-0.005512293803191121
2019-02-14,Bandit Meta-Strategy (UCB),-0.022258425303593628
2019-02-15,Bandit Meta-Strategy (UCB),-0.017946574157103178
2019-02-19,Bandit Meta-Strategy (UCB),-0.014663398276568406
2019-02-20,Bandit Meta-Strategy (UCB),-0.015871033070696598
2019-02-21,Bandit Meta-Strategy (UCB),-0.016751633470860214
2019-02-22,Bandit Meta-Strategy (UCB),-0.011476951730775047
2019-02-25,Bandit Meta-Strategy (UCB),-0.012587947187814068
2019-02-26,Bandit Meta-Strategy (UCB),-0.013676753618701543
2019-02-27,Bandit Meta-Strategy (UCB),-0.014884028142147152
2019-02-28,Bandit Meta-Strategy (UCB),-0.015409234563518165
2019-03-01,Bandit Meta-Strategy (UCB),-0.015378927173414284
2019-03-04,Bandit Meta-Strategy (UCB),-0.014334677131937947
2019-03-05,Bandit Meta-Strategy (UCB),-0.01340556830976632
2019-03-06,Bandit Meta-Strategy (UCB),-0.017641323382261105
2019-03-07,Bandit Meta-Strategy (UCB),-0.0254783760896276
2019-03-08,Bandit Meta-Strategy (UCB),-0.028252252219296708
2019-03-11,Bandit Meta-Strategy (UCB),-0.011007715455451513
2019-03-12,Bandit Meta-Strategy (UCB),-0.009707031221841324
2019-03-13,Bandit Meta-Strategy (UCB),-0.0031407143448230162
2019-03-14,Bandit Meta-Strategy (UCB),-0.009034511359634732
2019-03-15,Bandit Meta-Strategy (UCB),-0.0069405356122665225
2019-03-18,Bandit Meta-Strategy (UCB),-0.0065624143420627825
2019-03-19,Bandit Meta-Strategy (UCB),-0.003193118116245598
2019-03-20,Bandit Meta-Strategy (UCB),-0.004793126633678228
2019-03-21,Bandit Meta-Strategy (UCB),0.0
2019-03-22,Bandit Meta-Strategy (UCB),-0.010705528109430673
2019-03-25,Bandit Meta-Strategy (UCB),-0.011044391750187931
2019-03-26,Bandit Meta-Strategy (UCB),-0.0019830619859414187
2019-03-27,Bandit Meta-Strategy (UCB),-0.005943566485254438
2019-03-28,Bandit Meta-Strategy (UCB),-0.0027353029991721883
2019-03-29,Bandit Meta-Strategy (UCB),0.0
2019-04-01,Bandit Meta-Strategy (UCB),0.0
2019-04-02,Bandit Meta-Strategy (UCB),-0.0006330907233145478
2019-04-03,Bandit Meta-Strategy (UCB),0.0
2019-04-04,Bandit Meta-Strategy (UCB),0.0
2019-04-05,Bandit Meta-Strategy (UCB),0.0
2019-04-08,Bandit Meta-Strategy (UCB),0.0
2019-04-09,Bandit Meta-Strategy (UCB),-0.002565004600429636
2019-04-10,Bandit Meta-Strategy (UCB),-0.0002003932241984984
2019-04-11,Bandit Meta-Strategy (UCB),0.0
2019-04-12,Bandit Meta-Strategy (UCB),0.0
2019-04-15,Bandit Meta-Strategy (UCB),0.0
2019-04-16,Bandit Meta-Strategy (UCB),0.0
2019-04-17,Bandit Meta-Strategy (UCB),0.0
2019-04-18,Bandit Meta-Strategy (UCB),-0.000510103009121446
2019-04-22,Bandit Meta-Strategy (UCB),-0.0006831347987843874
2019-04-23,Bandit Meta-Strategy (UCB),0.0
2019-04-24,Bandit Meta-Strategy (UCB),-0.0008673668329795774
2019-04-25,Bandit Meta-Strategy (UCB),0.0
2019-04-26,Bandit Meta-Strategy (UCB),0.0
2019-04-29,Bandit Meta-Strategy (UCB),-0.00026431556362241707
2019-04-30,Bandit Meta-Strategy (UCB),0.0
2019-05-01,Bandit Meta-Strategy (UCB),-0.007536854861298056
2019-05-02,Bandit Meta-Strategy (UCB),-0.007449592889056373
2019-05-03,Bandit Meta-Strategy (UCB),0.0
2019-05-06,Bandit Meta-Strategy (UCB),-0.0026239163922768664
2019-05-07,Bandit Meta-Strategy (UCB),-0.017459083366000452
2019-05-08,Bandit Meta-Strategy (UCB),-0.01901051544560333
2019-05-09,Bandit Meta-Strategy (UCB),-0.02635187635641021
2019-05-10,Bandit Meta-Strategy (UCB),-0.017814050652300295
2019-05-13,Bandit Meta-Strategy (UCB),-0.03443832035039995
2019-05-14,Bandit Meta-Strategy (UCB),-0.028764071540101008
2019-05-15,Bandit Meta-Strategy (UCB),-0.021882475238601325
2019-05-16,Bandit Meta-Strategy (UCB),-0.012063458290916951
2019-05-17,Bandit Meta-Strategy (UCB),-0.019049445720563836
2019-05-20,Bandit Meta-Strategy (UCB),-0.022906162154309354
2019-05-21,Bandit Meta-Strategy (UCB),-0.023133589399278735
2019-05-22,Bandit Meta-Strategy (UCB),-0.01826571827223413
2019-05-23,Bandit Meta-Strategy (UCB),-0.023148211921976507
2019-05-24,Bandit Meta-Strategy (UCB),-0.022533412905249253
2019-05-28,Bandit Meta-Strategy (UCB),-0.02956337082980681
2019-05-29,Bandit Meta-Strategy (UCB),-0.03779828622193132
2019-05-30,Bandit Meta-Strategy (UCB),-0.03326142414570629
2019-05-31,Bandit Meta-Strategy (UCB),-0.033688520399831653
2019-06-03,Bandit Meta-Strategy (UCB),-0.0368506749325284
2019-06-04,Bandit Meta-Strategy (UCB),-0.02084883144258912
2019-06-05,Bandit Meta-Strategy (UCB),-0.009064073057126977
2019-06-06,Bandit Meta-Strategy (UCB),0.0
2019-06-07,Bandit Meta-Strategy (UCB),0.0
2019-06-10,Bandit Meta-Strategy (UCB),0.0
2019-06-11,Bandit Meta-Strategy (UCB),0.0
2019-06-12,Bandit Meta-Strategy (UCB),0.0
2019-06-13,Bandit Meta-Strategy (UCB),0.0
2019-06-14,Bandit Meta-Strategy (UCB),0.0
2019-06-17,Bandit Meta-Strategy (UCB),0.0
2019-06-18,Bandit Meta-Strategy (UCB),0.0
2019-06-19,Bandit Meta-Strategy (UCB),0.0
2019-06-20,Bandit Meta-Strategy (UCB),0.0
2019-06-21,Bandit Meta-Strategy (UCB),0.0
2019-06-24,Bandit Meta-Strategy (UCB),0.0
2019-06-25,Bandit Meta-Strategy (UCB),-0.006300465488735826
2019-06-26,Bandit Meta-Strategy (UCB),-0.012786952512779197
2019-06-27,Bandit Meta-Strategy (UCB),-0.011255064543420455
2019-06-28,Bandit Meta-Strategy (UCB),-0.009092805062284734
2019-07-01,Bandit Meta-Strategy (UCB),-0.0019189084385936178
2019-07-02,Bandit Meta-Strategy (UCB),0.0
2019-07-03,Bandit Meta-Strategy (UCB),0.0
2019-07-05,Bandit Meta-Strategy (UCB),-0.00479296224393009
2019-07-08,Bandit Meta-Strategy (UCB),-0.004523492751542623
2019-07-09,Bandit Meta-Strategy (UCB),-0.004897585209427336
2019-07-10,Bandit Meta-Strategy (UCB),0.0
2019-07-11,Bandit Meta-Strategy (UCB),0.0
2019-07-12,Bandit Meta-Strategy (UCB),0.0
2019-07-15,Bandit Meta-Strategy (UCB),0.0
2019-07-16,Bandit Meta-Strategy (UCB),-0.0025295369795502415
2019-07-17,Bandit Meta-Strategy (UCB),-0.004073070896163786
2019-07-18,Bandit Meta-Strategy (UCB),-0.00637920776604642
2019-07-19,Bandit Meta-Strategy (UCB),-0.013544013054135644
2019-07-22,Bandit Meta-Strategy (UCB),-0.013808440453811488
2019-07-23,Bandit Meta-Strategy (UCB),-0.005808465555123972
2019-07-24,Bandit Meta-Strategy (UCB),-0.005816904871875664
2019-07-25,Bandit Meta-Strategy (UCB),-0.015125995726162269
2019-07-26,Bandit Meta-Strategy (UCB),-0.005153013549388039
2019-07-29,Bandit Meta-Strategy (UCB),-0.00445124255620891
2019-07-30,Bandit Meta-Strategy (UCB),-7.120896963037022e-05
2019-07-31,Bandit Meta-Strategy (UCB),-0.015683636906488142
2019-08-01,Bandit Meta-Strategy (UCB),-0.026621119617926292
2019-08-02,Bandit Meta-Strategy (UCB),-0.029517863326037067
2019-08-05,Bandit Meta-Strategy (UCB),-0.056718600023370834
2019-08-06,Bandit Meta-Strategy (UCB),-0.045383447685419236
2019-08-07,Bandit Meta-Strategy (UCB),-0.040413223465912966
2019-08-08,Bandit Meta-Strategy (UCB),-0.02599667366852029
2019-08-09,Bandit Meta-Strategy (UCB),-0.033999348923723624
2019-08-12,Bandit Meta-Strategy (UCB),-0.045361857474353486
2019-08-13,Bandit Meta-Strategy (UCB),-0.0323481693871351
2019-08-14,Bandit Meta-Strategy (UCB),-0.0545475649142966
2019-08-15,Bandit Meta-Strategy (UCB),-0.037839819167356986
2019-08-16,Bandit Meta-Strategy (UCB),-0.025983646031317514
2019-08-19,Bandit Meta-Strategy (UCB),-0.014369286057421245
2019-08-20,Bandit Meta-Strategy (UCB),-0.025824612886370096
2019-08-21,Bandit Meta-Strategy (UCB),-0.022464348344643878
2019-08-22,Bandit Meta-Strategy (UCB),-0.02148287766548041
2019-08-23,Bandit Meta-Strategy (UCB),-0.042456931715059286
2019-08-26,Bandit Meta-Strategy (UCB),-0.030083712056919048
2019-08-27,Bandit Meta-Strategy (UCB),-0.027318655582565674
2019-08-28,Bandit Meta-Strategy (UCB),-0.022601316484322738
2019-08-29,Bandit Meta-Strategy (UCB),-0.014663960481133895
2019-08-30,Bandit Meta-Strategy (UCB),-0.014930227619670907
2019-09-03,Bandit Meta-Strategy (UCB),-0.01412037181399394
2019-09-04,Bandit Meta-Strategy (UCB),-0.005408589460356065
2019-09-05,Bandit Meta-Strategy (UCB),-0.0012220278948610688
2019-09-06,Bandit Meta-Strategy (UCB),-0.0035037167249090426
2019-09-09,Bandit Meta-Strategy (UCB),-0.0024446200835752745
2019-09-10,Bandit Meta-Strategy (UCB),-0.0037572647745685223
2019-09-11,Bandit Meta-Strategy (UCB),0.0
2019-09-12,Bandit Meta-Strategy (UCB),0.0
2019-09-13,Bandit Meta-Strategy (UCB),-0.002143580928495065
2019-09-16,Bandit Meta-Strategy (UCB),-0.011483087849832024
2019-09-17,Bandit Meta-Strategy (UCB),-0.006769126692481205
2019-09-18,Bandit Meta-Strategy (UCB),-0.005765698126322925
2019-09-19,Bandit Meta-Strategy (UCB),-0.004873484395186642
2019-09-20,Bandit Meta-Strategy (UCB),-0.009585432458542481
2019-09-23,Bandit Meta-Strategy (UCB),-0.008304898065081468
2019-09-24,Bandit Meta-Strategy (UCB),-0.014247382585065159
2019-09-25,Bandit Meta-Strategy (UCB),-0.011507821726666298
2019-09-26,Bandit Meta-Strategy (UCB),-0.011405345862970732
2019-09-27,Bandit Meta-Strategy (UCB),-0.012705491850674126
2019-09-30,Bandit Meta-Strategy (UCB),-0.0110812146339871
2019-10-01,Bandit Meta-Strategy (UCB),-0.014554245476353657
2019-10-02,Bandit Meta-Strategy (UCB),-0.029448489204311232
2019-10-03,Bandit Meta-Strategy (UCB),-0.023529095287449123
2019-10-04,Bandit Meta-Strategy (UCB),-0.009421154822619689
2019-10-07,Bandit Meta-Strategy (UCB),-0.014707461547840481
2019-10-08,Bandit Meta-Strategy (UCB),-0.02289873816772418
2019-10-09,Bandit Meta-Strategy (UCB),-0.017108882166691423
2019-10-10,Bandit Meta-Strategy (UCB),-0.013576197259099677
2019-10-11,Bandit Meta-Strategy (UCB),-0.007806293300564025
2019-10-14,Bandit Meta-Strategy (UCB),-0.00918302649273047
2019-10-15,Bandit Meta-Strategy (UCB),-0.004025294067573571
2019-10-16,Bandit Meta-Strategy (UCB),-0.0020205803864488656
2019-10-17,Bandit Meta-Strategy (UCB),0.0
2019-10-18,Bandit Meta-Strategy (UCB),-0.009637364439725364
2019-10-21,Bandit Meta-Strategy (UCB),-0.005215010130311466
2019-10-22,Bandit Meta-Strategy (UCB),-0.006652709151378582
2019-10-23,Bandit Meta-Strategy (UCB),-0.0006138233215132756
2019-10-24,Bandit Meta-Strategy (UCB),0.0
2019-10-25,Bandit Meta-Strategy (UCB),0.0
2019-10-28,Bandit Meta-Strategy (UCB),0.0
2019-10-29,Bandit Meta-Strategy (UCB),-0.005549750623293093
2019-10-30,Bandit Meta-Strategy (UCB),0.0
2019-10-31,Bandit Meta-Strategy (UCB),-0.0009967229086161997
2019-11-01,Bandit Meta-Strategy (UCB),0.0
2019-11-04,Bandit Meta-Strategy (UCB),-0.005299190184696466
2019-11-05,Bandit Meta-Strategy (UCB),-0.007472975058999783
2019-11-06,Bandit Meta-Strategy (UCB),-0.0031990415295973995
2019-11-07,Bandit Meta-Strategy (UCB),-0.0023763687620117434
2019-11-08,Bandit Meta-Strategy (UCB),-0.001566996549116943
2019-11-11,Bandit Meta-Strategy (UCB),-0.004207315022978801
2019-11-12,Bandit Meta-Strategy (UCB),-0.002904407607463557
2019-11-13,Bandit Meta-Strategy (UCB),0.0
2019-11-14,Bandit Meta-Strategy (UCB),0.0
2019-11-15,Bandit Meta-Strategy (UCB),0.0
2019-11-18,Bandit Meta-Strategy (UCB),0.0
2019-11-19,Bandit Meta-Strategy (UCB),0.0
2019-11-20,Bandit Meta-Strategy (UCB),-0.0024395344284976013
2019-11-21,Bandit Meta-Strategy (UCB),-0.0009577243034809414
2019-11-22,Bandit Meta-Strategy (UCB),-0.001974762768223901
2019-11-25,Bandit Meta-Strategy (UCB),0.0
2019-11-26,Bandit Meta-Strategy (UCB),0.0
2019-11-27,Bandit Meta-Strategy (UCB),0.0
2019-11-29,Bandit Meta-Strategy (UCB),-0.0025618713917008704
2019-12-02,Bandit Meta-Strategy (UCB),-0.0032547878878834836
2019-12-03,Bandit Meta-Strategy (UCB),-0.006552594108483616
2019-12-04,Bandit Meta-Strategy (UCB),-0.0009965848022011224
2019-12-05,Bandit Meta-Strategy (UCB),-0.0015208213688657954
2019-12-06,Bandit Meta-Strategy (UCB),0.0
2019-12-09,Bandit Meta-Strategy (UCB),-0.0011743422762028183
2019-12-10,Bandit Meta-Strategy (UCB),-0.002931199971843692
2019-12-11,Bandit Meta-Strategy (UCB),0.0
2019-12-12,Bandit Meta-Strategy (UCB),0.0
2019-12-13,Bandit Meta-Strategy (UCB),0.0
2019-12-16,Bandit Meta-Strategy (UCB),0.0
2019-12-17,Bandit Meta-Strategy (UCB),0.0
2019-12-18,Bandit Meta-Strategy (UCB),-0.001921478710307624
2019-12-19,Bandit Meta-Strategy (UCB),0.0
2019-12-20,Bandit Meta-Strategy (UCB),0.0
2019-12-23,Bandit Meta-Strategy (UCB),-0.0007366470802618753
2019-12-24,Bandit Meta-Strategy (UCB),-6.227631827089756e-05
2019-12-26,Bandit Meta-Strategy (UCB),0.0
2019-12-27,Bandit Meta-Strategy (UCB),0.0
2019-12-30,Bandit Meta-Strategy (UCB),-0.008633160326094312
2019-12-31,Bandit Meta-Strategy (UCB),-0.006298006211785705
2020-01-02,Bandit Meta-Strategy (UCB),-0.0017149275186823052
2020-01-03,Bandit Meta-Strategy (UCB),-0.007921438861343184
2020-01-06,Bandit Meta-Strategy (UCB),-0.004498743990254377
2020-01-07,Bandit Meta-Strategy (UCB),-0.006290021786717165
2020-01-08,Bandit Meta-Strategy (UCB),0.0
2020-01-09,Bandit Meta-Strategy (UCB),0.0
2020-01-10,Bandit Meta-Strategy (UCB),-0.0015250254216406971
2020-01-13,Bandit Meta-Strategy (UCB),0.0
2020-01-14,Bandit Meta-Strategy (UCB),0.0
2020-01-15,Bandit Meta-Strategy (UCB),0.0
2020-01-16,Bandit Meta-Strategy (UCB),0.0
2020-01-17,Bandit Meta-Strategy (UCB),0.0
2020-01-21,Bandit Meta-Strategy (UCB),0.0
2020-01-22,Bandit Meta-Strategy (UCB),0.0
2020-01-23,Bandit Meta-Strategy (UCB),0.0
2020-01-24,Bandit Meta-Strategy (UCB),-0.007486956193842605
2020-01-27,Bandit Meta-Strategy (UCB),-0.011326200346625062
2020-01-28,Bandit Meta-Strategy (UCB),-0.008841162865184745
2020-01-29,Bandit Meta-Strategy (UCB),-0.008202540857383745
2020-01-30,Bandit Meta-Strategy (UCB),0.0
2020-01-31,Bandit Meta-Strategy (UCB),-0.0004199359745926522
2020-02-03,Bandit Meta-Strategy (UCB),0.0
2020-02-04,Bandit Meta-Strategy (UCB),0.0
2020-02-05,Bandit Meta-Strategy (UCB),0.0
2020-02-06,Bandit Meta-Strategy (UCB),0.0
2020-02-07,Bandit Meta-Strategy (UCB),-0.0036393021270252545
2020-02-10,Bandit Meta-Strategy (UCB),-0.0011875315101478022
2020-02-11,Bandit Meta-Strategy (UCB),-0.001697969917406596
2020-02-12,Bandit Meta-Strategy (UCB),-0.0006502410118382171
2020-02-13,Bandit Meta-Strategy (UCB),0.0
2020-02-14,Bandit Meta-Strategy (UCB),0.0
2020-02-18,Bandit Meta-Strategy (UCB),0.0
2020-02-19,Bandit Meta-Strategy (UCB),0.0
2020-02-20,Bandit Meta-Strategy (UCB),-0.003154685883543655
2020-02-21,Bandit Meta-Strategy (UCB),-0.004066665037533269
2020-02-24,Bandit Meta-Strategy (UCB),-0.035982036148941014
2020-02-25,Bandit Meta-Strategy (UCB),-0.0559493945122805
2020-02-26,Bandit Meta-Strategy (UCB),-0.060640916822547464
2020-02-27,Bandit Meta-Strategy (UCB),-0.10185755068430342
2020-02-28,Bandit Meta-Strategy (UCB),-0.10199961870082142
2020-03-02,Bandit Meta-Strategy (UCB),-0.05433021038254527
2020-03-03,Bandit Meta-Strategy (UCB),-0.07477866975401855
2020-03-04,Bandit Meta-Strategy (UCB),-0.03270596357712066
2020-03-05,Bandit Meta-Strategy (UCB),-0.05615486921792733
2020-03-06,Bandit Meta-Strategy (UCB),-0.06544909668088167
2020-03-09,Bandit Meta-Strategy (UCB),-0.11291619632252665
2020-03-10,Bandit Meta-Strategy (UCB),-0.07772824221617647
2020-03-11,Bandit Meta-Strategy (UCB),-0.1242934783746249
2020-03-12,Bandit Meta-Strategy (UCB),-0.19922368431142545
2020-03-13,Bandit Meta-Strategy (UCB),-0.1371201121704682
2020-03-16,Bandit Meta-Strategy (UCB),-0.20959857745535207
2020-03-17,Bandit Meta-Strategy (UCB),-0.15470501417281807
2020-03-18,Bandit Meta-Strategy (UCB),-0.17220854855096474
2020-03-19,Bandit Meta-Strategy (UCB),-0.19429741552338875
2020-03-20,Bandit Meta-Strategy (UCB),-0.2386665813763745
2020-03-23,Bandit Meta-Strategy (UCB),-0.25383101858353335
2020-03-24,Bandit Meta-Strategy (UCB),-0.20773937971464237
2020-03-25,Bandit Meta-Strategy (UCB),-0.2091336577849574
2020-03-26,Bandit Meta-Strategy (UCB),-0.17347118899603997
2020-03-27,Bandit Meta-Strategy (UCB),-0.19309909701855396
2020-03-30,Bandit Meta-Strategy (UCB),-0.15263987818739044
2020-03-31,Bandit Meta-Strategy (UCB),-0.15307379488580253
2020-04-01,Bandit Meta-Strategy (UCB),-0.17688678252830412
2020-04-02,Bandit Meta-Strategy (UCB),-0.1541154411880608
2020-04-03,Bandit Meta-Strategy (UCB),-0.15638932468092545
2020-04-06,Bandit Meta-Strategy (UCB),-0.10874731916109694
2020-04-07,Bandit Meta-Strategy (UCB),-0.11654775619777571
2020-04-08,Bandit Meta-Strategy (UCB),-0.09966619529072777
2020-04-09,Bandit Meta-Strategy (UCB),-0.09160361612829034
2020-04-13,Bandit Meta-Strategy (UCB),-0.07728078277624763
2020-04-14,Bandit Meta-Strategy (UCB),-0.04136733830037059
2020-04-15,Bandit Meta-Strategy (UCB),-0.045624939292819654
2020-04-16,Bandit Meta-Strategy (UCB),-0.032720707762696866
2020-04-17,Bandit Meta-Strategy (UCB),-0.022431193902799008
2020-04-20,Bandit Meta-Strategy (UCB),-0.034700096157979934
2020-04-21,Bandit Meta-Strategy (UCB),-0.05581205206912044
2020-04-22,Bandit Meta-Strategy (UCB),-0.03968286090955381
2020-04-23,Bandit Meta-Strategy (UCB),-0.04250705981212593
2020-04-24,Bandit Meta-Strategy (UCB),-0.0352342180016815
2020-04-27,Bandit Meta-Strategy (UCB),-0.024655511766321015
2020-04-28,Bandit Meta-Strategy (UCB),-0.03734016446243074
2020-04-29,Bandit Meta-Strategy (UCB),-0.027642042605517402
2020-04-30,Bandit Meta-Strategy (UCB),-0.0317663652486401
2020-05-01,Bandit Meta-Strategy (UCB),-0.05628110422556768
2020-05-04,Bandit Meta-Strategy (UCB),-0.04592997649337649
2020-05-05,Bandit Meta-Strategy (UCB),-0.04114788828760156
2020-05-06,Bandit Meta-Strategy (UCB),-0.042695515555467224
2020-05-07,Bandit Meta-Strategy (UCB),-0.042535972898388334
2020-05-08,Bandit Meta-Strategy (UCB),-0.026555552787405533
2020-05-11,Bandit Meta-Strategy (UCB),-0.024835336164624706
2020-05-12,Bandit Meta-Strategy (UCB),-0.039147673999172995
2020-05-13,Bandit Meta-Strategy (UCB),-0.04656520439507046
2020-05-14,Bandit Meta-Strategy (UCB),-0.03919459272954993
2020-05-15,Bandit Meta-Strategy (UCB),-0.02889516861762882
2020-05-18,Bandit Meta-Strategy (UCB),-0.009905256488773823
2020-05-19,Bandit Meta-Strategy (UCB),-0.019965617074199832
2020-05-20,Bandit Meta-Strategy (UCB),-0.0077632361537281975
2020-05-21,Bandit Meta-Strategy (UCB),-0.017968100629087318
2020-05-22,Bandit Meta-Strategy (UCB),-0.02265426181623486
2020-05-26,Bandit Meta-Strategy (UCB),-0.02001833105268308
2020-05-27,Bandit Meta-Strategy (UCB),-0.017022321885490337
2020-05-28,Bandit Meta-Strategy (UCB),-0.018000315137702148
2020-05-29,Bandit Meta-Strategy (UCB),-0.010701542550227669
2020-06-01,Bandit Meta-Strategy (UCB),-0.004243378531481066
2020-06-02,Bandit Meta-Strategy (UCB),-0.002113860486128784
2020-06-03,Bandit Meta-Strategy (UCB),0.0
2020-06-04,Bandit Meta-Strategy (UCB),-0.007649227784717972
2020-06-05,Bandit Meta-Strategy (UCB),0.0
2020-06-08,Bandit Meta-Strategy (UCB),0.0
2020-06-09,Bandit Meta-Strategy (UCB),0.0
2020-06-10,Bandit Meta-Strategy (UCB),0.0
2020-06-11,Bandit Meta-Strategy (UCB),-0.044465615429396546
2020-06-12,Bandit Meta-Strategy (UCB),-0.0474543051287373
2020-06-15,Bandit Meta-Strategy (UCB),-0.036641451182154235
2020-06-16,Bandit Meta-Strategy (UCB),-0.02363924711820406
2020-06-17,Bandit Meta-Strategy (UCB),-0.022902349508250125
2020-06-18,Bandit Meta-Strategy (UCB),-0.021805386340250674
2020-06-19,Bandit Meta-Strategy (UCB),-0.021726844672281757
2020-06-22,Bandit Meta-Strategy (UCB),-0.014167789007442217
2020-06-23,Bandit Meta-Strategy (UCB),-0.01176691143160369
2020-06-24,Bandit Meta-Strategy (UCB),-0.03198310649314506
2020-06-25,Bandit Meta-Strategy (UCB),-0.02422862683417001
2020-06-26,Bandit Meta-Strategy (UCB),-0.04965007211333638
2020-06-29,Bandit Meta-Strategy (UCB),-0.03746084081415514
2020-06-30,Bandit Meta-Strategy (UCB),-0.019911547904274646
2020-07-01,Bandit Meta-Strategy (UCB),-0.003660412575155403
2020-07-02,Bandit Meta-Strategy (UCB),0.0
2020-07-06,Bandit Meta-Strategy (UCB),0.0
2020-07-07,Bandit Meta-Strategy (UCB),0.0
2020-07-08,Bandit Meta-Strategy (UCB),0.0
2020-07-09,Bandit Meta-Strategy (UCB),0.0
2020-07-10,Bandit Meta-Strategy (UCB),0.0
2020-07-13,Bandit Meta-Strategy (UCB),-0.01284221543574884
2020-07-14,Bandit Meta-Strategy (UCB),-0.0017153613033099625
2020-07-15,Bandit Meta-Strategy (UCB),0.0
2020-07-16,Bandit Meta-Strategy (UCB),-0.004887297544041596
2020-07-17,Bandit Meta-Strategy (UCB),-0.011671922446670919
2020-07-20,Bandit Meta-Strategy (UCB),0.0
2020-07-21,Bandit Meta-Strategy (UCB),-0.004862910400249019
2020-07-22,Bandit Meta-Strategy (UCB),0.0
2020-07-23,Bandit Meta-Strategy (UCB),-0.01833878107365314
2020-07-24,Bandit Meta-Strategy (UCB),-0.026455837800926002
2020-07-27,Bandit Meta-Strategy (UCB),-0.012405343463314754
2020-07-28,Bandit Meta-Strategy (UCB),-0.020833975773171594
2020-07-29,Bandit Meta-Strategy (UCB),-0.017317092449009034
2020-07-30,Bandit Meta-Strategy (UCB),-0.02012179041432667
2020-07-31,Bandit Meta-Strategy (UCB),-0.02038264641573069
2020-08-03,Bandit Meta-Strategy (UCB),-0.01888667718078744
2020-08-04,Bandit Meta-Strategy (UCB),-0.009669584481356446
2020-08-05,Bandit Meta-Strategy (UCB),-0.0049751912300839175
2020-08-06,Bandit Meta-Strategy (UCB),-0.001904887489030751
2020-08-07,Bandit Meta-Strategy (UCB),-0.004863154131092384
2020-08-10,Bandit Meta-Strategy (UCB),-0.0045068224730827125
2020-08-11,Bandit Meta-Strategy (UCB),-0.01531605576873731
2020-08-12,Bandit Meta-Strategy (UCB),0.0
2020-08-13,Bandit Meta-Strategy (UCB),-0.00036293971396859676
2020-08-14,Bandit Meta-Strategy (UCB),0.0
2020-08-17,Bandit Meta-Strategy (UCB),0.0
2020-08-18,Bandit Meta-Strategy (UCB),0.0
2020-08-19,Bandit Meta-Strategy (UCB),-0.010400656588121795
2020-08-20,Bandit Meta-Strategy (UCB),-0.004442139903988219
2020-08-21,Bandit Meta-Strategy (UCB),0.0
2020-08-24,Bandit Meta-Strategy (UCB),0.0
2020-08-25,Bandit Meta-Strategy (UCB),0.0
2020-08-26,Bandit Meta-Strategy (UCB),0.0
2020-08-27,Bandit Meta-Strategy (UCB),0.0
2020-08-28,Bandit Meta-Strategy (UCB),0.0
2020-08-31,Bandit Meta-Strategy (UCB),-0.00031971068392572005
2020-09-01,Bandit Meta-Strategy (UCB),0.0
2020-09-02,Bandit Meta-Strategy (UCB),0.0
2020-09-03,Bandit Meta-Strategy (UCB),-0.034761816015286544
2020-09-04,Bandit Meta-Strategy (UCB),-0.0415574734693084
2020-09-08,Bandit Meta-Strategy (UCB),-0.07690848291000367
2020-09-09,Bandit Meta-Strategy (UCB),-0.05952774856443352
2020-09-10,Bandit Meta-Strategy (UCB),-0.07811196684480669
2020-09-11,Bandit Meta-Strategy (UCB),-0.07758866654632335
2020-09-14,Bandit Meta-Strategy (UCB),-0.06733521826509233
2020-09-15,Bandit Meta-Strategy (UCB),-0.05846442525127434
2020-09-16,Bandit Meta-Strategy (UCB),-0.06779909446076623
2020-09-17,Bandit Meta-Strategy (UCB),-0.07693207606633765
2020-09-18,Bandit Meta-Strategy (UCB),-0.08142672939448668
2020-09-21,Bandit Meta-Strategy (UCB),-0.0827691409858727
2020-09-22,Bandit Meta-Strategy (UCB),-0.07515900558736213
2020-09-23,Bandit Meta-Strategy (UCB),-0.10059325401418236
2020-09-24,Bandit Meta-Strategy (UCB),-0.09629873880515875
2020-09-25,Bandit Meta-Strategy (UCB),-0.08362275835053645
2020-09-28,Bandit Meta-Strategy (UCB),-0.07158224422991392
2020-09-29,Bandit Meta-Strategy (UCB),-0.07537727144615934
2020-09-30,Bandit Meta-Strategy (UCB),-0.07562703236413687
2020-10-01,Bandit Meta-Strategy (UCB),-0.06356037905110569
2020-10-02,Bandit Meta-Strategy (UCB),-0.08173483724162749
2020-10-05,Bandit Meta-Strategy (UCB),-0.06645793021302382
2020-10-06,Bandit Meta-Strategy (UCB),-0.08136483904621579
2020-10-07,Bandit Meta-Strategy (UCB),-0.06555461151630976
2020-10-08,Bandit Meta-Strategy (UCB),-0.05906379851187325
2020-10-09,Bandit Meta-Strategy (UCB),-0.05020196382514007
2020-10-12,Bandit Meta-Strategy (UCB),-0.039445621684594846
2020-10-13,Bandit Meta-Strategy (UCB),-0.036955304318965404
2020-10-14,Bandit Meta-Strategy (UCB),-0.04535127440656109
2020-10-15,Bandit Meta-Strategy (UCB),-0.0478828723659847
2020-10-16,Bandit Meta-Strategy (UCB),-0.048257155794055866
2020-10-19,Bandit Meta-Strategy (UCB),-0.060925886059498266
2020-10-20,Bandit Meta-Strategy (UCB),-0.05976799211769018
2020-10-21,Bandit Meta-Strategy (UCB),-0.07041578852020397
2020-10-22,Bandit Meta-Strategy (UCB),-0.06718668311066749
2020-10-23,Bandit Meta-Strategy (UCB),-0.06346743932289418
2020-10-26,Bandit Meta-Strategy (UCB),-0.07355023303812452
2020-10-27,Bandit Meta-Strategy (UCB),-0.07259069052179372
2020-10-28,Bandit Meta-Strategy (UCB),-0.10285243471553049
2020-10-29,Bandit Meta-Strategy (UCB),-0.09368246215175308
2020-10-30,Bandit Meta-Strategy (UCB),-0.09396918429937107
2020-11-02,Bandit Meta-Strategy (UCB),-0.08114491224228769
2020-11-03,Bandit Meta-Strategy (UCB),-0.06991359608887483
2020-11-04,Bandit Meta-Strategy (UCB),-0.05931058007575145
2020-11-05,Bandit Meta-Strategy (UCB),-0.04608193218223259
2020-11-06,Bandit Meta-Strategy (UCB),-0.04054443849592801
2020-11-09,Bandit Meta-Strategy (UCB),-0.04151833619853127
2020-11-10,Bandit Meta-Strategy (UCB),-0.03699153973645503
2020-11-11,Bandit Meta-Strategy (UCB),-0.028216719087024264
2020-11-12,Bandit Meta-Strategy (UCB),-0.034363293380726974
2020-11-13,Bandit Meta-Strategy (UCB),-0.02587516845767153
2020-11-16,Bandit Meta-Strategy (UCB),-0.020965835715027973
2020-11-17,Bandit Meta-Strategy (UCB),-0.025912330034958533
2020-11-18,Bandit Meta-Strategy (UCB),-0.026711931194074334
2020-11-19,Bandit Meta-Strategy (UCB),-0.019537233760053004
2020-11-20,Bandit Meta-Strategy (UCB),-0.02562683850317435
2020-11-23,Bandit Meta-Strategy (UCB),-0.02372706807425592
2020-11-24,Bandit Meta-Strategy (UCB),-0.010317519855033964
2020-11-25,Bandit Meta-Strategy (UCB),-0.00749590240557232
2020-11-27,Bandit Meta-Strategy (UCB),-0.0032596749715983033
2020-11-30,Bandit Meta-Strategy (UCB),-0.004777250220398421
2020-12-01,Bandit Meta-Strategy (UCB),0.0
2020-12-02,Bandit Meta-Strategy (UCB),0.0
2020-12-03,Bandit Meta-Strategy (UCB),-0.0013636862191923197
2020-12-04,Bandit Meta-Strategy (UCB),0.0
2020-12-07,Bandit Meta-Strategy (UCB),0.0
2020-12-08,Bandit Meta-Strategy (UCB),0.0
2020-12-09,Bandit Meta-Strategy (UCB),-0.014403774232658676
2020-12-10,Bandit Meta-Strategy (UCB),-0.011398765352616821
2020-12-11,Bandit Meta-Strategy (UCB),-0.011459427717076193
2020-12-14,Bandit Meta-Strategy (UCB),-0.013865353012411567
2020-12-15,Bandit Meta-Strategy (UCB),-0.01065152848055882
2020-12-16,Bandit Meta-Strategy (UCB),-0.012359991996979366
2020-12-17,Bandit Meta-Strategy (UCB),0.0
2020-12-18,Bandit Meta-Strategy (UCB),0.0
2020-12-21,Bandit Meta-Strategy (UCB),-0.010702491897135211
2020-12-22,Bandit Meta-Strategy (UCB),-0.0176302624932304
2020-12-23,Bandit Meta-Strategy (UCB),-0.021146182635028075
2020-12-24,Bandit Meta-Strategy (UCB),-0.01768870712182897
2020-12-28,Bandit Meta-Strategy (UCB),-0.009299801193962405
2020-12-29,Bandit Meta-Strategy (UCB),-0.00611878680240386
2020-12-30,Bandit Meta-Strategy (UCB),-0.001979729979541743
2020-12-31,Bandit Meta-Strategy (UCB),0.0
2021-01-04,Bandit Meta-Strategy (UCB),-0.004127671762010943
2021-01-05,Bandit Meta-Strategy (UCB),0.0
2021-01-06,Bandit Meta-Strategy (UCB),-0.0029711699132591975
2021-01-07,Bandit Meta-Strategy (UCB),0.0
2021-01-08,Bandit Meta-Strategy (UCB),0.0
2021-01-11,Bandit Meta-Strategy (UCB),-0.010625143468678296
2021-01-12,Bandit Meta-Strategy (UCB),-0.007181999872646925
2021-01-13,Bandit Meta-Strategy (UCB),-0.003975020977661461
2021-01-14,Bandit Meta-Strategy (UCB),-0.006766190155715346
2021-01-15,Bandit Meta-Strategy (UCB),-0.018018067014837172
2021-01-19,Bandit Meta-Strategy (UCB),-0.011616140445392019
2021-01-20,Bandit Meta-Strategy (UCB),0.0
2021-01-21,Bandit Meta-Strategy (UCB),-0.0035799875124200835
2021-01-22,Bandit Meta-Strategy (UCB),-0.004515532571470348
2021-01-25,Bandit Meta-Strategy (UCB),0.0
2021-01-26,Bandit Meta-Strategy (UCB),0.0
2021-01-27,Bandit Meta-Strategy (UCB),-0.029720918875642727
2021-01-28,Bandit Meta-Strategy (UCB),-0.025066712001070728
2021-01-29,Bandit Meta-Strategy (UCB),-0.02535429400905526
2021-02-01,Bandit Meta-Strategy (UCB),-0.016122455573087592
2021-02-02,Bandit Meta-Strategy (UCB),-0.007315111032234128
2021-02-03,Bandit Meta-Strategy (UCB),-0.011117418827671421
2021-02-04,Bandit Meta-Strategy (UCB),-0.0006161050197828879
2021-02-05,Bandit Meta-Strategy (UCB),0.0
2021-02-08,Bandit Meta-Strategy (UCB),0.0
2021-02-09,Bandit Meta-Strategy (UCB),0.0
2021-02-10,Bandit Meta-Strategy (UCB),-0.0033260038132365594
2021-02-11,Bandit Meta-Strategy (UCB),-0.005197761885078719
2021-02-12,Bandit Meta-Strategy (UCB),-0.003060828616487753
2021-02-16,Bandit Meta-Strategy (UCB),-0.0030823611335890283
2021-02-17,Bandit Meta-Strategy (UCB),-0.00012960708054971136
2021-02-18,Bandit Meta-Strategy (UCB),-0.015985427990212384
2021-02-19,Bandit Meta-Strategy (UCB),-0.0244626034036826
2021-02-22,Bandit Meta-Strategy (UCB),-0.03424236002211447
2021-02-23,Bandit Meta-Strategy (UCB),-0.03637620143949117
2021-02-24,Bandit Meta-Strategy (UCB),-0.03176965086460134
2021-02-25,Bandit Meta-Strategy (UCB),-0.04899799844604624
2021-02-26,Bandit Meta-Strategy (UCB),-0.060536014459846035
2021-03-01,Bandit Meta-Strategy (UCB),-0.043960242654379915
2021-03-02,Bandit Meta-Strategy (UCB),-0.052792764369464715
2021-03-03,Bandit Meta-Strategy (UCB),-0.07185309988267649
2021-03-04,Bandit Meta-Strategy (UCB),-0.08209338540695334
2021-03-05,Bandit Meta-Strategy (UCB),-0.07026299327215434
2021-03-08,Bandit Meta-Strategy (UCB),-0.0797896777750694
2021-03-09,Bandit Meta-Strategy (UCB),-0.06304336619329542
2021-03-10,Bandit Meta-Strategy (UCB),-0.054239807401374074
2021-03-11,Bandit Meta-Strategy (UCB),-0.044886613791780904
2021-03-12,Bandit Meta-Strategy (UCB),-0.04338918964759942
2021-03-15,Bandit Meta-Strategy (UCB),-0.04046923152760001
2021-03-16,Bandit Meta-Strategy (UCB),-0.03920991085683085
2021-03-17,Bandit Meta-Strategy (UCB),-0.03863617199057115
2021-03-18,Bandit Meta-Strategy (UCB),-0.057977636088837554
2021-03-19,Bandit Meta-Strategy (UCB),-0.053610472634089565
2021-03-22,Bandit Meta-Strategy (UCB),-0.045146028039703634
2021-03-23,Bandit Meta-Strategy (UCB),-0.04107291593099539
2021-03-24,Bandit Meta-Strategy (UCB),-0.04795036113867335
2021-03-25,Bandit Meta-Strategy (UCB),-0.05006805657612892
2021-03-26,Bandit Meta-Strategy (UCB),-0.03956021985642021
2021-03-29,Bandit Meta-Strategy (UCB),-0.0327084391966331
2021-03-30,Bandit Meta-Strategy (UCB),-0.03720091472833296
2021-03-31,Bandit Meta-Strategy (UCB),-0.03758241463555478
2021-04-01,Bandit Meta-Strategy (UCB),-0.03275237386542982
2021-04-05,Bandit Meta-Strategy (UCB),-0.019774390592538826
2021-04-06,Bandit Meta-Strategy (UCB),-0.018839141595661336
2021-04-07,Bandit Meta-Strategy (UCB),-0.017413150821560173
2021-04-08,Bandit Meta-Strategy (UCB),-0.015621401324003109
2021-04-09,Bandit Meta-Strategy (UCB),-0.013114358181021983
2021-04-12,Bandit Meta-Strategy (UCB),-0.009995100721071078
2021-04-13,Bandit Meta-Strategy (UCB),-0.010085346099044972
2021-04-14,Bandit Meta-Strategy (UCB),-0.0136707502576346
2021-04-15,Bandit Meta-Strategy (UCB),-0.005443952781356486
2021-04-16,Bandit Meta-Strategy (UCB),0.0
2021-04-19,Bandit Meta-Strategy (UCB),-0.0024324774969809947
2021-04-20,Bandit Meta-Strategy (UCB),-0.0009321574309070755
2021-04-21,Bandit Meta-Strategy (UCB),0.0
2021-04-22,Bandit Meta-Strategy (UCB),-0.012187544495543384
2021-04-23,Bandit Meta-Strategy (UCB),-0.00799439795428682
2021-04-26,Bandit Meta-Strategy (UCB),-0.011813911966656564
2021-04-27,Bandit Meta-Strategy (UCB),-0.01387638636210561
2021-04-28,Bandit Meta-Strategy (UCB),-0.013387260124800881
2021-04-29,Bandit Meta-Strategy (UCB),-0.00474651019641796
2021-04-30,Bandit Meta-Strategy (UCB),-0.005140765853085188
2021-05-03,Bandit Meta-Strategy (UCB),0.0
2021-05-04,Bandit Meta-Strategy (UCB),-0.0042396060778183645
2021-05-05,Bandit Meta-Strategy (UCB),-0.0070446057181149675
2021-05-06,Bandit Meta-Strategy (UCB),-0.0024410278276436803
2021-05-07,Bandit Meta-Strategy (UCB),0.0
2021-05-10,Bandit Meta-Strategy (UCB),0.0
2021-05-11,Bandit Meta-Strategy (UCB),-0.00818430029217476
2021-05-12,Bandit Meta-Strategy (UCB),-0.022329480716699296
2021-05-13,Bandit Meta-Strategy (UCB),-0.011069730085411032
2021-05-14,Bandit Meta-Strategy (UCB),-0.004206302538049179
2021-05-17,Bandit Meta-Strategy (UCB),-0.006188887177959992
2021-05-18,Bandit Meta-Strategy (UCB),-0.007287913043867328
2021-05-19,Bandit Meta-Strategy (UCB),-0.009091706251370573
2021-05-20,Bandit Meta-Strategy (UCB),0.0
2021-05-21,Bandit Meta-Strategy (UCB),-0.0015890820850609578
2021-05-24,Bandit Meta-Strategy (UCB),0.0
2021-05-25,Bandit Meta-Strategy (UCB),-0.0007351426063728846
2021-05-26,Bandit Meta-Strategy (UCB),-0.0019438133249136892
2021-05-27,Bandit Meta-Strategy (UCB),-0.007102386791865495
2021-05-28,Bandit Meta-Strategy (UCB),-0.006009944182960377
2021-06-01,Bandit Meta-Strategy (UCB),-0.011749937688214076
2021-06-02,Bandit Meta-Strategy (UCB),-0.009358864127216733
2021-06-03,Bandit Meta-Strategy (UCB),-0.007344230867838917
2021-06-04,Bandit Meta-Strategy (UCB),-0.0014772035105325482
2021-06-07,Bandit Meta-Strategy (UCB),-0.003408844038958882
2021-06-08,Bandit Meta-Strategy (UCB),-0.009189263272771548
2021-06-09,Bandit Meta-Strategy (UCB),-0.007730617622878961
2021-06-10,Bandit Meta-Strategy (UCB),0.0
2021-06-11,Bandit Meta-Strategy (UCB),-0.001501960120684776
2021-06-14,Bandit Meta-Strategy (UCB),-0.002048419401484363
2021-06-15,Bandit Meta-Strategy (UCB),-0.006250939378715592
2021-06-16,Bandit Meta-Strategy (UCB),-0.015507985749713193
2021-06-17,Bandit Meta-Strategy (UCB),-0.009624737458228389
2021-06-18,Bandit Meta-Strategy (UCB),-0.024146748928277527
2021-06-21,Bandit Meta-Strategy (UCB),-0.014984864107690982
2021-06-22,Bandit Meta-Strategy (UCB),-0.009530232676312192
2021-06-23,Bandit Meta-Strategy (UCB),-0.012295955064311996
2021-06-24,Bandit Meta-Strategy (UCB),-0.007351768703120821
2021-06-25,Bandit Meta-Strategy (UCB),-0.0018764216169023914
2021-06-28,Bandit Meta-Strategy (UCB),0.0
2021-06-29,Bandit Meta-Strategy (UCB),-0.0035288262376191063
2021-06-30,Bandit Meta-Strategy (UCB),-0.004005764232024359
2021-07-01,Bandit Meta-Strategy (UCB),0.0
2021-07-02,Bandit Meta-Strategy (UCB),0.0
2021-07-06,Bandit Meta-Strategy (UCB),-0.004907760945468204
2021-07-07,Bandit Meta-Strategy (UCB),-0.0030812014167011063
2021-07-08,Bandit Meta-Strategy (UCB),-0.00791592519340986
2021-07-09,Bandit Meta-Strategy (UCB),0.0
2021-07-12,Bandit Meta-Strategy (UCB),0.0
2021-07-13,Bandit Meta-Strategy (UCB),-0.001984991345367375
2021-07-14,Bandit Meta-Strategy (UCB),0.0
2021-07-15,Bandit Meta-Strategy (UCB),0.0
2021-07-16,Bandit Meta-Strategy (UCB),-0.004413686255804193
2021-07-19,Bandit Meta-Strategy (UCB),-0.013174145387250024
2021-07-20,Bandit Meta-Strategy (UCB),-0.02226589176283193
2021-07-21,Bandit Meta-Strategy (UCB),-0.021335521140717167
2021-07-22,Bandit Meta-Strategy (UCB),-0.022546213709619855
2021-07-23,Bandit Meta-Strategy (UCB),-0.012392842321400609
2021-07-26,Bandit Meta-Strategy (UCB),-0.008313811645821656
2021-07-27,Bandit Meta-Strategy (UCB),-0.008220360912776305
2021-07-28,Bandit Meta-Strategy (UCB),-0.006975532920138924
2021-07-29,Bandit Meta-Strategy (UCB),-0.006766383337859138
2021-07-30,Bandit Meta-Strategy (UCB),-0.00490251901697703
2021-08-02,Bandit Meta-Strategy (UCB),-0.002059524401973944
2021-08-03,Bandit Meta-Strategy (UCB),0.0
2021-08-04,Bandit Meta-Strategy (UCB),-0.006843655055497496
2021-08-05,Bandit Meta-Strategy (UCB),-0.00044414504220026456
2021-08-06,Bandit Meta-Strategy (UCB),-0.00275138946680952
2021-08-09,Bandit Meta-Strategy (UCB),0.0
2021-08-10,Bandit Meta-Strategy (UCB),0.0
2021-08-11,Bandit Meta-Strategy (UCB),-0.004926324684471852
2021-08-12,Bandit Meta-Strategy (UCB),-0.0004115366397371506
2021-08-13,Bandit Meta-Strategy (UCB),0.0
2021-08-16,Bandit Meta-Strategy (UCB),0.0
2021-08-17,Bandit Meta-Strategy (UCB),-0.0009270444846029158
2021-08-18,Bandit Meta-Strategy (UCB),-0.011108399200808295
2021-08-19,Bandit Meta-Strategy (UCB),-0.008232697254516632
2021-08-20,Bandit Meta-Strategy (UCB),-0.003813888543090197
2021-08-23,Bandit Meta-Strategy (UCB),0.0
2021-08-24,Bandit Meta-Strategy (UCB),-0.008939920279717725
2021-08-25,Bandit Meta-Strategy (UCB),-0.013292581741138863
2021-08-26,Bandit Meta-Strategy (UCB),-0.01811187144952457
2021-08-27,Bandit Meta-Strategy (UCB),-0.01606809908833441
2021-08-30,Bandit Meta-Strategy (UCB),-0.010578326951526053
2021-08-31,Bandit Meta-Strategy (UCB),-0.013654520444689759
2021-09-01,Bandit Meta-Strategy (UCB),-0.009505671369374148
2021-09-02,Bandit Meta-Strategy (UCB),-0.004795234857398972
2021-09-03,Bandit Meta-Strategy (UCB),-0.003651510370667889
2021-09-07,Bandit Meta-Strategy (UCB),-0.003982898725536761
2021-09-08,Bandit Meta-Strategy (UCB),-0.0018275477306028236
2021-09-09,Bandit Meta-Strategy (UCB),-0.007864924952707604
2021-09-10,Bandit Meta-Strategy (UCB),-0.013112292461070572
2021-09-13,Bandit Meta-Strategy (UCB),-0.012816685742574312
2021-09-14,Bandit Meta-Strategy (UCB),-0.018056268996199856
2021-09-15,Bandit Meta-Strategy (UCB),-0.014134230696846016
2021-09-16,Bandit Meta-Strategy (UCB),-0.016948903547045997
2021-09-17,Bandit Meta-Strategy (UCB),-0.02217724403149025
2021-09-20,Bandit Meta-Strategy (UCB),-0.03411474692141284
2021-09-21,Bandit Meta-Strategy (UCB),-0.036493040812159
2021-09-22,Bandit Meta-Strategy (UCB),-0.029680078137702768
2021-09-23,Bandit Meta-Strategy (UCB),-0.023079459361050252
2021-09-24,Bandit Meta-Strategy (UCB),-0.02309149145089475
2021-09-27,Bandit Meta-Strategy (UCB),-0.024983951136989074
2021-09-28,Bandit Meta-Strategy (UCB),-0.038612455468945546
2021-09-29,Bandit Meta-Strategy (UCB),-0.03210584377860629
2021-09-30,Bandit Meta-Strategy (UCB),-0.043352204786033806
2021-10-01,Bandit Meta-Strategy (UCB),-0.03760808924699994
2021-10-04,Bandit Meta-Strategy (UCB),-0.046755879145655876
2021-10-05,Bandit Meta-Strategy (UCB),-0.039113995069863315
2021-10-06,Bandit Meta-Strategy (UCB),-0.03436441633154361
2021-10-07,Bandit Meta-Strategy (UCB),-0.02536020381324753
2021-10-08,Bandit Meta-Strategy (UCB),-0.027481628681372168
2021-10-11,Bandit Meta-Strategy (UCB),-0.031069528593557782
2021-10-12,Bandit Meta-Strategy (UCB),-0.03385843151823581
2021-10-13,Bandit Meta-Strategy (UCB),-0.034577349289773046
2021-10-14,Bandit Meta-Strategy (UCB),-0.023890842494996928
2021-10-15,Bandit Meta-Strategy (UCB),-0.018776363736538335
2021-10-18,Bandit Meta-Strategy (UCB),-0.021021892827572358
2021-10-19,Bandit Meta-Strategy (UCB),-0.015865114036591223
2021-10-20,Bandit Meta-Strategy (UCB),-0.012806904367944483
2021-10-21,Bandit Meta-Strategy (UCB),-0.009845009410087547
2021-10-22,Bandit Meta-Strategy (UCB),-0.005088529117400396
2021-10-25,Bandit Meta-Strategy (UCB),0.0
2021-10-26,Bandit Meta-Strategy (UCB),0.0
2021-10-27,Bandit Meta-Strategy (UCB),-0.004405200768554338
2021-10-28,Bandit Meta-Strategy (UCB),0.0
2021-10-29,Bandit Meta-Strategy (UCB),-0.00048202071346935374
2021-11-01,Bandit Meta-Strategy (UCB),0.0
2021-11-02,Bandit Meta-Strategy (UCB),0.0
2021-11-03,Bandit Meta-Strategy (UCB),0.0
2021-11-04,Bandit Meta-Strategy (UCB),0.0
2021-11-05,Bandit Meta-Strategy (UCB),0.0
2021-11-08,Bandit Meta-Strategy (UCB),-0.0012457190796130763
2021-11-09,Bandit Meta-Strategy (UCB),-0.0086086825821881
2021-11-10,Bandit Meta-Strategy (UCB),-0.004455691065193436
2021-11-11,Bandit Meta-Strategy (UCB),-0.0029228530566348834
2021-11-12,Bandit Meta-Strategy (UCB),0.0
2021-11-15,Bandit Meta-Strategy (UCB),-0.0018993295649796286
2021-11-16,Bandit Meta-Strategy (UCB),0.0
2021-11-17,Bandit Meta-Strategy (UCB),0.0
2021-11-18,Bandit Meta-Strategy (UCB),0.0
2021-11-19,Bandit Meta-Strategy (UCB),-0.004346543143918155
2021-11-22,Bandit Meta-Strategy (UCB),-0.008776507159588935
2021-11-23,Bandit Meta-Strategy (UCB),-0.0055709863465025315
2021-11-24,Bandit Meta-Strategy (UCB),-0.0028624178715247702
2021-11-26,Bandit Meta-Strategy (UCB),-0.008927715813942774
2021-11-29,Bandit Meta-Strategy (UCB),-0.005956177235533584
2021-11-30,Bandit Meta-Strategy (UCB),-0.006341288710068607
2021-12-01,Bandit Meta-Strategy (UCB),-0.013283555641701791
2021-12-02,Bandit Meta-Strategy (UCB),-0.008834298390261728
2021-12-03,Bandit Meta-Strategy (UCB),-0.010736863641371927
2021-12-06,Bandit Meta-Strategy (UCB),-0.00625787912169142
2021-12-07,Bandit Meta-Strategy (UCB),0.0
2021-12-08,Bandit Meta-Strategy (UCB),-0.0008218572741339537
2021-12-09,Bandit Meta-Strategy (UCB),-0.002705519182635957
2021-12-10,Bandit Meta-Strategy (UCB),0.0
2021-12-13,Bandit Meta-Strategy (UCB),-0.00048567263495736645
2021-12-14,Bandit Meta-Strategy (UCB),-0.001149727244078646
2021-12-15,Bandit Meta-Strategy (UCB),0.0
2021-12-16,Bandit Meta-Strategy (UCB),0.0
2021-12-17,Bandit Meta-Strategy (UCB),-0.01960380726230111
2021-12-20,Bandit Meta-Strategy (UCB),-0.01926823727369661
2021-12-21,Bandit Meta-Strategy (UCB),-0.013637085975885527
2021-12-22,Bandit Meta-Strategy (UCB),-0.002613333588058182
2021-12-23,Bandit Meta-Strategy (UCB),-0.0018770866722907062
2021-12-27,Bandit Meta-Strategy (UCB),0.0
2021-12-28,Bandit Meta-Strategy (UCB),-0.0022949883586353007
2021-12-29,Bandit Meta-Strategy (UCB),-0.002512631092721578
2021-12-30,Bandit Meta-Strategy (UCB),-0.0016375630170829816
2021-12-31,Bandit Meta-Strategy (UCB),-0.001002240232027228
2022-01-03,Bandit Meta-Strategy (UCB),0.0
2022-01-04,Bandit Meta-Strategy (UCB),-0.0036725058181417405
2022-01-05,Bandit Meta-Strategy (UCB),-0.010990683348712466
2022-01-06,Bandit Meta-Strategy (UCB),-0.014892459616326506
2022-01-07,Bandit Meta-Strategy (UCB),-0.017085884752009943
2022-01-10,Bandit Meta-Strategy (UCB),-0.020207009613389237
2022-01-11,Bandit Meta-Strategy (UCB),-0.014518119646436222
2022-01-12,Bandit Meta-Strategy (UCB),-0.013718171790136112
2022-01-13,Bandit Meta-Strategy (UCB),-0.027039982912712146
2022-01-14,Bandit Meta-Strategy (UCB),-0.03139000818756702
2022-01-18,Bandit Meta-Strategy (UCB),-0.04519570334087234
2022-01-19,Bandit Meta-Strategy (UCB),-0.04922012166203907
2022-01-20,Bandit Meta-Strategy (UCB),-0.05657682281066099
2022-01-21,Bandit Meta-Strategy (UCB),-0.09149896706885086
2022-01-24,Bandit Meta-Strategy (UCB),-0.09537967007528435
2022-01-25,Bandit Meta-Strategy (UCB),-0.09756632446552455
2022-01-26,Bandit Meta-Strategy (UCB),-0.0969843248822028
2022-01-27,Bandit Meta-Strategy (UCB),-0.09206845667182381
2022-01-28,Bandit Meta-Strategy (UCB),-0.07228494915932873
2022-01-31,Bandit Meta-Strategy (UCB),-0.07262116305764853
2022-02-01,Bandit Meta-Strategy (UCB),-0.06153542705394893
2022-02-02,Bandit Meta-Strategy (UCB),-0.05725583620817605
2022-02-03,Bandit Meta-Strategy (UCB),-0.0767613671727582
2022-02-04,Bandit Meta-Strategy (UCB),-0.07464986271245987
2022-02-07,Bandit Meta-Strategy (UCB),-0.07747024617762051
2022-02-08,Bandit Meta-Strategy (UCB),-0.07845242352235011
2022-02-09,Bandit Meta-Strategy (UCB),-0.07489366955543958
2022-02-10,Bandit Meta-Strategy (UCB),-0.08712021890780264
2022-02-11,Bandit Meta-Strategy (UCB),-0.09929640776795536
2022-02-14,Bandit Meta-Strategy (UCB),-0.1016648208127106
2022-02-15,Bandit Meta-Strategy (UCB),-0.09252180809283421
2022-02-16,Bandit Meta-Strategy (UCB),-0.09402724175194863
2022-02-17,Bandit Meta-Strategy (UCB),-0.10374830014783093
2022-02-18,Bandit Meta-Strategy (UCB),-0.10956552252241533
2022-02-22,Bandit Meta-Strategy (UCB),-0.12864022335200878
2022-02-23,Bandit Meta-Strategy (UCB),-0.14220851491788192
2022-02-24,Bandit Meta-Strategy (UCB),-0.1403841335540242
2022-02-25,Bandit Meta-Strategy (UCB),-0.11765080166851481
2022-02-28,Bandit Meta-Strategy (UCB),-0.11803498445359559
2022-03-01,Bandit Meta-Strategy (UCB),-0.12866187675965463
2022-03-02,Bandit Meta-Strategy (UCB),-0.11663503076444567
2022-03-03,Bandit Meta-Strategy (UCB),-0.11632610778406677
2022-03-04,Bandit Meta-Strategy (UCB),-0.11555086023459475
2022-03-07,Bandit Meta-Strategy (UCB),-0.12932203197126427
2022-03-08,Bandit Meta-Strategy (UCB),-0.14357416239259932
2022-03-09,Bandit Meta-Strategy (UCB),-0.1302373748851066
2022-03-10,Bandit Meta-Strategy (UCB),-0.13262936154007704
2022-03-11,Bandit Meta-Strategy (UCB),-0.13913981723073432
2022-03-14,Bandit Meta-Strategy (UCB),-0.1355409455794073
2022-03-15,Bandit Meta-Strategy (UCB),-0.11878546456457008
2022-03-16,Bandit Meta-Strategy (UCB),-0.1091246832574334
2022-03-17,Bandit Meta-Strategy (UCB),-0.09747256585076709
2022-03-18,Bandit Meta-Strategy (UCB),-0.09218800273967638
2022-03-21,Bandit Meta-Strategy (UCB),-0.09106171023397773
2022-03-22,Bandit Meta-Strategy (UCB),-0.0868935361109908
2022-03-23,Bandit Meta-Strategy (UCB),-0.0950547562770817
2022-03-24,Bandit Meta-Strategy (UCB),-0.08635657035372475
2022-03-25,Bandit Meta-Strategy (UCB),-0.08070996370219419
2022-03-28,Bandit Meta-Strategy (UCB),-0.07353195415122278
2022-03-29,Bandit Meta-Strategy (UCB),-0.06704588146592769
2022-03-30,Bandit Meta-Strategy (UCB),-0.06844974746843872
2022-03-31,Bandit Meta-Strategy (UCB),-0.06868916032496516
2022-04-01,Bandit Meta-Strategy (UCB),-0.06351698207380421
2022-04-04,Bandit Meta-Strategy (UCB),-0.05863473602147403
2022-04-05,Bandit Meta-Strategy (UCB),-0.06506681484552333
2022-04-06,Bandit Meta-Strategy (UCB),-0.061874851926032266
2022-04-07,Bandit Meta-Strategy (UCB),-0.05422937172907844
2022-04-08,Bandit Meta-Strategy (UCB),-0.05375998046531754
2022-04-11,Bandit Meta-Strategy (UCB),-0.0712648866836603
2022-04-12,Bandit Meta-Strategy (UCB),-0.0718934466245399
2022-04-13,Bandit Meta-Strategy (UCB),-0.062245280614789976
2022-04-14,Bandit Meta-Strategy (UCB),-0.06918249942192378
2022-04-18,Bandit Meta-Strategy (UCB),-0.07512875528050089
2022-04-19,Bandit Meta-Strategy (UCB),-0.06416184035866093
2022-04-20,Bandit Meta-Strategy (UCB),-0.0761559890167495
2022-04-21,Bandit Meta-Strategy (UCB),-0.08212193217866448
2022-04-22,Bandit Meta-Strategy (UCB),-0.09881045645054397
2022-04-25,Bandit Meta-Strategy (UCB),-0.09148558589677115
2022-04-26,Bandit Meta-Strategy (UCB),-0.11105738417419685
2022-04-27,Bandit Meta-Strategy (UCB),-0.10982987480681633
2022-04-28,Bandit Meta-Strategy (UCB),-0.09139416473310165
2022-04-29,Bandit Meta-Strategy (UCB),-0.11502035464671653
2022-05-02,Bandit Meta-Strategy (UCB),-0.1154575017846556
2022-05-03,Bandit Meta-Strategy (UCB),-0.11192088018107138
2022-05-04,Bandit Meta-Strategy (UCB),-0.09149371325900939
2022-05-05,Bandit Meta-Strategy (UCB),-0.1178984805683567
2022-05-06,Bandit Meta-Strategy (UCB),-0.12031255404640206
2022-05-09,Bandit Meta-Strategy (UCB),-0.13736940447238352
2022-05-10,Bandit Meta-Strategy (UCB),-0.13620624530812578
2022-05-11,Bandit Meta-Strategy (UCB),-0.14691932488856368
2022-05-12,Bandit Meta-Strategy (UCB),-0.1448051271738329
2022-05-13,Bandit Meta-Strategy (UCB),-0.13262921283894066
2022-05-16,Bandit Meta-Strategy (UCB),-0.13170973355648846
2022-05-17,Bandit Meta-Strategy (UCB),-0.1317450088454954
2022-05-18,Bandit Meta-Strategy (UCB),-0.16669707331587327
2022-05-19,Bandit Meta-Strategy (UCB),-0.17398023440004431
2022-05-20,Bandit Meta-Strategy (UCB),-0.16708342331508177
2022-05-23,Bandit Meta-Strategy (UCB),-0.14895377892738978
2022-05-24,Bandit Meta-Strategy (UCB),-0.14992320522541674
2022-05-25,Bandit Meta-Strategy (UCB),-0.14601684985426328
2022-05-26,Bandit Meta-Strategy (UCB),-0.13476190643432145
2022-05-27,Bandit Meta-Strategy (UCB),-0.12063428567825966
2022-05-31,Bandit Meta-Strategy (UCB),-0.127293149300301
2022-06-01,Bandit Meta-Strategy (UCB),-0.1357346760344485
2022-06-02,Bandit Meta-Strategy (UCB),-0.12499677696321342
2022-06-03,Bandit Meta-Strategy (UCB),-0.13591019276669092
2022-06-06,Bandit Meta-Strategy (UCB),-0.14441963387587017
2022-06-07,Bandit Meta-Strategy (UCB),-0.13572085735588021
2022-06-08,Bandit Meta-Strategy (UCB),-0.13936192876504702
2022-06-09,Bandit Meta-Strategy (UCB),-0.15960313258699146
2022-06-10,Bandit Meta-Strategy (UCB),-0.1768022016718845
2022-06-13,Bandit Meta-Strategy (UCB),-0.2011169547424598
2022-06-14,Bandit Meta-Strategy (UCB),-0.20797686757263517
2022-06-15,Bandit Meta-Strategy (UCB),-0.199142823636496
2022-06-16,Bandit Meta-Strategy (UCB),-0.21391388454192295
2022-06-17,Bandit Meta-Strategy (UCB),-0.22016842749784032
2022-06-21,Bandit Meta-Strategy (UCB),-0.1977273363440365
2022-06-22,Bandit Meta-Strategy (UCB),-0.1953067776734519
2022-06-23,Bandit Meta-Strategy (UCB),-0.18515317916546495
2022-06-24,Bandit Meta-Strategy (UCB),-0.16598790228666163
2022-06-27,Bandit Meta-Strategy (UCB),-0.165641368269672
2022-06-28,Bandit Meta-Strategy (UCB),-0.18240371606809713
2022-06-29,Bandit Meta-Strategy (UCB),-0.183204395714336
2022-06-30,Bandit Meta-Strategy (UCB),-0.18350738324800522
2022-07-01,Bandit Meta-Strategy (UCB),-0.1733619284623727
2022-07-05,Bandit Meta-Strategy (UCB),-0.17547908098821968
2022-07-06,Bandit Meta-Strategy (UCB),-0.17439808179494806
2022-07-07,Bandit Meta-Strategy (UCB),-0.16404640350992483
2022-07-08,Bandit Meta-Strategy (UCB),-0.1641827032489741
2022-07-11,Bandit Meta-Strategy (UCB),-0.17310774961471656
2022-07-12,Bandit Meta-Strategy (UCB),-0.18079243586616064
2022-07-13,Bandit Meta-Strategy (UCB),-0.18076164302529749
2022-07-14,Bandit Meta-Strategy (UCB),-0.1833096583943247
2022-07-15,Bandit Meta-Strategy (UCB),-0.16945784847786757
2022-07-18,Bandit Meta-Strategy (UCB),-0.18084807367678335
2022-07-19,Bandit Meta-Strategy (UCB),-0.16852634763496527
2022-07-20,Bandit Meta-Strategy (UCB),-0.16439112106406006
2022-07-21,Bandit Meta-Strategy (UCB),-0.1576543365539587
2022-07-22,Bandit Meta-Strategy (UCB),-0.16140300060636156
2022-07-25,Bandit Meta-Strategy (UCB),-0.15736538019265475
2022-07-26,Bandit Meta-Strategy (UCB),-0.16829040226222425
2022-07-27,Bandit Meta-Strategy (UCB),-0.15278983598300924
2022-07-28,Bandit Meta-Strategy (UCB),-0.14653784938530662
2022-07-29,Bandit Meta-Strategy (UCB),-0.13468945061830626
2022-08-01,Bandit Meta-Strategy (UCB),-0.13590479765693725
2022-08-02,Bandit Meta-Strategy (UCB),-0.14238376406660816
2022-08-03,Bandit Meta-Strategy (UCB),-0.1377678767125488
2022-08-04,Bandit Meta-Strategy (UCB),-0.14728298365163672
2022-08-05,Bandit Meta-Strategy (UCB),-0.15055315701191443
2022-08-08,Bandit Meta-Strategy (UCB),-0.15151521981757335
2022-08-09,Bandit Meta-Strategy (UCB),-0.15174264661390857
2022-08-10,Bandit Meta-Strategy (UCB),-0.13792124748712553
2022-08-11,Bandit Meta-Strategy (UCB),-0.1427848106157199
2022-08-12,Bandit Meta-Strategy (UCB),-0.13072706706383885
2022-08-15,Bandit Meta-Strategy (UCB),-0.12750743401654804
2022-08-16,Bandit Meta-Strategy (UCB),-0.12062645464045492
2022-08-17,Bandit Meta-Strategy (UCB),-0.12487841352531028
2022-08-18,Bandit Meta-Strategy (UCB),-0.1228491534510361
2022-08-19,Bandit Meta-Strategy (UCB),-0.12853644653152624
2022-08-22,Bandit Meta-Strategy (UCB),-0.1431684090555043
2022-08-23,Bandit Meta-Strategy (UCB),-0.1421415979641258
2022-08-24,Bandit Meta-Strategy (UCB),-0.1405719433561479
2022-08-25,Bandit Meta-Strategy (UCB),-0.16167703211048381
2022-08-26,Bandit Meta-Strategy (UCB),-0.18494301048283038
2022-08-29,Bandit Meta-Strategy (UCB),-0.18612130667457313
2022-08-30,Bandit Meta-Strategy (UCB),-0.19591141026356723
2022-08-31,Bandit Meta-Strategy (UCB),-0.19623647567999347
2022-09-01,Bandit Meta-Strategy (UCB),-0.18738148541251415
2022-09-02,Bandit Meta-Strategy (UCB),-0.19671107497440082
2022-09-06,Bandit Meta-Strategy (UCB),-0.19848193251818635
2022-09-07,Bandit Meta-Strategy (UCB),-0.18814211027421715
2022-09-08,Bandit Meta-Strategy (UCB),-0.1824851252733936
2022-09-09,Bandit Meta-Strategy (UCB),-0.17237513135125332
2022-09-12,Bandit Meta-Strategy (UCB),-0.1676188686107671
2022-09-13,Bandit Meta-Strategy (UCB),-0.19694028069254046
2022-09-14,Bandit Meta-Strategy (UCB),-0.18793371386272523
2022-09-15,Bandit Meta-Strategy (UCB),-0.19551462194122435
2022-09-16,Bandit Meta-Strategy (UCB),-0.19502684165989687
2022-09-19,Bandit Meta-Strategy (UCB),-0.1941094364282166
2022-09-20,Bandit Meta-Strategy (UCB),-0.20032473055969943
2022-09-21,Bandit Meta-Strategy (UCB),-0.21166939010850072
2022-09-22,Bandit Meta-Strategy (UCB),-0.21113853897022422
2022-09-23,Bandit Meta-Strategy (UCB),-0.22483935694957075
2022-09-26,Bandit Meta-Strategy (UCB),-0.23070288195369842
2022-09-27,Bandit Meta-Strategy (UCB),-0.23290682001200813
2022-09-28,Bandit Meta-Strategy (UCB),-0.2196305836164403
2022-09-29,Bandit Meta-Strategy (UCB),-0.2310529861167125
2022-09-30,Bandit Meta-Strategy (UCB),-0.24045113691765346
2022-10-03,Bandit Meta-Strategy (UCB),-0.23131129726450517
2022-10-04,Bandit Meta-Strategy (UCB),-0.21752606912226893
2022-10-05,Bandit Meta-Strategy (UCB),-0.21866281245624716
2022-10-06,Bandit Meta-Strategy (UCB),-0.22628083130298976
2022-10-07,Bandit Meta-Strategy (UCB),-0.2420724857756953
2022-10-10,Bandit Meta-Strategy (UCB),-0.2464796139518345
2022-10-11,Bandit Meta-Strategy (UCB),-0.24737888225719487
2022-10-12,Bandit Meta-Strategy (UCB),-0.24497329903541037
2022-10-13,Bandit Meta-Strategy (UCB),-0.22895104675095873
2022-10-14,Bandit Meta-Strategy (UCB),-0.24181421769891256
2022-10-17,Bandit Meta-Strategy (UCB),-0.22511211979491558
2022-10-18,Bandit Meta-Strategy (UCB),-0.21990990094486174
2022-10-19,Bandit Meta-Strategy (UCB),-0.21974481993444095
2022-10-20,Bandit Meta-Strategy (UCB),-0.2250275659180164
2022-10-21,Bandit Meta-Strategy (UCB),-0.20439809319065802
2022-10-24,Bandit Meta-Strategy (UCB),-0.19494907066803696
2022-10-25,Bandit Meta-Strategy (UCB),-0.1870804372818885
2022-10-26,Bandit Meta-Strategy (UCB),-0.1841602203306793
2022-10-27,Bandit Meta-Strategy (UCB),-0.18775708414507147
2022-10-28,Bandit Meta-Strategy (UCB),-0.1703531154673148
2022-10-31,Bandit Meta-Strategy (UCB),-0.17782478490892184
2022-11-01,Bandit Meta-Strategy (UCB),-0.17676515898864534
2022-11-02,Bandit Meta-Strategy (UCB),-0.1944653928804453
2022-11-03,Bandit Meta-Strategy (UCB),-0.19778962584620646
2022-11-04,Bandit Meta-Strategy (UCB),-0.19161117469156416
2022-11-07,Bandit Meta-Strategy (UCB),-0.18754605542494757
2022-11-08,Bandit Meta-Strategy (UCB),-0.1852504021194125
2022-11-09,Bandit Meta-Strategy (UCB),-0.20370314799176747
2022-11-10,Bandit Meta-Strategy (UCB),-0.17747003743432524
2022-11-11,Bandit Meta-Strategy (UCB),-0.17261147119407386
2022-11-14,Bandit Meta-Strategy (UCB),-0.17038115685672178
2022-11-15,Bandit Meta-Strategy (UCB),-0.16474453122658902
2022-11-16,Bandit Meta-Strategy (UCB),-0.16846683183919967
2022-11-17,Bandit Meta-Strategy (UCB),-0.16863791302414607
2022-11-18,Bandit Meta-Strategy (UCB),-0.16767853646843142
2022-11-21,Bandit Meta-Strategy (UCB),-0.16946112323647175
2022-11-22,Bandit Meta-Strategy (UCB),-0.15931226159130987
2022-11-23,Bandit Meta-Strategy (UCB),-0.15544478403739467
2022-11-25,Bandit Meta-Strategy (UCB),-0.1553325692274269
2022-11-28,Bandit Meta-Strategy (UCB),-0.16054450917187046
2022-11-29,Bandit Meta-Strategy (UCB),-0.16358177412141553
2022-11-30,Bandit Meta-Strategy (UCB),-0.14559053761120658
2022-12-01,Bandit Meta-Strategy (UCB),-0.14120373790403698
2022-12-02,Bandit Meta-Strategy (UCB),-0.1411393267786582
2022-12-05,Bandit Meta-Strategy (UCB),-0.15311969984766954
2022-12-06,Bandit Meta-Strategy (UCB),-0.16684531014830972
2022-12-07,Bandit Meta-Strategy (UCB),-0.16567364586876457
2022-12-08,Bandit Meta-Strategy (UCB),-0.15857849429690804
2022-12-09,Bandit Meta-Strategy (UCB),-0.16305366342151725
2022-12-12,Bandit Meta-Strategy (UCB),-0.1537824392596032
2022-12-13,Bandit Meta-Strategy (UCB),-0.14778104870874353
2022-12-14,Bandit Meta-Strategy (UCB),-0.14621386711406034
2022-12-15,Bandit Meta-Strategy (UCB),-0.16172645409747774
2022-12-16,Bandit Meta-Strategy (UCB),-0.17407478961716405
2022-12-19,Bandit Meta-Strategy (UCB),-0.17636748862349202
2022-12-20,Bandit Meta-Strategy (UCB),-0.17574228444344955
2022-12-21,Bandit Meta-Strategy (UCB),-0.16581447164598012
2022-12-22,Bandit Meta-Strategy (UCB),-0.17500814400197898
2022-12-23,Bandit Meta-Strategy (UCB),-0.1695276116600589
2022-12-27,Bandit Meta-Strategy (UCB),-0.17341844092113043
2022-12-28,Bandit Meta-Strategy (UCB),-0.18143156216848258
2022-12-29,Bandit Meta-Strategy (UCB),-0.1713010507367772
2022-12-30,Bandit Meta-Strategy (UCB),-0.1714702121975914
2023-01-03,Bandit Meta-Strategy (UCB),-0.17726945016601603
2023-01-04,Bandit Meta-Strategy (UCB),-0.17415598398519144
2023-01-05,Bandit Meta-Strategy (UCB),-0.1791838694874532
2023-01-06,Bandit Meta-Strategy (UCB),-0.16432913160769513
2023-01-09,Bandit Meta-Strategy (UCB),-0.17621607685464452
2023-01-10,Bandit Meta-Strategy (UCB),-0.17520653076051265
2023-01-11,Bandit Meta-Strategy (UCB),-0.16967081947515603
2023-01-12,Bandit Meta-Strategy (UCB),-0.1692469874129965
2023-01-13,Bandit Meta-Strategy (UCB),-0.16691908622764104
2023-01-17,Bandit Meta-Strategy (UCB),-0.1702866081506038
2023-01-18,Bandit Meta-Strategy (UCB),-0.18698297832914484
2023-01-19,Bandit Meta-Strategy (UCB),-0.1896166213704047
2023-01-20,Bandit Meta-Strategy (UCB),-0.17858201888056874
2023-01-23,Bandit Meta-Strategy (UCB),-0.17347182198609618
2023-01-24,Bandit Meta-Strategy (UCB),-0.1721499502135003
2023-01-25,Bandit Meta-Strategy (UCB),-0.17046432530143052
2023-01-26,Bandit Meta-Strategy (UCB),-0.16119981047533044
2023-01-27,Bandit Meta-Strategy (UCB),-0.15836544096727637
2023-01-30,Bandit Meta-Strategy (UCB),-0.1737669063750305
2023-01-31,Bandit Meta-Strategy (UCB),-0.17417943089659366
2023-02-01,Bandit Meta-Strategy (UCB),-0.1690707475791804
2023-02-02,Bandit Meta-Strategy (UCB),-0.1658803989014701
2023-02-03,Bandit Meta-Strategy (UCB),-0.17064877235686743
2023-02-06,Bandit Meta-Strategy (UCB),-0.17432949950123064
2023-02-07,Bandit Meta-Strategy (UCB),-0.16849815804191118
2023-02-08,Bandit Meta-Strategy (UCB),-0.17434547355974642
2023-02-09,Bandit Meta-Strategy (UCB),-0.17966936685938115
2023-02-10,Bandit Meta-Strategy (UCB),-0.17463240502195237
2023-02-13,Bandit Meta-Strategy (UCB),-0.16914345949996407
2023-02-14,Bandit Meta-Strategy (UCB),-0.1708052620653074
2023-02-15,Bandit Meta-Strategy (UCB),-0.17222256435940705
2023-02-16,Bandit Meta-Strategy (UCB),-0.18288103761942864
2023-02-17,Bandit Meta-Strategy (UCB),-0.1811513695797745
2023-02-21,Bandit Meta-Strategy (UCB),-0.19035604797359645
2023-02-22,Bandit Meta-Strategy (UCB),-0.19328358882580957
2023-02-23,Bandit Meta-Strategy (UCB),-0.19289020881346577
2023-02-24,Bandit Meta-Strategy (UCB),-0.19887403148638633
2023-02-27,Bandit Meta-Strategy (UCB),-0.19827858692029451
2023-02-28,Bandit Meta-Strategy (UCB),-0.19848207808925794
2023-03-01,Bandit Meta-Strategy (UCB),-0.2022237717634571
2023-03-02,Bandit Meta-Strategy (UCB),-0.19957768468157774
2023-03-03,Bandit Meta-Strategy (UCB),-0.1891704116941198
2023-03-06,Bandit Meta-Strategy (UCB),-0.18709404273999433
2023-03-07,Bandit Meta-Strategy (UCB),-0.20007940033157603
2023-03-08,Bandit Meta-Strategy (UCB),-0.2039498389555617
2023-03-09,Bandit Meta-Strategy (UCB),-0.21708956561698908
2023-03-10,Bandit Meta-Strategy (UCB),-0.2188057004509194
2023-03-13,Bandit Meta-Strategy (UCB),-0.21749587411186797
2023-03-14,Bandit Meta-Strategy (UCB),-0.20724728823465544
2023-03-15,Bandit Meta-Strategy (UCB),-0.211134080100129
2023-03-16,Bandit Meta-Strategy (UCB),-0.2055509345755565
2023-03-17,Bandit Meta-Strategy (UCB),-0.21192762057286849
2023-03-20,Bandit Meta-Strategy (UCB),-0.202841712789187
2023-03-21,Bandit Meta-Strategy (UCB),-0.19278432316917898
2023-03-22,Bandit Meta-Strategy (UCB),-0.20422446617741113
2023-03-23,Bandit Meta-Strategy (UCB),-0.20236690707472776
2023-03-24,Bandit Meta-Strategy (UCB),-0.1978546038394793
2023-03-27,Bandit Meta-Strategy (UCB),-0.19342124142210626
2023-03-28,Bandit Meta-Strategy (UCB),-0.19512555847769453
2023-03-29,Bandit Meta-Strategy (UCB),-0.18672033061661983
2023-03-30,Bandit Meta-Strategy (UCB),-0.18361287925501207
2023-03-31,Bandit Meta-Strategy (UCB),-0.17392202768057782
2023-04-03,Bandit Meta-Strategy (UCB),-0.16399038571508637
2023-04-04,Bandit Meta-Strategy (UCB),-0.16505086004717395
2023-04-05,Bandit Meta-Strategy (UCB),-0.15533089183590493
2023-04-06,Bandit Meta-Strategy (UCB),-0.15488373428222296
2023-04-10,Bandit Meta-Strategy (UCB),-0.1577923889952129
2023-04-11,Bandit Meta-Strategy (UCB),-0.1578863950080239
2023-04-12,Bandit Meta-Strategy (UCB),-0.16131543395342723
2023-04-13,Bandit Meta-Strategy (UCB),-0.1520373378056903
2023-04-14,Bandit Meta-Strategy (UCB),-0.1484239769694866
2023-04-17,Bandit Meta-Strategy (UCB),-0.14910948954604258
2023-04-18,Bandit Meta-Strategy (UCB),-0.15148167728549203
2023-04-19,Bandit Meta-Strategy (UCB),-0.15102140161448505
2023-04-20,Bandit Meta-Strategy (UCB),-0.15369190677276773
2023-04-21,Bandit Meta-Strategy (UCB),-0.14715192527397375
2023-04-24,Bandit Meta-Strategy (UCB),-0.14380980452399125
2023-04-25,Bandit Meta-Strategy (UCB),-0.15042592162237206
2023-04-26,Bandit Meta-Strategy (UCB),-0.15816943646473267
2023-04-27,Bandit Meta-Strategy (UCB),-0.1468345167522362
2023-04-28,Bandit Meta-Strategy (UCB),-0.1427809233515394
2023-05-01,Bandit Meta-Strategy (UCB),-0.14535835600566246
2023-05-02,Bandit Meta-Strategy (UCB),-0.1526382555301867
2023-05-03,Bandit Meta-Strategy (UCB),-0.16033413663298995
2023-05-04,Bandit Meta-Strategy (UCB),-0.16603597762082462
2023-05-05,Bandit Meta-Strategy (UCB),-0.15542825746557223
2023-05-08,Bandit Meta-Strategy (UCB),-0.15379249946013468
2023-05-09,Bandit Meta-Strategy (UCB),-0.15811509151370853
2023-05-10,Bandit Meta-Strategy (UCB),-0.15654769643192518
2023-05-11,Bandit Meta-Strategy (UCB),-0.15745362439429614
2023-05-12,Bandit Meta-Strategy (UCB),-0.1583169765990108
2023-05-15,Bandit Meta-Strategy (UCB),-0.15995266162458893
2023-05-16,Bandit Meta-Strategy (UCB),-0.16405958809527138
2023-05-17,Bandit Meta-Strategy (UCB),-0.15695820659850088
2023-05-18,Bandit Meta-Strategy (UCB),-0.15369003158202277
2023-05-19,Bandit Meta-Strategy (UCB),-0.15392006833193161
2023-05-22,Bandit Meta-Strategy (UCB),-0.1606941951129373
2023-05-23,Bandit Meta-Strategy (UCB),-0.1641119692064152
2023-05-24,Bandit Meta-Strategy (UCB),-0.16698392401213658
2023-05-25,Bandit Meta-Strategy (UCB),-0.16776221544624956
2023-05-26,Bandit Meta-Strategy (UCB),-0.16273858219731327
2023-05-30,Bandit Meta-Strategy (UCB),-0.16474132822731544
2023-05-31,Bandit Meta-Strategy (UCB),-0.16531111906648263
2023-06-01,Bandit Meta-Strategy (UCB),-0.1590132651129474
2023-06-02,Bandit Meta-Strategy (UCB),-0.1467062910750561
2023-06-05,Bandit Meta-Strategy (UCB),-0.14575748805751282
2023-06-06,Bandit Meta-Strategy (UCB),-0.14587727826647987
2023-06-07,Bandit Meta-Strategy (UCB),-0.14599455755870566
2023-06-08,Bandit Meta-Strategy (UCB),-0.1392718233977105
2023-06-09,Bandit Meta-Strategy (UCB),-0.13764510719308323
2023-06-12,Bandit Meta-Strategy (UCB),-0.13464089204083693
2023-06-13,Bandit Meta-Strategy (UCB),-0.1299039389252064
2023-06-14,Bandit Meta-Strategy (UCB),-0.12632088149219708
2023-06-15,Bandit Meta-Strategy (UCB),-0.11849101249805088
2023-06-16,Bandit Meta-Strategy (UCB),-0.11973796955954503
2023-06-20,Bandit Meta-Strategy (UCB),-0.1236962462199023
2023-06-21,Bandit Meta-Strategy (UCB),-0.1254116653825596
2023-06-22,Bandit Meta-Strategy (UCB),-0.11993502497597111
2023-06-23,Bandit Meta-Strategy (UCB),-0.12443361563787539
2023-06-26,Bandit Meta-Strategy (UCB),-0.13055154558822749
2023-06-27,Bandit Meta-Strategy (UCB),-0.1284100071933893
2023-06-28,Bandit Meta-Strategy (UCB),-0.12873689170795596
2023-06-29,Bandit Meta-Strategy (UCB),-0.12779808000829088
2023-06-30,Bandit Meta-Strategy (UCB),-0.12823432094455764
2023-07-03,Bandit Meta-Strategy (UCB),-0.12679869629244794
2023-07-05,Bandit Meta-Strategy (UCB),-0.1263037702457962
2023-07-06,Bandit Meta-Strategy (UCB),-0.13648727046046458
2023-07-07,Bandit Meta-Strategy (UCB),-0.14551208948117056
2023-07-10,Bandit Meta-Strategy (UCB),-0.1444156645339609
2023-07-11,Bandit Meta-Strategy (UCB),-0.14249292785633577
2023-07-12,Bandit Meta-Strategy (UCB),-0.13764169332884918
2023-07-13,Bandit Meta-Strategy (UCB),-0.1338162580182461
2023-07-14,Bandit Meta-Strategy (UCB),-0.13391469772958897
2023-07-17,Bandit Meta-Strategy (UCB),-0.13467288808228503
2023-07-18,Bandit Meta-Strategy (UCB),-0.13195735387333765
2023-07-19,Bandit Meta-Strategy (UCB),-0.12729006976506219
2023-07-20,Bandit Meta-Strategy (UCB),-0.11862207196171747
2023-07-21,Bandit Meta-Strategy (UCB),-0.11414473912387393
2023-07-24,Bandit Meta-Strategy (UCB),-0.10894279038404894
2023-07-25,Bandit Meta-Strategy (UCB),-0.10813655475620902
2023-07-26,Bandit Meta-Strategy (UCB),-0.10481316264164703
2023-07-27,Bandit Meta-Strategy (UCB),-0.1090265171351417
2023-07-28,Bandit Meta-Strategy (UCB),-0.1005536951482108
2023-07-31,Bandit Meta-Strategy (UCB),-0.10595166060756427
2023-08-01,Bandit Meta-Strategy (UCB),-0.10719725342682149
2023-08-02,Bandit Meta-Strategy (UCB),-0.11198479805555894
2023-08-03,Bandit Meta-Strategy (UCB),-0.10979497883791403
2023-08-04,Bandit Meta-Strategy (UCB),-0.11551907444379764
2023-08-07,Bandit Meta-Strategy (UCB),-0.10399999283761391
2023-08-08,Bandit Meta-Strategy (UCB),-0.10571251803273721
2023-08-09,Bandit Meta-Strategy (UCB),-0.1074956600932804
2023-08-10,Bandit Meta-Strategy (UCB),-0.10862390910048533
2023-08-11,Bandit Meta-Strategy (UCB),-0.1048390266884928
2023-08-14,Bandit Meta-Strategy (UCB),-0.10483438473275734
2023-08-15,Bandit Meta-Strategy (UCB),-0.11479106203909986
2023-08-16,Bandit Meta-Strategy (UCB),-0.12110608700846734
2023-08-17,Bandit Meta-Strategy (UCB),-0.12048846718659904
2023-08-18,Bandit Meta-Strategy (UCB),-0.11927041964423271
2023-08-21,Bandit Meta-Strategy (UCB),-0.12289295381667983
2023-08-22,Bandit Meta-Strategy (UCB),-0.1270553808460678
2023-08-23,Bandit Meta-Strategy (UCB),-0.12402247651304729
2023-08-24,Bandit Meta-Strategy (UCB),-0.1300590938188395
2023-08-25,Bandit Meta-Strategy (UCB),-0.12415863532770133
2023-08-28,Bandit Meta-Strategy (UCB),-0.12294766044956489
2023-08-29,Bandit Meta-Strategy (UCB),-0.11682137719104908
2023-08-30,Bandit Meta-Strategy (UCB),-0.11585965462540629
2023-08-31,Bandit Meta-Strategy (UCB),-0.11621209722665618
2023-09-01,Bandit Meta-Strategy (UCB),-0.11782502828987816
2023-09-05,Bandit Meta-Strategy (UCB),-0.12137100495421493
2023-09-06,Bandit Meta-Strategy (UCB),-0.12603379993178068
2023-09-07,Bandit Meta-Strategy (UCB),-0.12425876466556902
2023-09-08,Bandit Meta-Strategy (UCB),-0.12259099122935083
2023-09-11,Bandit Meta-Strategy (UCB),-0.11571984444077871
2023-09-12,Bandit Meta-Strategy (UCB),-0.11616698086108895
2023-09-13,Bandit Meta-Strategy (UCB),-0.11535212660234068
2023-09-14,Bandit Meta-Strategy (UCB),-0.11105931543037882
2023-09-15,Bandit Meta-Strategy (UCB),-0.12099037240949413
2023-09-18,Bandit Meta-Strategy (UCB),-0.12032194037200865
2023-09-19,Bandit Meta-Strategy (UCB),-0.12218132057894016
2023-09-20,Bandit Meta-Strategy (UCB),-0.1247879674225349
2023-09-21,Bandit Meta-Strategy (UCB),-0.13643367859343664
2023-09-22,Bandit Meta-Strategy (UCB),-0.13894849011136098
2023-09-25,Bandit Meta-Strategy (UCB),-0.13836706308944963
2023-09-26,Bandit Meta-Strategy (UCB),-0.145696421892097
2023-09-27,Bandit Meta-Strategy (UCB),-0.14838768653689674
2023-09-28,Bandit Meta-Strategy (UCB),-0.14672380133384189
2023-09-29,Bandit Meta-Strategy (UCB),-0.1469615075233195
2023-10-02,Bandit Meta-Strategy (UCB),-0.1472819103918453
2023-10-03,Bandit Meta-Strategy (UCB),-0.1557171083708733
2023-10-04,Bandit Meta-Strategy (UCB),-0.15209829230951455
2023-10-05,Bandit Meta-Strategy (UCB),-0.16087965497178086
2023-10-06,Bandit Meta-Strategy (UCB),-0.15699930688815722
2023-10-09,Bandit Meta-Strategy (UCB),-0.1552852278665081
2023-10-10,Bandit Meta-Strategy (UCB),-0.14754521682380486
2023-10-11,Bandit Meta-Strategy (UCB),-0.15022930805818263
2023-10-12,Bandit Meta-Strategy (UCB),-0.15423722965228734
2023-10-13,Bandit Meta-Strategy (UCB),-0.15529623941335194
2023-10-16,Bandit Meta-Strategy (UCB),-0.14623071763398282
2023-10-17,Bandit Meta-Strategy (UCB),-0.14622889471744943
2023-10-18,Bandit Meta-Strategy (UCB),-0.15472329839852672
2023-10-19,Bandit Meta-Strategy (UCB),-0.15817286010695472
2023-10-20,Bandit Meta-Strategy (UCB),-0.16340496713221558
2023-10-23,Bandit Meta-Strategy (UCB),-0.1635470557904879
2023-10-24,Bandit Meta-Strategy (UCB),-0.15643204442147887
2023-10-25,Bandit Meta-Strategy (UCB),-0.15981848797744305
2023-10-26,Bandit Meta-Strategy (UCB),-0.1694133414921101
2023-10-27,Bandit Meta-Strategy (UCB),-0.17757072610982566
2023-10-30,Bandit Meta-Strategy (UCB),-0.16633351581138386
2023-10-31,Bandit Meta-Strategy (UCB),-0.16651520243769946
2023-11-01,Bandit Meta-Strategy (UCB),-0.16057361767693096
2023-11-02,Bandit Meta-Strategy (UCB),-0.149526617588333
2023-11-03,Bandit Meta-Strategy (UCB),-0.14681661938316237
2023-11-06,Bandit Meta-Strategy (UCB),-0.14520932439035877
2023-11-07,Bandit Meta-Strategy (UCB),-0.1437015470266486
2023-11-08,Bandit Meta-Strategy (UCB),-0.1461821363792918
2023-11-09,Bandit Meta-Strategy (UCB),-0.1528449441112371
2023-11-10,Bandit Meta-Strategy (UCB),-0.14526449843876046
2023-11-13,Bandit Meta-Strategy (UCB),-0.1425920275712523
2023-11-14,Bandit Meta-Strategy (UCB),-0.13419241367197351
2023-11-15,Bandit Meta-Strategy (UCB),-0.12862928706264887
2023-11-16,Bandit Meta-Strategy (UCB),-0.1404352854968078
2023-11-17,Bandit Meta-Strategy (UCB),-0.14067414015059215
2023-11-20,Bandit Meta-Strategy (UCB),-0.13811426740563018
2023-11-21,Bandit Meta-Strategy (UCB),-0.13615654395170868
2023-11-22,Bandit Meta-Strategy (UCB),-0.13517338826098446
2023-11-24,Bandit Meta-Strategy (UCB),-0.13197240075710792
2023-11-27,Bandit Meta-Strategy (UCB),-0.13385638118933157
2023-11-28,Bandit Meta-Strategy (UCB),-0.13043213596411102
2023-11-29,Bandit Meta-Strategy (UCB),-0.13488625131831905
2023-11-30,Bandit Meta-Strategy (UCB),-0.131568198566742
2023-12-01,Bandit Meta-Strategy (UCB),-0.13138508509566146
2023-12-04,Bandit Meta-Strategy (UCB),-0.13355572176596164
2023-12-05,Bandit Meta-Strategy (UCB),-0.13559462054799526
2023-12-06,Bandit Meta-Strategy (UCB),-0.14088127799730804
2023-12-07,Bandit Meta-Strategy (UCB),-0.13967259063349866
2023-12-08,Bandit Meta-Strategy (UCB),-0.14036747687877085
2023-12-11,Bandit Meta-Strategy (UCB),-0.1398309295242269
2023-12-12,Bandit Meta-Strategy (UCB),-0.1365985826623974
2023-12-13,Bandit Meta-Strategy (UCB),-0.12873066092259097
2023-12-14,Bandit Meta-Strategy (UCB),-0.13103931290683765
2023-12-15,Bandit Meta-Strategy (UCB),-0.13134611926026035
2023-12-18,Bandit Meta-Strategy (UCB),-0.12335538421634365
2023-12-19,Bandit Meta-Strategy (UCB),-0.11793135841476488
2023-12-20,Bandit Meta-Strategy (UCB),-0.1319375734685389
2023-12-21,Bandit Meta-Strategy (UCB),-0.12426508150961292
2023-12-22,Bandit Meta-Strategy (UCB),-0.12132908559001548
2023-12-26,Bandit Meta-Strategy (UCB),-0.11850975741173118
2023-12-27,Bandit Meta-Strategy (UCB),-0.11563154499678935
2023-12-28,Bandit Meta-Strategy (UCB),-0.11636157763261953
2023-12-29,Bandit Meta-Strategy (UCB),-0.11662940117859477
2024-01-02,Bandit Meta-Strategy (UCB),-0.11142146764726464
2024-01-03,Bandit Meta-Strategy (UCB),-0.11414095713090174
2024-01-04,Bandit Meta-Strategy (UCB),-0.11707164305973299
2024-01-05,Bandit Meta-Strategy (UCB),-0.11598061062209494
2024-01-08,Bandit Meta-Strategy (UCB),-0.10685916095050463
2024-01-09,Bandit Meta-Strategy (UCB),-0.10677893748413327
2024-01-10,Bandit Meta-Strategy (UCB),-0.10061766610638996
2024-01-11,Bandit Meta-Strategy (UCB),-0.10317484688231343
2024-01-12,Bandit Meta-Strategy (UCB),-0.10085373748088008
2024-01-16,Bandit Meta-Strategy (UCB),-0.1034090020762639
2024-01-17,Bandit Meta-Strategy (UCB),-0.10638037497559062
2024-01-18,Bandit Meta-Strategy (UCB),-0.10172458362076198
2024-01-19,Bandit Meta-Strategy (UCB),-0.09709363427183318
2024-01-22,Bandit Meta-Strategy (UCB),-0.09790297759680384
2024-01-23,Bandit Meta-Strategy (UCB),-0.09406710804954618
2024-01-24,Bandit Meta-Strategy (UCB),-0.09570161665414566
2024-01-25,Bandit Meta-Strategy (UCB),-0.09122873901804639
2024-01-26,Bandit Meta-Strategy (UCB),-0.08965544037201376
2024-01-29,Bandit Meta-Strategy (UCB),-0.08257670970589888
2024-01-30,Bandit Meta-Strategy (UCB),-0.08016717146808727
2024-01-31,Bandit Meta-Strategy (UCB),-0.08042938606556714
2024-02-01,Bandit Meta-Strategy (UCB),-0.06897700054486586
2024-02-02,Bandit Meta-Strategy (UCB),-0.06311918227106905
2024-02-05,Bandit Meta-Strategy (UCB),-0.06686839065427441
2024-02-06,Bandit Meta-Strategy (UCB),-0.061025136715230896
2024-02-07,Bandit Meta-Strategy (UCB),-0.056287000257197434
2024-02-08,Bandit Meta-Strategy (UCB),-0.05542539935382927
2024-02-09,Bandit Meta-Strategy (UCB),-0.0544523533432059
2024-02-12,Bandit Meta-Strategy (UCB),-0.053629593411005906
2024-02-13,Bandit Meta-Strategy (UCB),-0.06337892486936011
2024-02-14,Bandit Meta-Strategy (UCB),-0.06041813480504701
2024-02-15,Bandit Meta-Strategy (UCB),-0.05248186097124311
2024-02-16,Bandit Meta-Strategy (UCB),-0.054182664242499574
2024-02-20,Bandit Meta-Strategy (UCB),-0.050071342099980716
2024-02-21,Bandit Meta-Strategy (UCB),-0.04875743062281762
2024-02-22,Bandit Meta-Strategy (UCB),-0.034184752290035654
2024-02-23,Bandit Meta-Strategy (UCB),-0.03393466709007602
2024-02-26,Bandit Meta-Strategy (UCB),-0.15550779636385237
2024-02-27,Bandit Meta-Strategy (UCB),-0.15501974404469895
2024-02-28,Bandit Meta-Strategy (UCB),-0.15396617231882814
2024-02-29,Bandit Meta-Strategy (UCB),-0.1544353609953446
2024-03-01,Bandit Meta-Strategy (UCB),-0.15107860435707662
2024-03-04,Bandit Meta-Strategy (UCB),-0.15476146116834155
2024-03-05,Bandit Meta-Strategy (UCB),-0.15736058124150273
2024-03-06,Bandit Meta-Strategy (UCB),-0.1541149448506324
2024-03-07,Bandit Meta-Strategy (UCB),-0.1511684894121216
2024-03-08,Bandit Meta-Strategy (UCB),-0.1523586886211293
2024-03-11,Bandit Meta-Strategy (UCB),-0.14814038105122668
2024-03-12,Bandit Meta-Strategy (UCB),-0.13966706707765594
2024-03-13,Bandit Meta-Strategy (UCB),-0.13944594132018423
2024-03-14,Bandit Meta-Strategy (UCB),-0.14395234718655348
2024-03-15,Bandit Meta-Strategy (UCB),-0.15003811011625662
2024-03-18,Bandit Meta-Strategy (UCB),-0.14475376510645896
2024-03-19,Bandit Meta-Strategy (UCB),-0.14265642026663208
2024-03-20,Bandit Meta-Strategy (UCB),-0.13624372178067312
2024-03-21,Bandit Meta-Strategy (UCB),-0.13576891373710173
2024-03-22,Bandit Meta-Strategy (UCB),-0.1389246293979511
2024-03-25,Bandit Meta-Strategy (UCB),-0.1400826553239724
2024-03-26,Bandit Meta-Strategy (UCB),-0.14056727293091728
2024-03-27,Bandit Meta-Strategy (UCB),-0.13584625802494846
2024-03-28,Bandit Meta-Strategy (UCB),-0.13621440019413264
2024-04-01,Bandit Meta-Strategy (UCB),-0.13971089457851316
2024-04-02,Bandit Meta-Strategy (UCB),-0.14247319932978908
2024-04-03,Bandit Meta-Strategy (UCB),-0.14959199133794757
2024-04-04,Bandit Meta-Strategy (UCB),-0.15728743874248569
2024-04-05,Bandit Meta-Strategy (UCB),-0.15088339310274265
2024-04-08,Bandit Meta-Strategy (UCB),-0.15174631786274947
2024-04-09,Bandit Meta-Strategy (UCB),-0.15023253873267728
2024-04-10,Bandit Meta-Strategy (UCB),-0.1551910180953007
2024-04-11,Bandit Meta-Strategy (UCB),-0.15406709881975883
2024-04-12,Bandit Meta-Strategy (UCB),-0.1685902524504241
2024-04-15,Bandit Meta-Strategy (UCB),-0.1751465337227508
2024-04-16,Bandit Meta-Strategy (UCB),-0.17914546835898262
2024-04-17,Bandit Meta-Strategy (UCB),-0.18129451891071707
2024-04-18,Bandit Meta-Strategy (UCB),-0.1811548078389901
2024-04-19,Bandit Meta-Strategy (UCB),-0.1802287020540174
2024-04-22,Bandit Meta-Strategy (UCB),-0.17290610303166595
2024-04-23,Bandit Meta-Strategy (UCB),-0.16588766841701896
2024-04-24,Bandit Meta-Strategy (UCB),-0.16295083880629063
2024-04-25,Bandit Meta-Strategy (UCB),-0.16854505251513016
2024-04-26,Bandit Meta-Strategy (UCB),-0.16672581653470495
2024-04-29,Bandit Meta-Strategy (UCB),-0.1625095384645697
2024-04-30,Bandit Meta-Strategy (UCB),-0.16292041804208804
2024-05-01,Bandit Meta-Strategy (UCB),-0.1576221471180404
2024-05-02,Bandit Meta-Strategy (UCB),-0.15183467759143876
2024-05-03,Bandit Meta-Strategy (UCB),-0.1445122035048703
2024-05-06,Bandit Meta-Strategy (UCB),-0.13822802782962917
2024-05-07,Bandit Meta-Strategy (UCB),-0.13878648979715463
2024-05-08,Bandit Meta-Strategy (UCB),-0.1376698821176864
2024-05-09,Bandit Meta-Strategy (UCB),-0.13287557067689817
2024-05-10,Bandit Meta-Strategy (UCB),-0.13213902068547162
2024-05-13,Bandit Meta-Strategy (UCB),-0.13133234392342888
2024-05-14,Bandit Meta-Strategy (UCB),-0.13058934068844988
2024-05-15,Bandit Meta-Strategy (UCB),-0.1234631374082774
2024-05-16,Bandit Meta-Strategy (UCB),-0.11811870160143477
2024-05-17,Bandit Meta-Strategy (UCB),-0.11594014298067769
2024-05-20,Bandit Meta-Strategy (UCB),-0.12307431270217858
2024-05-21,Bandit Meta-Strategy (UCB),-0.11873005680784753
2024-05-22,Bandit Meta-Strategy (UCB),-0.11911475281503439
2024-05-23,Bandit Meta-Strategy (UCB),-0.12882901531500698
2024-05-24,Bandit Meta-Strategy (UCB),-0.12511171213613637
2024-05-28,Bandit Meta-Strategy (UCB),-0.1279713884854475
2024-05-29,Bandit Meta-Strategy (UCB),-0.1321798329057201
2024-05-30,Bandit Meta-Strategy (UCB),-0.13118892222386674
2024-05-31,Bandit Meta-Strategy (UCB),-0.1315559054097265
2024-06-03,Bandit Meta-Strategy (UCB),-0.13070752244801637
2024-06-04,Bandit Meta-Strategy (UCB),-0.12614095967279107
2024-06-05,Bandit Meta-Strategy (UCB),-0.12133191858902166
2024-06-06,Bandit Meta-Strategy (UCB),-0.11876076495460562
2024-06-07,Bandit Meta-Strategy (UCB),-0.1221330673000244
2024-06-10,Bandit Meta-Strategy (UCB),-0.17389336886401272
2024-06-11,Bandit Meta-Strategy (UCB),-0.17288655574209588
2024-06-12,Bandit Meta-Strategy (UCB),-0.1754945259021298
2024-06-13,Bandit Meta-Strategy (UCB),-0.17261385407033517
2024-06-14,Bandit Meta-Strategy (UCB),-0.1734056444788905
2024-06-17,Bandit Meta-Strategy (UCB),-0.1687550578544855
2024-06-18,Bandit Meta-Strategy (UCB),-0.16608278239516183
2024-06-20,Bandit Meta-Strategy (UCB),-0.16484205041047703
2024-06-21,Bandit Meta-Strategy (UCB),-0.16410295772016428
2024-06-24,Bandit Meta-Strategy (UCB),-0.1595624546796733
2024-06-25,Bandit Meta-Strategy (UCB),-0.16401930735042916
2024-06-26,Bandit Meta-Strategy (UCB),-0.1597310385355543
2024-06-27,Bandit Meta-Strategy (UCB),-0.16161213624005907
2024-06-28,Bandit Meta-Strategy (UCB),-0.1617480264210039
2024-07-01,Bandit Meta-Strategy (UCB),-0.16140064352349429
2024-07-02,Bandit Meta-Strategy (UCB),-0.15478240056263834
2024-07-03,Bandit Meta-Strategy (UCB),-0.14965460426768526
2024-07-05,Bandit Meta-Strategy (UCB),-0.1433302180842396
2024-07-08,Bandit Meta-Strategy (UCB),-0.14474730909796735
2024-07-09,Bandit Meta-Strategy (UCB),-0.14335598012676715
2024-07-10,Bandit Meta-Strategy (UCB),-0.13762558220889481
2024-07-11,Bandit Meta-Strategy (UCB),-0.14694498190239783
2024-07-12,Bandit Meta-Strategy (UCB),-0.1433284145499866
2024-07-15,Bandit Meta-Strategy (UCB),-0.14111042223925702
2024-07-16,Bandit Meta-Strategy (UCB),-0.13436974019997008
2024-07-17,Bandit Meta-Strategy (UCB),-0.13332178469949307
2024-07-18,Bandit Meta-Strategy (UCB),-0.13790705580889095
2024-07-19,Bandit Meta-Strategy (UCB),-0.14433249751886482
2024-07-22,Bandit Meta-Strategy (UCB),-0.14044845380368945
2024-07-23,Bandit Meta-Strategy (UCB),-0.14570035493431238
2024-07-24,Bandit Meta-Strategy (UCB),-0.15825028461833823
2024-07-25,Bandit Meta-Strategy (UCB),-0.15953805117722344
2024-07-26,Bandit Meta-Strategy (UCB),-0.1513170122878143
2024-07-29,Bandit Meta-Strategy (UCB),-0.1500014695345872
2024-07-30,Bandit Meta-Strategy (UCB),-0.15599410907491196
2024-07-31,Bandit Meta-Strategy (UCB),-0.14986526630582112
2024-08-01,Bandit Meta-Strategy (UCB),-0.15044378549826773
2024-08-02,Bandit Meta-Strategy (UCB),-0.15418202346714044
2024-08-05,Bandit Meta-Strategy (UCB),-0.17560910211739314
2024-08-06,Bandit Meta-Strategy (UCB),-0.17066712425736422
2024-08-07,Bandit Meta-Strategy (UCB),-0.17505853075949568
2024-08-08,Bandit Meta-Strategy (UCB),-0.1624721574086111
2024-08-09,Bandit Meta-Strategy (UCB),-0.15991813385954798
2024-08-12,Bandit Meta-Strategy (UCB),-0.1616935850517148
2024-08-13,Bandit Meta-Strategy (UCB),-0.15463913580131117
2024-08-14,Bandit Meta-Strategy (UCB),-0.15011119397992534
2024-08-15,Bandit Meta-Strategy (UCB),-0.13589544978479284
2024-08-16,Bandit Meta-Strategy (UCB),-0.13300902443504126
2024-08-19,Bandit Meta-Strategy (UCB),-0.12718698617880772
2024-08-20,Bandit Meta-Strategy (UCB),-0.1260850492595595
2024-08-21,Bandit Meta-Strategy (UCB),-0.12328052441814277
2024-08-22,Bandit Meta-Strategy (UCB),-0.1279162059581209
2024-08-23,Bandit Meta-Strategy (UCB),-0.12106408667593016
2024-08-26,Bandit Meta-Strategy (UCB),-0.11875649745387182
2024-08-27,Bandit Meta-Strategy (UCB),-0.11869545721882653
2024-08-28,Bandit Meta-Strategy (UCB),-0.12249192382367366
2024-08-29,Bandit Meta-Strategy (UCB),-0.12087281499608146
2024-08-30,Bandit Meta-Strategy (UCB),-0.12121304701112354
2024-09-03,Bandit Meta-Strategy (UCB),-0.12972841623076983
2024-09-04,Bandit Meta-Strategy (UCB),-0.12893887736840776
2024-09-05,Bandit Meta-Strategy (UCB),-0.13110623949960537
2024-09-06,Bandit Meta-Strategy (UCB),-0.14062941820800368
2024-09-09,Bandit Meta-Strategy (UCB),-0.12970998838740116
2024-09-10,Bandit Meta-Strategy (UCB),-0.12845633758050912
2024-09-11,Bandit Meta-Strategy (UCB),-0.12861451064532406
2024-09-12,Bandit Meta-Strategy (UCB),-0.12278362367519034
2024-09-13,Bandit Meta-Strategy (UCB),-0.11777297400466893
2024-09-16,Bandit Meta-Strategy (UCB),-0.11099316713091355
2024-09-17,Bandit Meta-Strategy (UCB),-0.11141272583925294
2024-09-18,Bandit Meta-Strategy (UCB),-0.11484993817750039
2024-09-19,Bandit Meta-Strategy (UCB),-0.11078278841420724
2024-09-20,Bandit Meta-Strategy (UCB),-0.10821634920687172
2024-09-23,Bandit Meta-Strategy (UCB),-0.1035915550506527
2024-09-24,Bandit Meta-Strategy (UCB),-0.10376262673987804
2024-09-25,Bandit Meta-Strategy (UCB),-0.10575961540158856
2024-09-26,Bandit Meta-Strategy (UCB),-0.10778857961535801
2024-09-27,Bandit Meta-Strategy (UCB),-0.10454752256989122
2024-09-30,Bandit Meta-Strategy (UCB),-0.10480985981039406
2024-10-01,Bandit Meta-Strategy (UCB),-0.10538807690157287
2024-10-02,Bandit Meta-Strategy (UCB),-0.1071936459022293
2024-10-03,Bandit Meta-Strategy (UCB),-0.10828478032717329
2024-10-04,Bandit Meta-Strategy (UCB),-0.10270123585908646
2024-10-07,Bandit Meta-Strategy (UCB),-0.11274248533302868
2024-10-08,Bandit Meta-Strategy (UCB),-0.10684771205698763
2024-10-09,Bandit Meta-Strategy (UCB),-0.10162249322242581
2024-10-10,Bandit Meta-Strategy (UCB),-0.10373562094789206
2024-10-11,Bandit Meta-Strategy (UCB),-0.09915191552662575
2024-10-14,Bandit Meta-Strategy (UCB),-0.09431922535036007
2024-10-15,Bandit Meta-Strategy (UCB),-0.09593661841210553
2024-10-16,Bandit Meta-Strategy (UCB),-0.09250971087739314
2024-10-17,Bandit Meta-Strategy (UCB),-0.09442721939721138
2024-10-18,Bandit Meta-Strategy (UCB),-0.08670539601408822
2024-10-21,Bandit Meta-Strategy (UCB),-0.09125248044533281
2024-10-22,Bandit Meta-Strategy (UCB),-0.08994937006140083
2024-10-23,Bandit Meta-Strategy (UCB),-0.09514382199175712
2024-10-24,Bandit Meta-Strategy (UCB),-0.09479813695382489
2024-10-25,Bandit Meta-Strategy (UCB),-0.09849882808067582
2024-10-28,Bandit Meta-Strategy (UCB),-0.09564226170621135
2024-10-29,Bandit Meta-Strategy (UCB),-0.10070437061807812
2024-10-30,Bandit Meta-Strategy (UCB),-0.10061351451146808
2024-10-31,Bandit Meta-Strategy (UCB),-0.10839783706772779
2024-11-01,Bandit Meta-Strategy (UCB),-0.1078316178566933
2024-11-04,Bandit Meta-Strategy (UCB),-0.10742969782205684
2024-11-05,Bandit Meta-Strategy (UCB),-0.09962424847133955
2024-11-06,Bandit Meta-Strategy (UCB),-0.09200776413169487
2024-11-07,Bandit Meta-Strategy (UCB),-0.08506277339931799
2024-11-08,Bandit Meta-Strategy (UCB),-0.07974693645423564
2024-11-11,Bandit Meta-Strategy (UCB),-0.08025194720763805
2024-11-12,Bandit Meta-Strategy (UCB),-0.08036284009541553
2024-11-13,Bandit Meta-Strategy (UCB),-0.07675576525212131
2024-11-14,Bandit Meta-Strategy (UCB),-0.07828985264945659
2024-11-15,Bandit Meta-Strategy (UCB),-0.07965256386092182
2024-11-18,Bandit Meta-Strategy (UCB),-0.07487079016821159
2024-11-19,Bandit Meta-Strategy (UCB),-0.06903601908918179
2024-11-20,Bandit Meta-Strategy (UCB),-0.06814636760096215
2024-11-21,Bandit Meta-Strategy (UCB),-0.05943833179393195
2024-11-22,Bandit Meta-Strategy (UCB),-0.05338585883037884
2024-11-25,Bandit Meta-Strategy (UCB),-0.05475596330301154
2024-11-26,Bandit Meta-Strategy (UCB),-0.051149821628633727
2024-11-27,Bandit Meta-Strategy (UCB),-0.049691546540273995
2024-11-29,Bandit Meta-Strategy (UCB),-0.0460671435341329
2024-12-02,Bandit Meta-Strategy (UCB),-0.0429233615988453
2024-12-03,Bandit Meta-Strategy (UCB),-0.04580812747044528
2024-12-04,Bandit Meta-Strategy (UCB),-0.04770773549276026
2024-12-05,Bandit Meta-Strategy (UCB),-0.04459412500363569
2024-12-06,Bandit Meta-Strategy (UCB),-0.04253046252159837
2024-12-09,Bandit Meta-Strategy (UCB),-0.05292344542756273
2024-12-10,Bandit Meta-Strategy (UCB),-0.050370215725446504
2024-12-11,Bandit Meta-Strategy (UCB),-0.046597223275536184
2024-12-12,Bandit Meta-Strategy (UCB),-0.04919213501642565
2024-12-13,Bandit Meta-Strategy (UCB),-0.05237995179464208
2024-12-16,Bandit Meta-Strategy (UCB),-0.05423863880969549
2024-12-17,Bandit Meta-Strategy (UCB),-0.05124608080784975
2024-12-18,Bandit Meta-Strategy (UCB),-0.07168877092928037
2024-12-19,Bandit Meta-Strategy (UCB),-0.07102706895996644
2024-12-20,Bandit Meta-Strategy (UCB),-0.06837743084480782
2024-12-23,Bandit Meta-Strategy (UCB),-0.06624510012058962
2024-12-24,Bandit Meta-Strategy (UCB),-0.05511188967591682
2024-12-26,Bandit Meta-Strategy (UCB),-0.056010565169278013
2024-12-27,Bandit Meta-Strategy (UCB),-0.06415931409859875
2024-12-30,Bandit Meta-Strategy (UCB),-0.0738384800463914
2024-12-31,Bandit Meta-Strategy (UCB),-0.07431174290497276
2025-01-02,Bandit Meta-Strategy (UCB),-0.07799443369139489
2025-01-03,Bandit Meta-Strategy (UCB),-0.07243337791270785
2025-01-06,Bandit Meta-Strategy (UCB),-0.07479715059158647
2025-01-07,Bandit Meta-Strategy (UCB),-0.07833237688572554
2025-01-08,Bandit Meta-Strategy (UCB),-0.07931298788394105
2025-01-10,Bandit Meta-Strategy (UCB),-0.08996636418314206
2025-01-13,Bandit Meta-Strategy (UCB),-0.08614790567318702
2025-01-14,Bandit Meta-Strategy (UCB),-0.08657523827036526
2025-01-15,Bandit Meta-Strategy (UCB),-0.07537079890002972
2025-01-16,Bandit Meta-Strategy (UCB),-0.07574981695722052
2025-01-17,Bandit Meta-Strategy (UCB),-0.06818153773457657
2025-01-21,Bandit Meta-Strategy (UCB),-0.06458097264342583
2025-01-22,Bandit Meta-Strategy (UCB),-0.059779866394356014
2025-01-23,Bandit Meta-Strategy (UCB),-0.0532159417030917
2025-01-24,Bandit Meta-Strategy (UCB),-0.05707304426060872
2025-01-27,Bandit Meta-Strategy (UCB),-0.04874413871407249
2025-01-28,Bandit Meta-Strategy (UCB),-0.05321214038174765
2025-01-29,Bandit Meta-Strategy (UCB),-0.053236251047218304
2025-01-30,Bandit Meta-Strategy (UCB),-0.044525028935474546
2025-01-31,Bandit Meta-Strategy (UCB),-0.053352529967834475
2025-02-03,Bandit Meta-Strategy (UCB),-0.05301662610955962
2025-02-04,Bandit Meta-Strategy (UCB),-0.04732319147505694
2025-02-05,Bandit Meta-Strategy (UCB),-0.04144163314976946
2025-02-06,Bandit Meta-Strategy (UCB),-0.04033253002770794
2025-02-07,Bandit Meta-Strategy (UCB),-0.043676582604649405
2025-02-10,Bandit Meta-Strategy (UCB),-0.03588056547999428
2025-02-11,Bandit Meta-Strategy (UCB),-0.02715114174796321
2025-02-12,Bandit Meta-Strategy (UCB),-0.02769767893700491
2025-02-13,Bandit Meta-Strategy (UCB),-0.015854934212942137
2025-02-14,Bandit Meta-Strategy (UCB),-0.02337149061667826
2025-02-18,Bandit Meta-Strategy (UCB),-0.02172085069659272
2025-02-19,Bandit Meta-Strategy (UCB),-0.015503070295960233
2025-02-20,Bandit Meta-Strategy (UCB),-0.02016509801165801
2025-02-21,Bandit Meta-Strategy (UCB),-0.022988681595674954
2025-02-24,Bandit Meta-Strategy (UCB),-0.027633800080848342
2025-02-25,Bandit Meta-Strategy (UCB),-0.025380206322152057
2025-02-26,Bandit Meta-Strategy (UCB),-0.029532906536362032
2025-02-27,Bandit Meta-Strategy (UCB),-0.03592340045350345
2025-02-28,Bandit Meta-Strategy (UCB),-0.03634846777338317
2025-03-03,Bandit Meta-Strategy (UCB),-0.046099752894268584
2025-03-04,Bandit Meta-Strategy (UCB),-0.06113102856355393
2025-03-05,Bandit Meta-Strategy (UCB),-0.055658513562051586
2025-03-06,Bandit Meta-Strategy (UCB),-0.06706152572940909
2025-03-07,Bandit Meta-Strategy (UCB),-0.06610192334682503
2025-03-10,Bandit Meta-Strategy (UCB),-0.082291546052372
2025-03-11,Bandit Meta-Strategy (UCB),-0.08960091361096985
2025-03-12,Bandit Meta-Strategy (UCB),-0.09251557333451887
2025-03-13,Bandit Meta-Strategy (UCB),-0.10137832879637947
2025-03-14,Bandit Meta-Strategy (UCB),-0.08923397494485809
2025-03-17,Bandit Meta-Strategy (UCB),-0.0820356629053733
2025-03-18,Bandit Meta-Strategy (UCB),-0.09164855137958723
2025-03-19,Bandit Meta-Strategy (UCB),-0.0845758599735794
2025-03-20,Bandit Meta-Strategy (UCB),-0.08511480649302003
2025-03-21,Bandit Meta-Strategy (UCB),-0.08374715034241617
2025-03-24,Bandit Meta-Strategy (UCB),-0.0731474079982305
2025-03-25,Bandit Meta-Strategy (UCB),-0.07751874428368383
2025-03-26,Bandit Meta-Strategy (UCB),-0.08044509538932432
2025-03-27,Bandit Meta-Strategy (UCB),-0.07851577778694971
2025-03-28,Bandit Meta-Strategy (UCB),-0.08943616405616708
2025-03-31,Bandit Meta-Strategy (UCB),-0.07990662207301276
2025-04-01,Bandit Meta-Strategy (UCB),-0.08768165008757271
2025-04-02,Bandit Meta-Strategy (UCB),-0.08378698690321823
2025-04-03,Bandit Meta-Strategy (UCB),-0.10377548000250421
2025-04-04,Bandit Meta-Strategy (UCB),-0.1527256361869302
2025-04-07,Bandit Meta-Strategy (UCB),-0.15820098357226997
2025-04-08,Bandit Meta-Strategy (UCB),-0.1700153069544103
2025-04-09,Bandit Meta-Strategy (UCB),-0.11436510464238026
2025-04-10,Bandit Meta-Strategy (UCB),-0.13410483709462884
2025-04-11,Bandit Meta-Strategy (UCB),-0.11836216797571376
2025-04-14,Bandit Meta-Strategy (UCB),-0.110021770214039
2025-04-15,Bandit Meta-Strategy (UCB),-0.11014359084518435
2025-04-16,Bandit Meta-Strategy (UCB),-0.1251992185863532
2025-04-17,Bandit Meta-Strategy (UCB),-0.11331618257519308
2025-04-21,Bandit Meta-Strategy (UCB),-0.12621509430604916
2025-04-22,Bandit Meta-Strategy (UCB),-0.10638255600435755
2025-04-23,Bandit Meta-Strategy (UCB),-0.10403201371217728
2025-04-24,Bandit Meta-Strategy (UCB),-0.09712861315710095
2025-04-25,Bandit Meta-Strategy (UCB),-0.09170794653987123
2025-04-28,Bandit Meta-Strategy (UCB),-0.09075319503599848
2025-04-29,Bandit Meta-Strategy (UCB),-0.08396708485215132
2025-04-30,Bandit Meta-Strategy (UCB),-0.08432098759519793
2025-05-01,Bandit Meta-Strategy (UCB),-0.08698963629767499
2025-05-02,Bandit Meta-Strategy (UCB),-0.07611128805938765
2025-05-05,Bandit Meta-Strategy (UCB),-0.08233427769366457
2025-05-06,Bandit Meta-Strategy (UCB),-0.08497726920600152
2025-05-07,Bandit Meta-Strategy (UCB),-0.07831397414237339
2025-05-08,Bandit Meta-Strategy (UCB),-0.08080172896051514
2025-05-09,Bandit Meta-Strategy (UCB),-0.08468619253336346
2025-05-12,Bandit Meta-Strategy (UCB),-0.07209343700881585
2025-05-13,Bandit Meta-Strategy (UCB),-0.07344596526229576
2025-05-14,Bandit Meta-Strategy (UCB),-0.069485584733892
2025-05-15,Bandit Meta-Strategy (UCB),-0.05708332895729806
2025-05-16,Bandit Meta-Strategy (UCB),-0.049784691660615825
2025-05-19,Bandit Meta-Strategy (UCB),-0.04946710911343778
2025-05-20,Bandit Meta-Strategy (UCB),-0.05101470625087146
2025-05-21,Bandit Meta-Strategy (UCB),-0.05729677171638762
2025-05-22,Bandit Meta-Strategy (UCB),-0.05933942253729231
2025-05-23,Bandit Meta-Strategy (UCB),-0.05967497670549494
2025-05-27,Bandit Meta-Strategy (UCB),-0.0466680001828148
2025-05-28,Bandit Meta-Strategy (UCB),-0.05262302050707433
2025-05-29,Bandit Meta-Strategy (UCB),-0.04743216220606404
2025-05-30,Bandit Meta-Strategy (UCB),-0.04432999688636205
2025-06-02,Bandit Meta-Strategy (UCB),-0.04290795404115227
2025-06-03,Bandit Meta-Strategy (UCB),-0.04363292480933946
2025-06-04,Bandit Meta-Strategy (UCB),-0.04499397379690396
2025-06-05,Bandit Meta-Strategy (UCB),-0.0543871050952761
2025-06-06,Bandit Meta-Strategy (UCB),-0.04547471312314705
2025-06-09,Bandit Meta-Strategy (UCB),-0.04255847172670313
2025-06-10,Bandit Meta-Strategy (UCB),-0.0347745868401318
2025-06-11,Bandit Meta-Strategy (UCB),-0.03795867654749402
2025-06-12,Bandit Meta-Strategy (UCB),-0.03543768876451098
2025-06-13,Bandit Meta-Strategy (UCB),-0.043532279366442855
2025-06-16,Bandit Meta-Strategy (UCB),-0.041680045412479584
2025-06-17,Bandit Meta-Strategy (UCB),-0.05023773866619441
2025-06-18,Bandit Meta-Strategy (UCB),-0.053991604029243426
2025-06-20,Bandit Meta-Strategy (UCB),-0.05588178392101095
2025-06-23,Bandit Meta-Strategy (UCB),-0.04627886394555384
2025-06-24,Bandit Meta-Strategy (UCB),-0.04141681109314598
2025-06-25,Bandit Meta-Strategy (UCB),-0.040878668599382
2025-06-26,Bandit Meta-Strategy (UCB),-0.037942230766308364
2025-06-27,Bandit Meta-Strategy (UCB),-0.02969653318014331
2025-06-30,Bandit Meta-Strategy (UCB),-0.028510543720091056
2025-07-01,Bandit Meta-Strategy (UCB),-0.02584517246924911
2025-07-02,Bandit Meta-Strategy (UCB),-0.023316631951510045
2025-07-03,Bandit Meta-Strategy (UCB),-0.017180524931218823
2025-07-07,Bandit Meta-Strategy (UCB),-0.02359265960148107
2025-07-08,Bandit Meta-Strategy (UCB),-0.026978844407262424
2025-07-09,Bandit Meta-Strategy (UCB),-0.02543558284870469
2025-07-10,Bandit Meta-Strategy (UCB),-0.0226170349829558
2025-07-11,Bandit Meta-Strategy (UCB),-0.024321218181152408
2025-07-14,Bandit Meta-Strategy (UCB),-0.02622586013505413
2025-07-15,Bandit Meta-Strategy (UCB),-0.028733397892850097
2025-07-16,Bandit Meta-Strategy (UCB),-0.0184076016764136
2025-07-17,Bandit Meta-Strategy (UCB),-0.013321343330497736
2025-07-18,Bandit Meta-Strategy (UCB),-0.019271140339621212
2025-07-21,Bandit Meta-Strategy (UCB),-0.015169893177491048
2025-07-22,Bandit Meta-Strategy (UCB),-0.012715990769288704
2025-07-23,Bandit Meta-Strategy (UCB),-0.009002525403087427
2025-07-24,Bandit Meta-Strategy (UCB),-0.0069543726028320684
2025-07-25,Bandit Meta-Strategy (UCB),-0.006916826091813444
2025-07-28,Bandit Meta-Strategy (UCB),-0.009656911793581748
2025-07-29,Bandit Meta-Strategy (UCB),-0.0050092651523983775
2025-07-30,Bandit Meta-Strategy (UCB),-0.009178168991811652
2025-07-31,Bandit Meta-Strategy (UCB),-0.017379742491467037
2025-08-01,Bandit Meta-Strategy (UCB),-0.019695709850471733
2025-08-04,Bandit Meta-Strategy (UCB),-0.007447075599453945
2025-08-05,Bandit Meta-Strategy (UCB),-0.009559058394944277
2025-08-06,Bandit Meta-Strategy (UCB),-0.0010852122860844668
2025-08-07,Bandit Meta-Strategy (UCB),0.0
2025-08-08,Bandit Meta-Strategy (UCB),0.0
2025-08-11,Bandit Meta-Strategy (UCB),0.0
2025-08-12,Bandit Meta-Strategy (UCB),0.0
2025-08-13,Bandit Meta-Strategy (UCB),-0.0006139567695199049
2025-08-14,Bandit Meta-Strategy (UCB),-0.002072062558340336
2025-08-15,Bandit Meta-Strategy (UCB),-0.0015884664114113585
2025-08-18,Bandit Meta-Strategy (UCB),-0.0014833080462159655
2025-08-19,Bandit Meta-Strategy (UCB),-0.0006908735954899288
2025-08-20,Bandit Meta-Strategy (UCB),0.0
2025-08-21,Bandit Meta-Strategy (UCB),-0.0049911966654691735
2025-08-22,Bandit Meta-Strategy (UCB),0.0
2025-08-25,Bandit Meta-Strategy (UCB),-0.004453055275037651
2025-08-26,Bandit Meta-Strategy (UCB),-0.0054807752399586565
2025-08-27,Bandit Meta-Strategy (UCB),-0.0035036312969198087
2025-08-28,Bandit Meta-Strategy (UCB),-0.0061653929820546394
2025-08-29,Bandit Meta-Strategy (UCB),-0.006089519668591995
2025-09-02,Bandit Meta-Strategy (UCB),-0.0066047516422418065
2025-09-03,Bandit Meta-Strategy (UCB),-0.0014741460884041123
2025-09-04,Bandit Meta-Strategy (UCB),0.0
2025-09-05,Bandit Meta-Strategy (UCB),-0.005439818102609929
2025-09-08,Bandit Meta-Strategy (UCB),-0.005581636861612127
2025-09-09,Bandit Meta-Strategy (UCB),-0.0010423950206511396
2025-09-10,Bandit Meta-Strategy (UCB),-0.0024088692578686883
2025-09-11,Bandit Meta-Strategy (UCB),0.0
2025-09-12,Bandit Meta-Strategy (UCB),-0.0006039384779147959
2025-09-15,Bandit Meta-Strategy (UCB),0.0
2025-09-16,Bandit Meta-Strategy (UCB),0.0
2025-09-17,Bandit Meta-Strategy (UCB),0.0
2025-09-18,Bandit Meta-Strategy (UCB),-0.005500668874948584
2025-09-19,Bandit Meta-Strategy (UCB),-0.003213148516639328
2025-09-22,Bandit Meta-Strategy (UCB),-0.003972280410691959
2025-09-23,Bandit Meta-Strategy (UCB),-0.005674320722451511
2025-09-24,Bandit Meta-Strategy (UCB),-0.006747488617518522
2025-09-25,Bandit Meta-Strategy (UCB),-0.008671463090854918
2025-09-26,Bandit Meta-Strategy (UCB),-0.003539509733505018
2025-09-29,Bandit Meta-Strategy (UCB),-0.0002856770243500115
2025-09-30,Bandit Meta-Strategy (UCB),-0.0005720229790018055
2025-10-01,Bandit Meta-Strategy (UCB),0.0
2025-10-02,Bandit Meta-Strategy (UCB),-0.00482612148140838
2025-10-03,Bandit Meta-Strategy (UCB),0.0
2025-10-06,Bandit Meta-Strategy (UCB),0.0
2025-10-07,Bandit Meta-Strategy (UCB),0.0
2025-10-08,Bandit Meta-Strategy (UCB),-0.0010929192439781386
2025-10-09,Bandit Meta-Strategy (UCB),-0.0013828407340195018
2025-10-10,Bandit Meta-Strategy (UCB),-0.011043652736068653
2025-10-13,Bandit Meta-Strategy (UCB),-0.004826536048358153
2025-10-14,Bandit Meta-Strategy (UCB),0.0
2025-10-15,Bandit Meta-Strategy (UCB),0.0
2025-10-16,Bandit Meta-Strategy (UCB),-0.0020494376754181236
2025-10-17,Bandit Meta-Strategy (UCB),0.0
2025-10-20,Bandit Meta-Strategy (UCB),0.0
2025-10-21,Bandit Meta-Strategy (UCB),0.0
2025-10-22,Bandit Meta-Strategy (UCB),-0.002707526538658556
2025-10-23,Bandit Meta-Strategy (UCB),-0.0034867504429137624
2025-10-24,Bandit Meta-Strategy (UCB),-0.004534214644097542
2025-10-27,Bandit Meta-Strategy (UCB),0.0
2025-10-28,Bandit Meta-Strategy (UCB),-0.0011345485887189778
2025-10-29,Bandit Meta-Strategy (UCB),-0.005127920780218379
2025-10-30,Bandit Meta-Strategy (UCB),-0.005352846577791468
2025-10-31,Bandit Meta-Strategy (UCB),-0.0047625710381401995
2025-11-03,Bandit Meta-Strategy (UCB),-0.009620538015855098
2025-11-04,Bandit Meta-Strategy (UCB),-0.012082478124126954
2025-11-05,Bandit Meta-Strategy (UCB),-0.013909402200187299
2025-11-06,Bandit Meta-Strategy (UCB),-0.01479442737999182
2025-11-07,Bandit Meta-Strategy (UCB),-0.00931694798320272
2025-11-10,Bandit Meta-Strategy (UCB),0.0
2025-11-11,Bandit Meta-Strategy (UCB),0.0
2025-11-12,Bandit Meta-Strategy (UCB),-0.0021330958687955075
2025-11-13,Bandit Meta-Strategy (UCB),-0.01147343725679988
2025-11-14,Bandit Meta-Strategy (UCB),-0.012547303790824926
2025-11-17,Bandit Meta-Strategy (UCB),-0.04568778619084664
2025-11-18,Bandit Meta-Strategy (UCB),-0.048281739117412126
2025-11-19,Bandit Meta-Strategy (UCB),-0.045251066142150013
2025-11-20,Bandit Meta-Strategy (UCB),-0.04448793021431232
2025-11-21,Bandit Meta-Strategy (UCB),-0.03496243992904127
2025-11-24,Bandit Meta-Strategy (UCB),-0.029565370566472522
2025-11-25,Bandit Meta-Strategy (UCB),-0.024761440178599572
2025-11-26,Bandit Meta-Strategy (UCB),-0.02012298959334627
2015-11-30,Bandit Meta-Strategy (Thompson Sampling),0.0
2015-12-01,Bandit Meta-Strategy (Thompson Sampling),0.0
2015-12-02,Bandit Meta-Strategy (Thompson Sampling),-0.008094016019210754
2015-12-03,Bandit Meta-Strategy (Thompson Sampling),-0.018857242283333273
2015-12-04,Bandit Meta-Strategy (Thompson Sampling),0.0
2015-12-07,Bandit Meta-Strategy (Thompson Sampling),-0.007415124662684568
2015-12-08,Bandit Meta-Strategy (Thompson Sampling),-0.011746928058823634
2015-12-09,Bandit Meta-Strategy (Thompson Sampling),-0.022520816712573204
2015-12-10,Bandit Meta-Strategy (Thompson Sampling),-0.020259983138023012
2015-12-11,Bandit Meta-Strategy (Thompson Sampling),-0.04045747488263847
2015-12-14,Bandit Meta-Strategy (Thompson Sampling),-0.029781053114288806
2015-12-15,Bandit Meta-Strategy (Thompson Sampling),-0.020029729730966825
2015-12-16,Bandit Meta-Strategy (Thompson Sampling),-0.002627750376029075
2015-12-17,Bandit Meta-Strategy (Thompson Sampling),-0.014613817987900754
2015-12-18,Bandit Meta-Strategy (Thompson Sampling),-0.035431157974234455
2015-12-21,Bandit Meta-Strategy (Thompson Sampling),-0.028377007316840473
2015-12-22,Bandit Meta-Strategy (Thompson Sampling),-0.024160647075490312
2015-12-23,Bandit Meta-Strategy (Thompson Sampling),-0.01667871416421406
2015-12-24,Bandit Meta-Strategy (Thompson Sampling),-0.018345237343865412
2015-12-28,Bandit Meta-Strategy (Thompson Sampling),-0.017505240186113956
2015-12-29,Bandit Meta-Strategy (Thompson Sampling),-0.0052082657696017115
2015-12-30,Bandit Meta-Strategy (Thompson Sampling),-0.011909619863378336
2015-12-31,Bandit Meta-Strategy (Thompson Sampling),-0.012310799577389784
2016-01-04,Bandit Meta-Strategy (Thompson Sampling),-0.030692859283821917
2016-01-05,Bandit Meta-Strategy (Thompson Sampling),-0.027379830423296933
2016-01-06,Bandit Meta-Strategy (Thompson Sampling),-0.02933169529120988
2016-01-07,Bandit Meta-Strategy (Thompson Sampling),-0.04445238371074891
2016-01-08,Bandit Meta-Strategy (Thompson Sampling),-0.05887348912127315
2016-01-11,Bandit Meta-Strategy (Thompson Sampling),-0.052987130488708796
2016-01-12,Bandit Meta-Strategy (Thompson Sampling),-0.04660571848695721
2016-01-13,Bandit Meta-Strategy (Thompson Sampling),-0.07447353884435538
2016-01-14,Bandit Meta-Strategy (Thompson Sampling),-0.06102358161647157
2016-01-15,Bandit Meta-Strategy (Thompson Sampling),-0.08226445762013686
2016-01-19,Bandit Meta-Strategy (Thompson Sampling),-0.07802692587804703
2016-01-20,Bandit Meta-Strategy (Thompson Sampling),-0.09262726446941087
2016-01-21,Bandit Meta-Strategy (Thompson Sampling),-0.08901130584255218
2016-01-22,Bandit Meta-Strategy (Thompson Sampling),-0.07266026541136404
2016-01-25,Bandit Meta-Strategy (Thompson Sampling),-0.08126021591712766
2016-01-26,Bandit Meta-Strategy (Thompson Sampling),-0.07167677779422063
2016-01-27,Bandit Meta-Strategy (Thompson Sampling),-0.08557727797101672
2016-01-28,Bandit Meta-Strategy (Thompson Sampling),-0.07243282315128924
2016-01-29,Bandit Meta-Strategy (Thompson Sampling),-0.05328385431801732
2016-02-01,Bandit Meta-Strategy (Thompson Sampling),-0.051110613439522556
2016-02-02,Bandit Meta-Strategy (Thompson Sampling),-0.06881518484691336
2016-02-03,Bandit Meta-Strategy (Thompson Sampling),-0.0711403464156273
2016-02-04,Bandit Meta-Strategy (Thompson Sampling),-0.07382759599391295
2016-02-05,Bandit Meta-Strategy (Thompson Sampling),-0.09447261598923312
2016-02-08,Bandit Meta-Strategy (Thompson Sampling),-0.1051831395068433
2016-02-09,Bandit Meta-Strategy (Thompson Sampling),-0.1040640356248954
2016-02-10,Bandit Meta-Strategy (Thompson Sampling),-0.10461175025462505
2016-02-11,Bandit Meta-Strategy (Thompson Sampling),-0.1105995741864737
2016-02-12,Bandit Meta-Strategy (Thompson Sampling),-0.09660470260674973
2016-02-16,Bandit Meta-Strategy (Thompson Sampling),-0.08578040602553193
2016-02-17,Bandit Meta-Strategy (Thompson Sampling),-0.07046183341869848
2016-02-18,Bandit Meta-Strategy (Thompson Sampling),-0.07849047769984234
2016-02-19,Bandit Meta-Strategy (Thompson Sampling),-0.0758522322140138
2016-02-22,Bandit Meta-Strategy (Thompson Sampling),-0.06028076239521397
2016-02-23,Bandit Meta-Strategy (Thompson Sampling),-0.06698184984659508
2016-02-24,Bandit Meta-Strategy (Thompson Sampling),-0.06080575015782205
2016-02-25,Bandit Meta-Strategy (Thompson Sampling),-0.04830681250970556
2016-02-26,Bandit Meta-Strategy (Thompson Sampling),-0.05535786576554214
2016-02-29,Bandit Meta-Strategy (Thompson Sampling),-0.06350649041793072
2016-03-01,Bandit Meta-Strategy (Thompson Sampling),-0.043887064318636315
2016-03-02,Bandit Meta-Strategy (Thompson Sampling),-0.04176083757217502
2016-03-03,Bandit Meta-Strategy (Thompson Sampling),-0.04056285793690104
2016-03-04,Bandit Meta-Strategy (Thompson Sampling),-0.03651550053882726
2016-03-07,Bandit Meta-Strategy (Thompson Sampling),-0.03903884272340097
2016-03-08,Bandit Meta-Strategy (Thompson Sampling),-0.044741171532336706
2016-03-09,Bandit Meta-Strategy (Thompson Sampling),-0.040684246245985586
2016-03-10,Bandit Meta-Strategy (Thompson Sampling),-0.043164140341400814
2016-03-11,Bandit Meta-Strategy (Thompson Sampling),-0.034122230149459455
2016-03-14,Bandit Meta-Strategy (Thompson Sampling),-0.0320326177593713
2016-03-15,Bandit Meta-Strategy (Thompson Sampling),-0.029263697254817145
2016-03-16,Bandit Meta-Strategy (Thompson Sampling),-0.026388700593853925
2016-03-17,Bandit Meta-Strategy (Thompson Sampling),-0.023337153454083492
2016-03-18,Bandit Meta-Strategy (Thompson Sampling),-0.019252801214500462
2016-03-21,Bandit Meta-Strategy (Thompson Sampling),-0.014172865421252914
2016-03-22,Bandit Meta-Strategy (Thompson Sampling),-0.015873396699035355
2016-03-23,Bandit Meta-Strategy (Thompson Sampling),-0.01865247785361364
2016-03-24,Bandit Meta-Strategy (Thompson Sampling),-0.01613568491832392
2016-03-28,Bandit Meta-Strategy (Thompson Sampling),-0.013909576722228376
2016-03-29,Bandit Meta-Strategy (Thompson Sampling),-0.004817770837588746
2016-03-30,Bandit Meta-Strategy (Thompson Sampling),-0.0015802142118772789
2016-03-31,Bandit Meta-Strategy (Thompson Sampling),-0.001833925490866407
2016-04-01,Bandit Meta-Strategy (Thompson Sampling),0.0
2016-04-04,Bandit Meta-Strategy (Thompson Sampling),0.0
2016-04-05,Bandit Meta-Strategy (Thompson Sampling),-0.002181755889779424
2016-04-06,Bandit Meta-Strategy (Thompson Sampling),0.0
2016-04-07,Bandit Meta-Strategy (Thompson Sampling),-0.010461045752517455
2016-04-08,Bandit Meta-Strategy (Thompson Sampling),-0.010766586964829903
2016-04-11,Bandit Meta-Strategy (Thompson Sampling),-0.016235904564191075
2016-04-12,Bandit Meta-Strategy (Thompson Sampling),-0.005753995347857996
2016-04-13,Bandit Meta-Strategy (Thompson Sampling),0.0
2016-04-14,Bandit Meta-Strategy (Thompson Sampling),0.0
2016-04-15,Bandit Meta-Strategy (Thompson Sampling),0.0
2016-04-18,Bandit Meta-Strategy (Thompson Sampling),0.0
2016-04-19,Bandit Meta-Strategy (Thompson Sampling),-0.006265084070149195
2016-04-20,Bandit Meta-Strategy (Thompson Sampling),-0.008399254942251815
2016-04-21,Bandit Meta-Strategy (Thompson Sampling),-0.014046529792068895
2016-04-22,Bandit Meta-Strategy (Thompson Sampling),-0.013571264834590839
2016-04-25,Bandit Meta-Strategy (Thompson Sampling),-0.01302122019487294
2016-04-26,Bandit Meta-Strategy (Thompson Sampling),-0.017390202192138892
2016-04-27,Bandit Meta-Strategy (Thompson Sampling),-0.01761557010713721
2016-04-28,Bandit Meta-Strategy (Thompson Sampling),-0.024648816470035976
2016-04-29,Bandit Meta-Strategy (Thompson Sampling),-0.028527613529440627
2016-05-02,Bandit Meta-Strategy (Thompson Sampling),-0.018192615272632287
2016-05-03,Bandit Meta-Strategy (Thompson Sampling),-0.023663761036669527
2016-05-04,Bandit Meta-Strategy (Thompson Sampling),-0.027588615404604604
2016-05-05,Bandit Meta-Strategy (Thompson Sampling),-0.029027591595058085
2016-05-06,Bandit Meta-Strategy (Thompson Sampling),-0.021027085895070737
2016-05-09,Bandit Meta-Strategy (Thompson Sampling),-0.01914994494029255
2016-05-10,Bandit Meta-Strategy (Thompson Sampling),-0.009596505503445159
2016-05-11,Bandit Meta-Strategy (Thompson Sampling),-0.023492001799724094
2016-05-12,Bandit Meta-Strategy (Thompson Sampling),-0.023138507673132448
2016-05-13,Bandit Meta-Strategy (Thompson Sampling),-0.024347088256581287
2016-05-16,Bandit Meta-Strategy (Thompson Sampling),-0.014330638371029046
2016-05-17,Bandit Meta-Strategy (Thompson Sampling),-0.02435384228890404
2016-05-18,Bandit Meta-Strategy (Thompson Sampling),-0.023476967631383128
2016-05-19,Bandit Meta-Strategy (Thompson Sampling),-0.011269724131135523
2016-05-20,Bandit Meta-Strategy (Thompson Sampling),-0.004902849207395361
2016-05-23,Bandit Meta-Strategy (Thompson Sampling),-0.006464019160680318
2016-05-24,Bandit Meta-Strategy (Thompson Sampling),0.0
2016-05-25,Bandit Meta-Strategy (Thompson Sampling),0.0
2016-05-26,Bandit Meta-Strategy (Thompson Sampling),0.0
2016-05-27,Bandit Meta-Strategy (Thompson Sampling),0.0
2016-05-31,Bandit Meta-Strategy (Thompson Sampling),-0.0013057292919046322
2016-06-01,Bandit Meta-Strategy (Thompson Sampling),-0.0019082240964700902
2016-06-02,Bandit Meta-Strategy (Thompson Sampling),0.0
2016-06-03,Bandit Meta-Strategy (Thompson Sampling),-0.003868984473787704
2016-06-06,Bandit Meta-Strategy (Thompson Sampling),0.0
2016-06-07,Bandit Meta-Strategy (Thompson Sampling),0.0
2016-06-08,Bandit Meta-Strategy (Thompson Sampling),0.0
2016-06-09,Bandit Meta-Strategy (Thompson Sampling),0.0
2016-06-10,Bandit Meta-Strategy (Thompson Sampling),-0.00819964434460585
2016-06-13,Bandit Meta-Strategy (Thompson Sampling),-0.015509051393078298
2016-06-14,Bandit Meta-Strategy (Thompson Sampling),-0.014325882694831706
2016-06-15,Bandit Meta-Strategy (Thompson Sampling),-0.014967477520128404
2016-06-16,Bandit Meta-Strategy (Thompson Sampling),-0.01100849474721361
2016-06-17,Bandit Meta-Strategy (Thompson Sampling),-0.020487611205320593
2016-06-20,Bandit Meta-Strategy (Thompson Sampling),-0.01522247982312412
2016-06-21,Bandit Meta-Strategy (Thompson Sampling),-0.013524324641543968
2016-06-22,Bandit Meta-Strategy (Thompson Sampling),-0.018933231259509166
2016-06-23,Bandit Meta-Strategy (Thompson Sampling),-0.009295581393437474
2016-06-24,Bandit Meta-Strategy (Thompson Sampling),-0.03579964232129968
2016-06-27,Bandit Meta-Strategy (Thompson Sampling),-0.045926149770594824
2016-06-28,Bandit Meta-Strategy (Thompson Sampling),-0.030280975056270195
2016-06-29,Bandit Meta-Strategy (Thompson Sampling),-0.015061048680898659
2016-06-30,Bandit Meta-Strategy (Thompson Sampling),-0.01533443810519093
2016-07-01,Bandit Meta-Strategy (Thompson Sampling),-0.010871711815667312
2016-07-05,Bandit Meta-Strategy (Thompson Sampling),-0.008914032359092973
2016-07-06,Bandit Meta-Strategy (Thompson Sampling),-0.007306849683979234
2016-07-07,Bandit Meta-Strategy (Thompson Sampling),-0.0064604876643834875
2016-07-08,Bandit Meta-Strategy (Thompson Sampling),0.0
2016-07-11,Bandit Meta-Strategy (Thompson Sampling),0.0
2016-07-12,Bandit Meta-Strategy (Thompson Sampling),0.0
2016-07-13,Bandit Meta-Strategy (Thompson Sampling),0.0
2016-07-14,Bandit Meta-Strategy (Thompson Sampling),0.0
2016-07-15,Bandit Meta-Strategy (Thompson Sampling),-0.0018149242899865334
2016-07-18,Bandit Meta-Strategy (Thompson Sampling),0.0
2016-07-19,Bandit Meta-Strategy (Thompson Sampling),-0.004573621209083705
2016-07-20,Bandit Meta-Strategy (Thompson Sampling),-0.0005405527089527108
2016-07-21,Bandit Meta-Strategy (Thompson Sampling),-0.0063103285470895425
2016-07-22,Bandit Meta-Strategy (Thompson Sampling),-0.001211186375574147
2016-07-25,Bandit Meta-Strategy (Thompson Sampling),-0.0003964236827640991
2016-07-26,Bandit Meta-Strategy (Thompson Sampling),0.0
2016-07-27,Bandit Meta-Strategy (Thompson Sampling),-0.0037435724019264987
2016-07-28,Bandit Meta-Strategy (Thompson Sampling),-0.0013025203186475443
2016-07-29,Bandit Meta-Strategy (Thompson Sampling),0.0
2016-08-01,Bandit Meta-Strategy (Thompson Sampling),0.0
2016-08-02,Bandit Meta-Strategy (Thompson Sampling),-0.006371133585286236
2016-08-03,Bandit Meta-Strategy (Thompson Sampling),-0.009398116723824361
2016-08-04,Bandit Meta-Strategy (Thompson Sampling),-0.006576589393600867
2016-08-05,Bandit Meta-Strategy (Thompson Sampling),0.0
2016-08-08,Bandit Meta-Strategy (Thompson Sampling),-0.0028244520668594944
2016-08-09,Bandit Meta-Strategy (Thompson Sampling),-0.0016550892361270073
2016-08-10,Bandit Meta-Strategy (Thompson Sampling),-0.004393807366884069
2016-08-11,Bandit Meta-Strategy (Thompson Sampling),0.0
2016-08-12,Bandit Meta-Strategy (Thompson Sampling),0.0
2016-08-15,Bandit Meta-Strategy (Thompson Sampling),-0.0009267392568990423
2016-08-16,Bandit Meta-Strategy (Thompson Sampling),-0.007313409388618291
2016-08-17,Bandit Meta-Strategy (Thompson Sampling),-0.005233204953791602
2016-08-18,Bandit Meta-Strategy (Thompson Sampling),-0.002401347635800578
2016-08-19,Bandit Meta-Strategy (Thompson Sampling),-0.007112067522181834
2016-08-22,Bandit Meta-Strategy (Thompson Sampling),-0.00920653600812296
2016-08-23,Bandit Meta-Strategy (Thompson Sampling),-0.006658769938292243
2016-08-24,Bandit Meta-Strategy (Thompson Sampling),-0.010792752624196216
2016-08-25,Bandit Meta-Strategy (Thompson Sampling),-0.011992000987534796
2016-08-26,Bandit Meta-Strategy (Thompson Sampling),-0.010495215866023902
2016-08-29,Bandit Meta-Strategy (Thompson Sampling),-0.006766279635971851
2016-08-30,Bandit Meta-Strategy (Thompson Sampling),-0.009794604663708064
2016-08-31,Bandit Meta-Strategy (Thompson Sampling),-0.010790572698783835
2016-09-01,Bandit Meta-Strategy (Thompson Sampling),-0.007757201754477654
2016-09-02,Bandit Meta-Strategy (Thompson Sampling),-0.006630424520699531
2016-09-06,Bandit Meta-Strategy (Thompson Sampling),0.0
2016-09-07,Bandit Meta-Strategy (Thompson Sampling),-0.003949686633117031
2016-09-08,Bandit Meta-Strategy (Thompson Sampling),-0.004649445862416751
2016-09-09,Bandit Meta-Strategy (Thompson Sampling),-0.027471613198650772
2016-09-12,Bandit Meta-Strategy (Thompson Sampling),-0.011241644381107899
2016-09-13,Bandit Meta-Strategy (Thompson Sampling),-0.02530055562771384
2016-09-14,Bandit Meta-Strategy (Thompson Sampling),-0.02454875605062282
2016-09-15,Bandit Meta-Strategy (Thompson Sampling),-0.013876769495710985
2016-09-16,Bandit Meta-Strategy (Thompson Sampling),-0.01396914946494936
2016-09-19,Bandit Meta-Strategy (Thompson Sampling),-0.01619286833752138
2016-09-20,Bandit Meta-Strategy (Thompson Sampling),-0.015655285908423012
2016-09-21,Bandit Meta-Strategy (Thompson Sampling),-0.010130994585490279
2016-09-22,Bandit Meta-Strategy (Thompson Sampling),-0.004932249336551646
2016-09-23,Bandit Meta-Strategy (Thompson Sampling),-0.008130456798028587
2016-09-26,Bandit Meta-Strategy (Thompson Sampling),-0.018968397150442642
2016-09-27,Bandit Meta-Strategy (Thompson Sampling),-0.007444571903019675
2016-09-28,Bandit Meta-Strategy (Thompson Sampling),-0.003432336822029591
2016-09-29,Bandit Meta-Strategy (Thompson Sampling),-0.013268952556452428
2016-09-30,Bandit Meta-Strategy (Thompson Sampling),-0.0005796928343326112
2016-10-03,Bandit Meta-Strategy (Thompson Sampling),0.0
2016-10-04,Bandit Meta-Strategy (Thompson Sampling),-0.001948645539995087
2016-10-05,Bandit Meta-Strategy (Thompson Sampling),0.0
2016-10-06,Bandit Meta-Strategy (Thompson Sampling),-0.005816326358582986
2016-10-07,Bandit Meta-Strategy (Thompson Sampling),-0.00861052312560863
2016-10-10,Bandit Meta-Strategy (Thompson Sampling),-0.0062741430158350505
2016-10-11,Bandit Meta-Strategy (Thompson Sampling),-0.017656853910473388
2016-10-12,Bandit Meta-Strategy (Thompson Sampling),-0.01700406179217853
2016-10-13,Bandit Meta-Strategy (Thompson Sampling),-0.020379360216088133
2016-10-14,Bandit Meta-Strategy (Thompson Sampling),-0.01917320010710844
2016-10-17,Bandit Meta-Strategy (Thompson Sampling),-0.022081002320780637
2016-10-18,Bandit Meta-Strategy (Thompson Sampling),-0.007139645237565069
2016-10-19,Bandit Meta-Strategy (Thompson Sampling),-0.004509788968778577
2016-10-20,Bandit Meta-Strategy (Thompson Sampling),-0.0037313507515782493
2016-10-21,Bandit Meta-Strategy (Thompson Sampling),-0.002345700132666956
2016-10-24,Bandit Meta-Strategy (Thompson Sampling),0.0
2016-10-25,Bandit Meta-Strategy (Thompson Sampling),0.0
2016-10-26,Bandit Meta-Strategy (Thompson Sampling),0.0
2016-10-27,Bandit Meta-Strategy (Thompson Sampling),-0.002435073788718798
2016-10-28,Bandit Meta-Strategy (Thompson Sampling),-0.005804381307407184
2016-10-31,Bandit Meta-Strategy (Thompson Sampling),-0.007670686760648937
2016-11-01,Bandit Meta-Strategy (Thompson Sampling),-0.018409900217663998
2016-11-02,Bandit Meta-Strategy (Thompson Sampling),-0.024783482800375994
2016-11-03,Bandit Meta-Strategy (Thompson Sampling),-0.029668179879880883
2016-11-04,Bandit Meta-Strategy (Thompson Sampling),-0.03300613860993673
2016-11-07,Bandit Meta-Strategy (Thompson Sampling),-0.011360046541655311
2016-11-08,Bandit Meta-Strategy (Thompson Sampling),-0.009439426218711558
2016-11-09,Bandit Meta-Strategy (Thompson Sampling),-0.000998203002449501
2016-11-10,Bandit Meta-Strategy (Thompson Sampling),-0.010799065554028316
2016-11-11,Bandit Meta-Strategy (Thompson Sampling),0.0
2016-11-14,Bandit Meta-Strategy (Thompson Sampling),-0.013296788602739074
2016-11-15,Bandit Meta-Strategy (Thompson Sampling),-0.0038555635129155887
2016-11-16,Bandit Meta-Strategy (Thompson Sampling),0.0
2016-11-17,Bandit Meta-Strategy (Thompson Sampling),0.0
2016-11-18,Bandit Meta-Strategy (Thompson Sampling),-0.003954545370439527
2016-11-21,Bandit Meta-Strategy (Thompson Sampling),0.0
2016-11-22,Bandit Meta-Strategy (Thompson Sampling),0.0
2016-11-23,Bandit Meta-Strategy (Thompson Sampling),0.0
2016-11-25,Bandit Meta-Strategy (Thompson Sampling),0.0
2016-11-28,Bandit Meta-Strategy (Thompson Sampling),-0.004999352830182691
2016-11-29,Bandit Meta-Strategy (Thompson Sampling),-0.007090817470484212
2016-11-30,Bandit Meta-Strategy (Thompson Sampling),-0.007713667759306376
2016-12-01,Bandit Meta-Strategy (Thompson Sampling),-0.017153949024836967
2016-12-02,Bandit Meta-Strategy (Thompson Sampling),-0.0128628537631992
2016-12-05,Bandit Meta-Strategy (Thompson Sampling),-0.008707720950009722
2016-12-06,Bandit Meta-Strategy (Thompson Sampling),-0.006273826461097142
2016-12-07,Bandit Meta-Strategy (Thompson Sampling),-0.0003230984550864774
2016-12-08,Bandit Meta-Strategy (Thompson Sampling),-0.0036094185302406098
2016-12-09,Bandit Meta-Strategy (Thompson Sampling),0.0
2016-12-12,Bandit Meta-Strategy (Thompson Sampling),0.0
2016-12-13,Bandit Meta-Strategy (Thompson Sampling),0.0
2016-12-14,Bandit Meta-Strategy (Thompson Sampling),-0.0034831761626707455
2016-12-15,Bandit Meta-Strategy (Thompson Sampling),0.0
2016-12-16,Bandit Meta-Strategy (Thompson Sampling),0.0
2016-12-19,Bandit Meta-Strategy (Thompson Sampling),0.0
2016-12-20,Bandit Meta-Strategy (Thompson Sampling),0.0
2016-12-21,Bandit Meta-Strategy (Thompson Sampling),-0.004038150753700835
2016-12-22,Bandit Meta-Strategy (Thompson Sampling),-0.006511351149820406
2016-12-23,Bandit Meta-Strategy (Thompson Sampling),-0.0027225998986222283
2016-12-27,Bandit Meta-Strategy (Thompson Sampling),0.0
2016-12-28,Bandit Meta-Strategy (Thompson Sampling),-0.008784147759781716
2016-12-29,Bandit Meta-Strategy (Thompson Sampling),-0.0070334358506633455
2016-12-30,Bandit Meta-Strategy (Thompson Sampling),-0.007381393919177714
2017-01-03,Bandit Meta-Strategy (Thompson Sampling),-0.0018566701544753302
2017-01-04,Bandit Meta-Strategy (Thompson Sampling),0.0
2017-01-05,Bandit Meta-Strategy (Thompson Sampling),0.0
2017-01-06,Bandit Meta-Strategy (Thompson Sampling),-6.760062473596084e-05
2017-01-09,Bandit Meta-Strategy (Thompson Sampling),-0.0007363313793435621
2017-01-10,Bandit Meta-Strategy (Thompson Sampling),-0.004413074563751477
2017-01-11,Bandit Meta-Strategy (Thompson Sampling),-0.00637113228756259
2017-01-12,Bandit Meta-Strategy (Thompson Sampling),-0.010741932286220548
2017-01-13,Bandit Meta-Strategy (Thompson Sampling),-0.010550782576384832
2017-01-17,Bandit Meta-Strategy (Thompson Sampling),-0.00802127750905205
2017-01-18,Bandit Meta-Strategy (Thompson Sampling),-0.008048192978049751
2017-01-19,Bandit Meta-Strategy (Thompson Sampling),-0.011405954221073555
2017-01-20,Bandit Meta-Strategy (Thompson Sampling),-0.007303867117416562
2017-01-23,Bandit Meta-Strategy (Thompson Sampling),-0.008681924069805776
2017-01-24,Bandit Meta-Strategy (Thompson Sampling),-0.006528845798890066
2017-01-25,Bandit Meta-Strategy (Thompson Sampling),-0.003271923051133553
2017-01-26,Bandit Meta-Strategy (Thompson Sampling),-0.005967583120097528
2017-01-27,Bandit Meta-Strategy (Thompson Sampling),-0.0038393865107843156
2017-01-30,Bandit Meta-Strategy (Thompson Sampling),-0.004948538989842006
2017-01-31,Bandit Meta-Strategy (Thompson Sampling),-0.005320530796739309
2017-02-01,Bandit Meta-Strategy (Thompson Sampling),-0.0013989426388653979
2017-02-02,Bandit Meta-Strategy (Thompson Sampling),0.0
2017-02-03,Bandit Meta-Strategy (Thompson Sampling),0.0
2017-02-06,Bandit Meta-Strategy (Thompson Sampling),0.0
2017-02-07,Bandit Meta-Strategy (Thompson Sampling),0.0
2017-02-08,Bandit Meta-Strategy (Thompson Sampling),0.0
2017-02-09,Bandit Meta-Strategy (Thompson Sampling),0.0
2017-02-10,Bandit Meta-Strategy (Thompson Sampling),-0.0025137680350613826
2017-02-13,Bandit Meta-Strategy (Thompson Sampling),0.0
2017-02-14,Bandit Meta-Strategy (Thompson Sampling),0.0
2017-02-15,Bandit Meta-Strategy (Thompson Sampling),0.0
2017-02-16,Bandit Meta-Strategy (Thompson Sampling),0.0
2017-02-17,Bandit Meta-Strategy (Thompson Sampling),0.0
2017-02-21,Bandit Meta-Strategy (Thompson Sampling),0.0
2017-02-22,Bandit Meta-Strategy (Thompson Sampling),-0.0005150874017369475
2017-02-23,Bandit Meta-Strategy (Thompson Sampling),-0.0011967535175211015
2017-02-24,Bandit Meta-Strategy (Thompson Sampling),0.0
2017-02-27,Bandit Meta-Strategy (Thompson Sampling),-0.00038194615093560205
2017-02-28,Bandit Meta-Strategy (Thompson Sampling),-0.0010432474381059094
2017-03-01,Bandit Meta-Strategy (Thompson Sampling),0.0
2017-03-02,Bandit Meta-Strategy (Thompson Sampling),-0.001089044977192147
2017-03-03,Bandit Meta-Strategy (Thompson Sampling),-0.003280759154784051
2017-03-06,Bandit Meta-Strategy (Thompson Sampling),-0.005577366408212027
2017-03-07,Bandit Meta-Strategy (Thompson Sampling),-0.00818439540547118
2017-03-08,Bandit Meta-Strategy (Thompson Sampling),-0.011061755828126213
2017-03-09,Bandit Meta-Strategy (Thompson Sampling),-0.0077336373228016455
2017-03-10,Bandit Meta-Strategy (Thompson Sampling),-0.005296118478218064
2017-03-13,Bandit Meta-Strategy (Thompson Sampling),-0.004533513600769416
2017-03-14,Bandit Meta-Strategy (Thompson Sampling),-0.0025252825131807334
2017-03-15,Bandit Meta-Strategy (Thompson Sampling),0.0
2017-03-16,Bandit Meta-Strategy (Thompson Sampling),0.0
2017-03-17,Bandit Meta-Strategy (Thompson Sampling),-0.0026673423601743834
2017-03-20,Bandit Meta-Strategy (Thompson Sampling),-0.0005910548962977828
2017-03-21,Bandit Meta-Strategy (Thompson Sampling),-0.007948579790334163
2017-03-22,Bandit Meta-Strategy (Thompson Sampling),-0.005383803141718945
2017-03-23,Bandit Meta-Strategy (Thompson Sampling),-0.00827420183498698
2017-03-24,Bandit Meta-Strategy (Thompson Sampling),-0.010644358871466615
2017-03-27,Bandit Meta-Strategy (Thompson Sampling),-0.007798917486906537
2017-03-28,Bandit Meta-Strategy (Thompson Sampling),-0.00220696257256122
2017-03-29,Bandit Meta-Strategy (Thompson Sampling),-0.0004667461030062717
2017-03-30,Bandit Meta-Strategy (Thompson Sampling),0.0
2017-03-31,Bandit Meta-Strategy (Thompson Sampling),-0.000687769019338985
2017-04-03,Bandit Meta-Strategy (Thompson Sampling),0.0
2017-04-04,Bandit Meta-Strategy (Thompson Sampling),-0.0007571397694067719
2017-04-05,Bandit Meta-Strategy (Thompson Sampling),-0.002907349698647921
2017-04-06,Bandit Meta-Strategy (Thompson Sampling),-0.002230162348316228
2017-04-07,Bandit Meta-Strategy (Thompson Sampling),-0.0024955180038160915
2017-04-10,Bandit Meta-Strategy (Thompson Sampling),-0.002218485626561709
2017-04-11,Bandit Meta-Strategy (Thompson Sampling),-0.0027760449636087437
2017-04-12,Bandit Meta-Strategy (Thompson Sampling),-0.0019809400539209463
2017-04-13,Bandit Meta-Strategy (Thompson Sampling),-0.006473380019724771
2017-04-17,Bandit Meta-Strategy (Thompson Sampling),0.0
2017-04-18,Bandit Meta-Strategy (Thompson Sampling),-0.005859057125681583
2017-04-19,Bandit Meta-Strategy (Thompson Sampling),-0.00960328574234931
2017-04-20,Bandit Meta-Strategy (Thompson Sampling),-0.003919096372175496
2017-04-21,Bandit Meta-Strategy (Thompson Sampling),-0.005248491277205032
2017-04-24,Bandit Meta-Strategy (Thompson Sampling),0.0
2017-04-25,Bandit Meta-Strategy (Thompson Sampling),0.0
2017-04-26,Bandit Meta-Strategy (Thompson Sampling),-0.0019309228597399206
2017-04-27,Bandit Meta-Strategy (Thompson Sampling),-0.00047697847060877046
2017-04-28,Bandit Meta-Strategy (Thompson Sampling),-0.001021320733258106
2017-05-01,Bandit Meta-Strategy (Thompson Sampling),0.0
2017-05-02,Bandit Meta-Strategy (Thompson Sampling),-0.0020986897270741708
2017-05-03,Bandit Meta-Strategy (Thompson Sampling),-0.0033516982731258875
2017-05-04,Bandit Meta-Strategy (Thompson Sampling),-0.004974518691313705
2017-05-05,Bandit Meta-Strategy (Thompson Sampling),-0.0021249635958056246
2017-05-08,Bandit Meta-Strategy (Thompson Sampling),0.0
2017-05-09,Bandit Meta-Strategy (Thompson Sampling),0.0
2017-05-10,Bandit Meta-Strategy (Thompson Sampling),0.0
2017-05-11,Bandit Meta-Strategy (Thompson Sampling),0.0
2017-05-12,Bandit Meta-Strategy (Thompson Sampling),0.0
2017-05-15,Bandit Meta-Strategy (Thompson Sampling),0.0
2017-05-16,Bandit Meta-Strategy (Thompson Sampling),-0.0002469014641499041
2017-05-17,Bandit Meta-Strategy (Thompson Sampling),-0.01693320877218882
2017-05-18,Bandit Meta-Strategy (Thompson Sampling),-0.01158505349691312
2017-05-19,Bandit Meta-Strategy (Thompson Sampling),-0.006628894088522286
2017-05-22,Bandit Meta-Strategy (Thompson Sampling),-0.00425587199157881
2017-05-23,Bandit Meta-Strategy (Thompson Sampling),-0.003925356942759377
2017-05-24,Bandit Meta-Strategy (Thompson Sampling),-0.0009660784664148489
2017-05-25,Bandit Meta-Strategy (Thompson Sampling),0.0
2017-05-26,Bandit Meta-Strategy (Thompson Sampling),0.0
2017-05-30,Bandit Meta-Strategy (Thompson Sampling),0.0
2017-05-31,Bandit Meta-Strategy (Thompson Sampling),-0.000587622328148074
2017-06-01,Bandit Meta-Strategy (Thompson Sampling),0.0
2017-06-02,Bandit Meta-Strategy (Thompson Sampling),0.0
2017-06-05,Bandit Meta-Strategy (Thompson Sampling),0.0
2017-06-06,Bandit Meta-Strategy (Thompson Sampling),-0.001549317411525787
2017-06-07,Bandit Meta-Strategy (Thompson Sampling),0.0
2017-06-08,Bandit Meta-Strategy (Thompson Sampling),0.0
2017-06-09,Bandit Meta-Strategy (Thompson Sampling),-0.0034027136265039988
2017-06-12,Bandit Meta-Strategy (Thompson Sampling),-0.005624081898477463
2017-06-13,Bandit Meta-Strategy (Thompson Sampling),0.0
2017-06-14,Bandit Meta-Strategy (Thompson Sampling),0.0
2017-06-15,Bandit Meta-Strategy (Thompson Sampling),-0.0024943842023279848
2017-06-16,Bandit Meta-Strategy (Thompson Sampling),-0.004464420908008998
2017-06-19,Bandit Meta-Strategy (Thompson Sampling),0.0
2017-06-20,Bandit Meta-Strategy (Thompson Sampling),-0.003945336231865278
2017-06-21,Bandit Meta-Strategy (Thompson Sampling),-0.0014552046260170235
2017-06-22,Bandit Meta-Strategy (Thompson Sampling),-0.003169276651434326
2017-06-23,Bandit Meta-Strategy (Thompson Sampling),-0.0027929059267142926
2017-06-26,Bandit Meta-Strategy (Thompson Sampling),-0.004319079991245089
2017-06-27,Bandit Meta-Strategy (Thompson Sampling),-0.012671494558336582
2017-06-28,Bandit Meta-Strategy (Thompson Sampling),-0.00240344256704943
2017-06-29,Bandit Meta-Strategy (Thompson Sampling),-0.012566739753440175
2017-06-30,Bandit Meta-Strategy (Thompson Sampling),-0.013209846885522129
2017-07-03,Bandit Meta-Strategy (Thompson Sampling),-0.009251288361403577
2017-07-05,Bandit Meta-Strategy (Thompson Sampling),-0.014276594862770813
2017-07-06,Bandit Meta-Strategy (Thompson Sampling),-0.024729543057830337
2017-07-07,Bandit Meta-Strategy (Thompson Sampling),-0.02050675222593049
2017-07-10,Bandit Meta-Strategy (Thompson Sampling),-0.019619049660606108
2017-07-11,Bandit Meta-Strategy (Thompson Sampling),-0.0186615980426354
2017-07-12,Bandit Meta-Strategy (Thompson Sampling),-0.01278266891069639
2017-07-13,Bandit Meta-Strategy (Thompson Sampling),-0.012503124451772185
2017-07-14,Bandit Meta-Strategy (Thompson Sampling),-0.006396514944624884
2017-07-17,Bandit Meta-Strategy (Thompson Sampling),-0.008266823370707157
2017-07-18,Bandit Meta-Strategy (Thompson Sampling),0.0
2017-07-19,Bandit Meta-Strategy (Thompson Sampling),0.0
2017-07-20,Bandit Meta-Strategy (Thompson Sampling),0.0
2017-07-21,Bandit Meta-Strategy (Thompson Sampling),-0.0016914061131275055
2017-07-24,Bandit Meta-Strategy (Thompson Sampling),-0.003039591400949339
2017-07-25,Bandit Meta-Strategy (Thompson Sampling),-0.0009110709604847869
2017-07-26,Bandit Meta-Strategy (Thompson Sampling),0.0
2017-07-27,Bandit Meta-Strategy (Thompson Sampling),0.0
2017-07-28,Bandit Meta-Strategy (Thompson Sampling),-0.0019716126816484766
2017-07-31,Bandit Meta-Strategy (Thompson Sampling),-0.0022861611744721733
2017-08-01,Bandit Meta-Strategy (Thompson Sampling),0.0
2017-08-02,Bandit Meta-Strategy (Thompson Sampling),0.0
2017-08-03,Bandit Meta-Strategy (Thompson Sampling),0.0
2017-08-04,Bandit Meta-Strategy (Thompson Sampling),0.0
2017-08-07,Bandit Meta-Strategy (Thompson Sampling),0.0
2017-08-08,Bandit Meta-Strategy (Thompson Sampling),0.0
2017-08-09,Bandit Meta-Strategy (Thompson Sampling),-0.0045722113269940304
2017-08-10,Bandit Meta-Strategy (Thompson Sampling),-0.018670326125865652
2017-08-11,Bandit Meta-Strategy (Thompson Sampling),-0.02228437054747752
2017-08-14,Bandit Meta-Strategy (Thompson Sampling),-0.0146068940792851
2017-08-15,Bandit Meta-Strategy (Thompson Sampling),-0.014033391694753476
2017-08-16,Bandit Meta-Strategy (Thompson Sampling),-0.014798754097629454
2017-08-17,Bandit Meta-Strategy (Thompson Sampling),-0.028204055674726718
2017-08-18,Bandit Meta-Strategy (Thompson Sampling),-0.029271868060056536
2017-08-21,Bandit Meta-Strategy (Thompson Sampling),-0.029971171000723072
2017-08-22,Bandit Meta-Strategy (Thompson Sampling),-0.02088281514842568
2017-08-23,Bandit Meta-Strategy (Thompson Sampling),-0.023624167622658
2017-08-24,Bandit Meta-Strategy (Thompson Sampling),-0.02583301319862286
2017-08-25,Bandit Meta-Strategy (Thompson Sampling),-0.024609600766488653
2017-08-28,Bandit Meta-Strategy (Thompson Sampling),-0.024796686036363626
2017-08-29,Bandit Meta-Strategy (Thompson Sampling),-0.02467972132556506
2017-08-30,Bandit Meta-Strategy (Thompson Sampling),-0.022802767538968993
2017-08-31,Bandit Meta-Strategy (Thompson Sampling),-0.02347226437460631
2017-09-01,Bandit Meta-Strategy (Thompson Sampling),-0.02190186676490764
2017-09-05,Bandit Meta-Strategy (Thompson Sampling),-0.02672182792372125
2017-09-06,Bandit Meta-Strategy (Thompson Sampling),-0.021967454605253577
2017-09-07,Bandit Meta-Strategy (Thompson Sampling),-0.02147117033909341
2017-09-08,Bandit Meta-Strategy (Thompson Sampling),-0.02640780538646265
2017-09-11,Bandit Meta-Strategy (Thompson Sampling),-0.013540619993638021
2017-09-12,Bandit Meta-Strategy (Thompson Sampling),-0.008039758207463322
2017-09-13,Bandit Meta-Strategy (Thompson Sampling),-0.006290441606562923
2017-09-14,Bandit Meta-Strategy (Thompson Sampling),-0.006659684742278622
2017-09-15,Bandit Meta-Strategy (Thompson Sampling),-0.003149342356946525
2017-09-18,Bandit Meta-Strategy (Thompson Sampling),-0.0003386305933711906
2017-09-19,Bandit Meta-Strategy (Thompson Sampling),0.0
2017-09-20,Bandit Meta-Strategy (Thompson Sampling),0.0
2017-09-21,Bandit Meta-Strategy (Thompson Sampling),-0.006566065057145913
2017-09-22,Bandit Meta-Strategy (Thompson Sampling),-0.010442367240489418
2017-09-25,Bandit Meta-Strategy (Thompson Sampling),-0.01774146107879178
2017-09-26,Bandit Meta-Strategy (Thompson Sampling),-0.018002655517290436
2017-09-27,Bandit Meta-Strategy (Thompson Sampling),-0.015778343192002546
2017-09-28,Bandit Meta-Strategy (Thompson Sampling),-0.014669105058268449
2017-09-29,Bandit Meta-Strategy (Thompson Sampling),-0.011658731936982789
2017-10-02,Bandit Meta-Strategy (Thompson Sampling),-0.00852201665115435
2017-10-03,Bandit Meta-Strategy (Thompson Sampling),-0.002701799787960472
2017-10-04,Bandit Meta-Strategy (Thompson Sampling),-0.0013956978182675184
2017-10-05,Bandit Meta-Strategy (Thompson Sampling),0.0
2017-10-06,Bandit Meta-Strategy (Thompson Sampling),0.0
2017-10-09,Bandit Meta-Strategy (Thompson Sampling),-0.00010721641003626769
2017-10-10,Bandit Meta-Strategy (Thompson Sampling),0.0
2017-10-11,Bandit Meta-Strategy (Thompson Sampling),0.0
2017-10-12,Bandit Meta-Strategy (Thompson Sampling),-0.001409796553828953
2017-10-13,Bandit Meta-Strategy (Thompson Sampling),0.0
2017-10-16,Bandit Meta-Strategy (Thompson Sampling),0.0
2017-10-17,Bandit Meta-Strategy (Thompson Sampling),0.0
2017-10-18,Bandit Meta-Strategy (Thompson Sampling),-0.0008442815342280662
2017-10-19,Bandit Meta-Strategy (Thompson Sampling),-0.00198549107212017
2017-10-20,Bandit Meta-Strategy (Thompson Sampling),-0.0017624738760632398
2017-10-23,Bandit Meta-Strategy (Thompson Sampling),-0.003780829557611232
2017-10-24,Bandit Meta-Strategy (Thompson Sampling),-0.0019522753852773962
2017-10-25,Bandit Meta-Strategy (Thompson Sampling),-0.004780752623038146
2017-10-26,Bandit Meta-Strategy (Thompson Sampling),-0.0017776143609140188
2017-10-27,Bandit Meta-Strategy (Thompson Sampling),0.0
2017-10-30,Bandit Meta-Strategy (Thompson Sampling),-0.0035525018036664875
2017-10-31,Bandit Meta-Strategy (Thompson Sampling),-0.004069008347133656
2017-11-01,Bandit Meta-Strategy (Thompson Sampling),-0.0015507680492399568
2017-11-02,Bandit Meta-Strategy (Thompson Sampling),-0.0036429715861650397
2017-11-03,Bandit Meta-Strategy (Thompson Sampling),0.0
2017-11-06,Bandit Meta-Strategy (Thompson Sampling),-0.0025228679776113684
2017-11-07,Bandit Meta-Strategy (Thompson Sampling),-0.0006172745040608674
2017-11-08,Bandit Meta-Strategy (Thompson Sampling),0.0
2017-11-09,Bandit Meta-Strategy (Thompson Sampling),-0.0012513654242524899
2017-11-10,Bandit Meta-Strategy (Thompson Sampling),0.0
2017-11-13,Bandit Meta-Strategy (Thompson Sampling),0.0
2017-11-14,Bandit Meta-Strategy (Thompson Sampling),0.0
2017-11-15,Bandit Meta-Strategy (Thompson Sampling),-0.0076182713316607495
2017-11-16,Bandit Meta-Strategy (Thompson Sampling),0.0
2017-11-17,Bandit Meta-Strategy (Thompson Sampling),-0.00875289654691658
2017-11-20,Bandit Meta-Strategy (Thompson Sampling),-0.007967216624780922
2017-11-21,Bandit Meta-Strategy (Thompson Sampling),-0.0016299711083714457
2017-11-22,Bandit Meta-Strategy (Thompson Sampling),-0.0038235830450477084
2017-11-24,Bandit Meta-Strategy (Thompson Sampling),-0.0009030952417245035
2017-11-27,Bandit Meta-Strategy (Thompson Sampling),0.0
2017-11-28,Bandit Meta-Strategy (Thompson Sampling),0.0
2017-11-29,Bandit Meta-Strategy (Thompson Sampling),-0.0041043631531422755
2017-11-30,Bandit Meta-Strategy (Thompson Sampling),-0.004529834586487431
2017-12-01,Bandit Meta-Strategy (Thompson Sampling),-0.005508083385166537
2017-12-04,Bandit Meta-Strategy (Thompson Sampling),-0.006528923517531838
2017-12-05,Bandit Meta-Strategy (Thompson Sampling),-0.00895136746595014
2017-12-06,Bandit Meta-Strategy (Thompson Sampling),-0.0073510029544957825
2017-12-07,Bandit Meta-Strategy (Thompson Sampling),-0.007879990639260271
2017-12-08,Bandit Meta-Strategy (Thompson Sampling),-0.005387671096108528
2017-12-11,Bandit Meta-Strategy (Thompson Sampling),0.0
2017-12-12,Bandit Meta-Strategy (Thompson Sampling),0.0
2017-12-13,Bandit Meta-Strategy (Thompson Sampling),0.0
2017-12-14,Bandit Meta-Strategy (Thompson Sampling),0.0
2017-12-15,Bandit Meta-Strategy (Thompson Sampling),0.0
2017-12-18,Bandit Meta-Strategy (Thompson Sampling),0.0
2017-12-19,Bandit Meta-Strategy (Thompson Sampling),-0.00297045796878119
2017-12-20,Bandit Meta-Strategy (Thompson Sampling),-0.005712958667868957
2017-12-21,Bandit Meta-Strategy (Thompson Sampling),-0.005429938733495035
2017-12-22,Bandit Meta-Strategy (Thompson Sampling),-0.007003316148877943
2017-12-26,Bandit Meta-Strategy (Thompson Sampling),-0.006916600561791686
2017-12-27,Bandit Meta-Strategy (Thompson Sampling),-0.007179282418449792
2017-12-28,Bandit Meta-Strategy (Thompson Sampling),-0.005523877101714974
2017-12-29,Bandit Meta-Strategy (Thompson Sampling),-0.010273027043358751
2018-01-02,Bandit Meta-Strategy (Thompson Sampling),-0.0014063355681720054
2018-01-03,Bandit Meta-Strategy (Thompson Sampling),0.0
2018-01-04,Bandit Meta-Strategy (Thompson Sampling),0.0
2018-01-05,Bandit Meta-Strategy (Thompson Sampling),0.0
2018-01-08,Bandit Meta-Strategy (Thompson Sampling),0.0
2018-01-09,Bandit Meta-Strategy (Thompson Sampling),-0.00016473618545843652
2018-01-10,Bandit Meta-Strategy (Thompson Sampling),-0.0012171641459072877
2018-01-11,Bandit Meta-Strategy (Thompson Sampling),0.0
2018-01-12,Bandit Meta-Strategy (Thompson Sampling),0.0
2018-01-16,Bandit Meta-Strategy (Thompson Sampling),-0.00041670792805591786
2018-01-17,Bandit Meta-Strategy (Thompson Sampling),0.0
2018-01-18,Bandit Meta-Strategy (Thompson Sampling),-0.0010334627486577694
2018-01-19,Bandit Meta-Strategy (Thompson Sampling),0.0
2018-01-22,Bandit Meta-Strategy (Thompson Sampling),0.0
2018-01-23,Bandit Meta-Strategy (Thompson Sampling),0.0
2018-01-24,Bandit Meta-Strategy (Thompson Sampling),0.0
2018-01-25,Bandit Meta-Strategy (Thompson Sampling),0.0
2018-01-26,Bandit Meta-Strategy (Thompson Sampling),0.0
2018-01-29,Bandit Meta-Strategy (Thompson Sampling),-0.0036400300916037834
2018-01-30,Bandit Meta-Strategy (Thompson Sampling),-0.014367386382194572
2018-01-31,Bandit Meta-Strategy (Thompson Sampling),-0.015103088596138672
2018-02-01,Bandit Meta-Strategy (Thompson Sampling),-0.013061970101956713
2018-02-02,Bandit Meta-Strategy (Thompson Sampling),-0.031052985897269222
2018-02-05,Bandit Meta-Strategy (Thompson Sampling),-0.07356894968416161
2018-02-06,Bandit Meta-Strategy (Thompson Sampling),-0.06048220064763081
2018-02-07,Bandit Meta-Strategy (Thompson Sampling),-0.06499501420208995
2018-02-08,Bandit Meta-Strategy (Thompson Sampling),-0.09768816475052569
2018-02-09,Bandit Meta-Strategy (Thompson Sampling),-0.08831018737146339
2018-02-12,Bandit Meta-Strategy (Thompson Sampling),-0.0772746688306935
2018-02-13,Bandit Meta-Strategy (Thompson Sampling),-0.07320951916808188
2018-02-14,Bandit Meta-Strategy (Thompson Sampling),-0.06937398485010378
2018-02-15,Bandit Meta-Strategy (Thompson Sampling),-0.05658105442423123
2018-02-16,Bandit Meta-Strategy (Thompson Sampling),-0.051529210109060045
2018-02-20,Bandit Meta-Strategy (Thompson Sampling),-0.0646134933071407
2018-02-21,Bandit Meta-Strategy (Thompson Sampling),-0.07449912719398914
2018-02-22,Bandit Meta-Strategy (Thompson Sampling),-0.07046666551837098
2018-02-23,Bandit Meta-Strategy (Thompson Sampling),-0.05782903039519879
2018-02-26,Bandit Meta-Strategy (Thompson Sampling),-0.049287157522109
2018-02-27,Bandit Meta-Strategy (Thompson Sampling),-0.06388903541159685
2018-02-28,Bandit Meta-Strategy (Thompson Sampling),-0.06453150740593315
2018-03-01,Bandit Meta-Strategy (Thompson Sampling),-0.07638799969109236
2018-03-02,Bandit Meta-Strategy (Thompson Sampling),-0.06932088200308835
2018-03-05,Bandit Meta-Strategy (Thompson Sampling),-0.060334138049598564
2018-03-06,Bandit Meta-Strategy (Thompson Sampling),-0.059082980102993246
2018-03-07,Bandit Meta-Strategy (Thompson Sampling),-0.0635435971074261
2018-03-08,Bandit Meta-Strategy (Thompson Sampling),-0.05919889988435121
2018-03-09,Bandit Meta-Strategy (Thompson Sampling),-0.04802223799534149
2018-03-12,Bandit Meta-Strategy (Thompson Sampling),-0.04529925311433996
2018-03-13,Bandit Meta-Strategy (Thompson Sampling),-0.05011855891901164
2018-03-14,Bandit Meta-Strategy (Thompson Sampling),-0.057976727760182596
2018-03-15,Bandit Meta-Strategy (Thompson Sampling),-0.05819030528572154
2018-03-16,Bandit Meta-Strategy (Thompson Sampling),-0.0565629439717622
2018-03-19,Bandit Meta-Strategy (Thompson Sampling),-0.07179194899693979
2018-03-20,Bandit Meta-Strategy (Thompson Sampling),-0.06673064784401272
2018-03-21,Bandit Meta-Strategy (Thompson Sampling),-0.06721377193550343
2018-03-22,Bandit Meta-Strategy (Thompson Sampling),-0.08588146710279493
2018-03-23,Bandit Meta-Strategy (Thompson Sampling),-0.10510034958086958
2018-03-26,Bandit Meta-Strategy (Thompson Sampling),-0.0829487156247256
2018-03-27,Bandit Meta-Strategy (Thompson Sampling),-0.10264173662840602
2018-03-28,Bandit Meta-Strategy (Thompson Sampling),-0.11096965398822106
2018-03-29,Bandit Meta-Strategy (Thompson Sampling),-0.09595699025872495
2018-04-02,Bandit Meta-Strategy (Thompson Sampling),-0.12339330801472216
2018-04-03,Bandit Meta-Strategy (Thompson Sampling),-0.10743212942011318
2018-04-04,Bandit Meta-Strategy (Thompson Sampling),-0.09486168763451915
2018-04-05,Bandit Meta-Strategy (Thompson Sampling),-0.08544062266295344
2018-04-06,Bandit Meta-Strategy (Thompson Sampling),-0.10229509726980422
2018-04-09,Bandit Meta-Strategy (Thompson Sampling),-0.10324617030630932
2018-04-10,Bandit Meta-Strategy (Thompson Sampling),-0.0868834955956752
2018-04-11,Bandit Meta-Strategy (Thompson Sampling),-0.09066473379153012
2018-04-12,Bandit Meta-Strategy (Thompson Sampling),-0.08653891420847108
2018-04-13,Bandit Meta-Strategy (Thompson Sampling),-0.0857269989799223
2018-04-16,Bandit Meta-Strategy (Thompson Sampling),-0.08339091197810043
2018-04-17,Bandit Meta-Strategy (Thompson Sampling),-0.07239538188457742
2018-04-18,Bandit Meta-Strategy (Thompson Sampling),-0.0734646040380369
2018-04-19,Bandit Meta-Strategy (Thompson Sampling),-0.07604690056536925
2018-04-20,Bandit Meta-Strategy (Thompson Sampling),-0.08589954786673468
2018-04-23,Bandit Meta-Strategy (Thompson Sampling),-0.09073643378029204
2018-04-24,Bandit Meta-Strategy (Thompson Sampling),-0.10230384730673946
2018-04-25,Bandit Meta-Strategy (Thompson Sampling),-0.10242776157912704
2018-04-26,Bandit Meta-Strategy (Thompson Sampling),-0.08857886313206312
2018-04-27,Bandit Meta-Strategy (Thompson Sampling),-0.08673997465975723
2018-04-30,Bandit Meta-Strategy (Thompson Sampling),-0.08725077546023456
2018-05-01,Bandit Meta-Strategy (Thompson Sampling),-0.08724435132097369
2018-05-02,Bandit Meta-Strategy (Thompson Sampling),-0.09344456904686925
2018-05-03,Bandit Meta-Strategy (Thompson Sampling),-0.09208140107705565
2018-05-04,Bandit Meta-Strategy (Thompson Sampling),-0.07774898948311698
2018-05-07,Bandit Meta-Strategy (Thompson Sampling),-0.06929920747913548
2018-05-08,Bandit Meta-Strategy (Thompson Sampling),-0.06925596405914036
2018-05-09,Bandit Meta-Strategy (Thompson Sampling),-0.06276745277716035
2018-05-10,Bandit Meta-Strategy (Thompson Sampling),-0.056547156419021985
2018-05-11,Bandit Meta-Strategy (Thompson Sampling),-0.059751849761857365
2018-05-14,Bandit Meta-Strategy (Thompson Sampling),-0.05812363642563488
2018-05-15,Bandit Meta-Strategy (Thompson Sampling),-0.06989038519272749
2018-05-16,Bandit Meta-Strategy (Thompson Sampling),-0.06454190558016515
2018-05-17,Bandit Meta-Strategy (Thompson Sampling),-0.06684125453863979
2018-05-18,Bandit Meta-Strategy (Thompson Sampling),-0.07263722810628595
2018-05-21,Bandit Meta-Strategy (Thompson Sampling),-0.06604679984170954
2018-05-22,Bandit Meta-Strategy (Thompson Sampling),-0.07065406192580412
2018-05-23,Bandit Meta-Strategy (Thompson Sampling),-0.06096109433759846
2018-05-24,Bandit Meta-Strategy (Thompson Sampling),-0.062369777715630036
2018-05-25,Bandit Meta-Strategy (Thompson Sampling),-0.06117722467130197
2018-05-29,Bandit Meta-Strategy (Thompson Sampling),-0.06473430504604837
2018-05-30,Bandit Meta-Strategy (Thompson Sampling),-0.05151279216684873
2018-05-31,Bandit Meta-Strategy (Thompson Sampling),-0.052209897743366505
2018-06-01,Bandit Meta-Strategy (Thompson Sampling),-0.04201330281846762
2018-06-04,Bandit Meta-Strategy (Thompson Sampling),-0.03153110234009421
2018-06-05,Bandit Meta-Strategy (Thompson Sampling),-0.03384640761150806
2018-06-06,Bandit Meta-Strategy (Thompson Sampling),-0.0197881551751439
2018-06-07,Bandit Meta-Strategy (Thompson Sampling),-0.0191428331629678
2018-06-08,Bandit Meta-Strategy (Thompson Sampling),-0.014123563984221805
2018-06-11,Bandit Meta-Strategy (Thompson Sampling),-0.011851706079496132
2018-06-12,Bandit Meta-Strategy (Thompson Sampling),-0.008583147198579461
2018-06-13,Bandit Meta-Strategy (Thompson Sampling),-0.008369185002235519
2018-06-14,Bandit Meta-Strategy (Thompson Sampling),-0.004593087927898301
2018-06-15,Bandit Meta-Strategy (Thompson Sampling),-0.002973589740995082
2018-06-18,Bandit Meta-Strategy (Thompson Sampling),-0.004651961834537109
2018-06-19,Bandit Meta-Strategy (Thompson Sampling),-0.007718278167958876
2018-06-20,Bandit Meta-Strategy (Thompson Sampling),-0.0035855997829100056
2018-06-21,Bandit Meta-Strategy (Thompson Sampling),-0.00971461492339297
2018-06-22,Bandit Meta-Strategy (Thompson Sampling),-0.011757825329033788
2018-06-25,Bandit Meta-Strategy (Thompson Sampling),-0.0223081234058692
2018-06-26,Bandit Meta-Strategy (Thompson Sampling),-0.017107676735355654
2018-06-27,Bandit Meta-Strategy (Thompson Sampling),-0.023014115802709376
2018-06-28,Bandit Meta-Strategy (Thompson Sampling),-0.014726692195310616
2018-06-29,Bandit Meta-Strategy (Thompson Sampling),-0.018334679296455856
2018-07-02,Bandit Meta-Strategy (Thompson Sampling),-0.018323983564394554
2018-07-03,Bandit Meta-Strategy (Thompson Sampling),-0.02826194135875156
2018-07-05,Bandit Meta-Strategy (Thompson Sampling),-0.018056666624252257
2018-07-06,Bandit Meta-Strategy (Thompson Sampling),-0.013824187632822234
2018-07-09,Bandit Meta-Strategy (Thompson Sampling),-0.0047099492811007344
2018-07-10,Bandit Meta-Strategy (Thompson Sampling),0.0
2018-07-11,Bandit Meta-Strategy (Thompson Sampling),-0.003517387910830008
2018-07-12,Bandit Meta-Strategy (Thompson Sampling),0.0
2018-07-13,Bandit Meta-Strategy (Thompson Sampling),0.0
2018-07-16,Bandit Meta-Strategy (Thompson Sampling),0.0
2018-07-17,Bandit Meta-Strategy (Thompson Sampling),0.0
2018-07-18,Bandit Meta-Strategy (Thompson Sampling),-0.001104647344098788
2018-07-19,Bandit Meta-Strategy (Thompson Sampling),-0.008536495559125216
2018-07-20,Bandit Meta-Strategy (Thompson Sampling),-0.00856397291143129
2018-07-23,Bandit Meta-Strategy (Thompson Sampling),-0.009969613711384976
2018-07-24,Bandit Meta-Strategy (Thompson Sampling),-0.004265889457051766
2018-07-25,Bandit Meta-Strategy (Thompson Sampling),0.0
2018-07-26,Bandit Meta-Strategy (Thompson Sampling),-0.0009875099765110204
2018-07-27,Bandit Meta-Strategy (Thompson Sampling),-0.005668069835568899
2018-07-30,Bandit Meta-Strategy (Thompson Sampling),-0.012572905853750113
2018-07-31,Bandit Meta-Strategy (Thompson Sampling),-0.013159620076037154
2018-08-01,Bandit Meta-Strategy (Thompson Sampling),-0.012126491823131679
2018-08-02,Bandit Meta-Strategy (Thompson Sampling),-0.0022091100964109463
2018-08-03,Bandit Meta-Strategy (Thompson Sampling),0.0
2018-08-06,Bandit Meta-Strategy (Thompson Sampling),0.0
2018-08-07,Bandit Meta-Strategy (Thompson Sampling),0.0
2018-08-08,Bandit Meta-Strategy (Thompson Sampling),-0.0027015766915301368
2018-08-09,Bandit Meta-Strategy (Thompson Sampling),-0.007454543521581727
2018-08-10,Bandit Meta-Strategy (Thompson Sampling),-0.012051378139086301
2018-08-13,Bandit Meta-Strategy (Thompson Sampling),-0.015502193850805802
2018-08-14,Bandit Meta-Strategy (Thompson Sampling),-0.014011846743399678
2018-08-15,Bandit Meta-Strategy (Thompson Sampling),-0.016529097292260146
2018-08-16,Bandit Meta-Strategy (Thompson Sampling),-0.007309801377013978
2018-08-17,Bandit Meta-Strategy (Thompson Sampling),-0.008795197495837721
2018-08-20,Bandit Meta-Strategy (Thompson Sampling),-0.007466461180541784
2018-08-21,Bandit Meta-Strategy (Thompson Sampling),-0.006455458429432672
2018-08-22,Bandit Meta-Strategy (Thompson Sampling),-0.0064008396720947516
2018-08-23,Bandit Meta-Strategy (Thompson Sampling),-0.008460486384393765
2018-08-24,Bandit Meta-Strategy (Thompson Sampling),-0.0037967481149239366
2018-08-27,Bandit Meta-Strategy (Thompson Sampling),-0.0012195073386916473
2018-08-28,Bandit Meta-Strategy (Thompson Sampling),-0.002313432329713137
2018-08-29,Bandit Meta-Strategy (Thompson Sampling),0.0
2018-08-30,Bandit Meta-Strategy (Thompson Sampling),-0.002002360613710001
2018-08-31,Bandit Meta-Strategy (Thompson Sampling),-0.002888151365323196
2018-09-04,Bandit Meta-Strategy (Thompson Sampling),-0.010645518011996086
2018-09-05,Bandit Meta-Strategy (Thompson Sampling),-0.01888841321186793
2018-09-06,Bandit Meta-Strategy (Thompson Sampling),-0.02502740168571549
2018-09-07,Bandit Meta-Strategy (Thompson Sampling),-0.03219445066916943
2018-09-10,Bandit Meta-Strategy (Thompson Sampling),-0.02118828817546072
2018-09-11,Bandit Meta-Strategy (Thompson Sampling),-0.019356592145667026
2018-09-12,Bandit Meta-Strategy (Thompson Sampling),-0.019085283303041975
2018-09-13,Bandit Meta-Strategy (Thompson Sampling),-0.02001922761564093
2018-09-14,Bandit Meta-Strategy (Thompson Sampling),-0.01645226008405629
2018-09-17,Bandit Meta-Strategy (Thompson Sampling),-0.019686444291005054
2018-09-18,Bandit Meta-Strategy (Thompson Sampling),-0.02150183537621787
2018-09-19,Bandit Meta-Strategy (Thompson Sampling),-0.0065423275169947
2018-09-20,Bandit Meta-Strategy (Thompson Sampling),0.0
2018-09-21,Bandit Meta-Strategy (Thompson Sampling),-0.004304286172786008
2018-09-24,Bandit Meta-Strategy (Thompson Sampling),-0.005155087848433861
2018-09-25,Bandit Meta-Strategy (Thompson Sampling),-0.006042958641221968
2018-09-26,Bandit Meta-Strategy (Thompson Sampling),-0.0037091753751054024
2018-09-27,Bandit Meta-Strategy (Thompson Sampling),-0.0027395353157382302
2018-09-28,Bandit Meta-Strategy (Thompson Sampling),-0.027487865650273568
2018-10-01,Bandit Meta-Strategy (Thompson Sampling),-0.005061036440894109
2018-10-02,Bandit Meta-Strategy (Thompson Sampling),-0.010579249642884913
2018-10-03,Bandit Meta-Strategy (Thompson Sampling),-0.010695864252124244
2018-10-04,Bandit Meta-Strategy (Thompson Sampling),-0.02237881185711893
2018-10-05,Bandit Meta-Strategy (Thompson Sampling),-0.03695602560957132
2018-10-08,Bandit Meta-Strategy (Thompson Sampling),-0.03948289385058283
2018-10-09,Bandit Meta-Strategy (Thompson Sampling),-0.03361308250415942
2018-10-10,Bandit Meta-Strategy (Thompson Sampling),-0.06217108824183289
2018-10-11,Bandit Meta-Strategy (Thompson Sampling),-0.08118200835719153
2018-10-12,Bandit Meta-Strategy (Thompson Sampling),-0.07109820367420873
2018-10-15,Bandit Meta-Strategy (Thompson Sampling),-0.0763524573002159
2018-10-16,Bandit Meta-Strategy (Thompson Sampling),-0.05028425660523364
2018-10-17,Bandit Meta-Strategy (Thompson Sampling),-0.04502728260355619
2018-10-18,Bandit Meta-Strategy (Thompson Sampling),-0.06363483533925793
2018-10-19,Bandit Meta-Strategy (Thompson Sampling),-0.058087686058814966
2018-10-22,Bandit Meta-Strategy (Thompson Sampling),-0.06404046727366938
2018-10-23,Bandit Meta-Strategy (Thompson Sampling),-0.05298803607910736
2018-10-24,Bandit Meta-Strategy (Thompson Sampling),-0.07824791228255226
2018-10-25,Bandit Meta-Strategy (Thompson Sampling),-0.05135785414926404
2018-10-26,Bandit Meta-Strategy (Thompson Sampling),-0.06056981235529199
2018-10-29,Bandit Meta-Strategy (Thompson Sampling),-0.061919009318173734
2018-10-30,Bandit Meta-Strategy (Thompson Sampling),-0.051965129152975534
2018-10-31,Bandit Meta-Strategy (Thompson Sampling),-0.05289814526385443
2018-11-01,Bandit Meta-Strategy (Thompson Sampling),-0.04123219171882434
2018-11-02,Bandit Meta-Strategy (Thompson Sampling),-0.04526175590874513
2018-11-05,Bandit Meta-Strategy (Thompson Sampling),-0.037874246082993314
2018-11-06,Bandit Meta-Strategy (Thompson Sampling),-0.03640209581724561
2018-11-07,Bandit Meta-Strategy (Thompson Sampling),-0.017259270005285203
2018-11-08,Bandit Meta-Strategy (Thompson Sampling),-0.020459676986027325
2018-11-09,Bandit Meta-Strategy (Thompson Sampling),-0.022685911308023537
2018-11-12,Bandit Meta-Strategy (Thompson Sampling),-0.03776834397588348
2018-11-13,Bandit Meta-Strategy (Thompson Sampling),-0.03964309484609288
2018-11-14,Bandit Meta-Strategy (Thompson Sampling),-0.044517611550293996
2018-11-15,Bandit Meta-Strategy (Thompson Sampling),-0.04181194533032063
2018-11-16,Bandit Meta-Strategy (Thompson Sampling),-0.04491643830592176
2018-11-19,Bandit Meta-Strategy (Thompson Sampling),-0.05241839542444879
2018-11-20,Bandit Meta-Strategy (Thompson Sampling),-0.06830687530480097
2018-11-21,Bandit Meta-Strategy (Thompson Sampling),-0.07623536296815975
2018-11-23,Bandit Meta-Strategy (Thompson Sampling),-0.07921159886567028
2018-11-26,Bandit Meta-Strategy (Thompson Sampling),-0.07061186779373275
2018-11-27,Bandit Meta-Strategy (Thompson Sampling),-0.06118820908877801
2018-11-28,Bandit Meta-Strategy (Thompson Sampling),-0.04160234580701171
2018-11-29,Bandit Meta-Strategy (Thompson Sampling),-0.04486890785593381
2018-11-30,Bandit Meta-Strategy (Thompson Sampling),-0.045633245595372234
2018-12-03,Bandit Meta-Strategy (Thompson Sampling),-0.032413369644206574
2018-12-04,Bandit Meta-Strategy (Thompson Sampling),-0.06442210518738177
2018-12-06,Bandit Meta-Strategy (Thompson Sampling),-0.057991731323131714
2018-12-07,Bandit Meta-Strategy (Thompson Sampling),-0.08674966345497549
2018-12-10,Bandit Meta-Strategy (Thompson Sampling),-0.07879933708494571
2018-12-11,Bandit Meta-Strategy (Thompson Sampling),-0.0817767964799318
2018-12-12,Bandit Meta-Strategy (Thompson Sampling),-0.07316986713301289
2018-12-13,Bandit Meta-Strategy (Thompson Sampling),-0.068366180622613
2018-12-14,Bandit Meta-Strategy (Thompson Sampling),-0.09077077614921301
2018-12-17,Bandit Meta-Strategy (Thompson Sampling),-0.11279377138622523
2018-12-18,Bandit Meta-Strategy (Thompson Sampling),-0.10745786226248416
2018-12-19,Bandit Meta-Strategy (Thompson Sampling),-0.1255979816616823
2018-12-20,Bandit Meta-Strategy (Thompson Sampling),-0.1392485343979658
2018-12-21,Bandit Meta-Strategy (Thompson Sampling),-0.1624368075692669
2018-12-24,Bandit Meta-Strategy (Thompson Sampling),-0.1891535298644589
2018-12-26,Bandit Meta-Strategy (Thompson Sampling),-0.1401392534033026
2018-12-27,Bandit Meta-Strategy (Thompson Sampling),-0.13440430507105722
2018-12-28,Bandit Meta-Strategy (Thompson Sampling),-0.13319357462311396
2018-12-31,Bandit Meta-Strategy (Thompson Sampling),-0.13381917763293819
2019-01-02,Bandit Meta-Strategy (Thompson Sampling),-0.1318243632682698
2019-01-03,Bandit Meta-Strategy (Thompson Sampling),-0.15075499177243015
2019-01-04,Bandit Meta-Strategy (Thompson Sampling),-0.11923083703246973
2019-01-07,Bandit Meta-Strategy (Thompson Sampling),-0.11035426620170767
2019-01-08,Bandit Meta-Strategy (Thompson Sampling),-0.10302001853349581
2019-01-09,Bandit Meta-Strategy (Thompson Sampling),-0.10244073319269757
2019-01-10,Bandit Meta-Strategy (Thompson Sampling),-0.10065002988065168
2019-01-11,Bandit Meta-Strategy (Thompson Sampling),-0.09677718170726873
2019-01-14,Bandit Meta-Strategy (Thompson Sampling),-0.10079382105810403
2019-01-15,Bandit Meta-Strategy (Thompson Sampling),-0.08788156659967436
2019-01-16,Bandit Meta-Strategy (Thompson Sampling),-0.08900049346397029
2019-01-17,Bandit Meta-Strategy (Thompson Sampling),-0.08472613957702062
2019-01-18,Bandit Meta-Strategy (Thompson Sampling),-0.08200957739278132
2019-01-22,Bandit Meta-Strategy (Thompson Sampling),-0.09604045516265729
2019-01-23,Bandit Meta-Strategy (Thompson Sampling),-0.09364582141685543
2019-01-24,Bandit Meta-Strategy (Thompson Sampling),-0.09330313402708308
2019-01-25,Bandit Meta-Strategy (Thompson Sampling),-0.08655818764780736
2019-01-28,Bandit Meta-Strategy (Thompson Sampling),-0.09839963927949254
2019-01-29,Bandit Meta-Strategy (Thompson Sampling),-0.10209644599775748
2019-01-30,Bandit Meta-Strategy (Thompson Sampling),-0.08590078079714135
2019-01-31,Bandit Meta-Strategy (Thompson Sampling),-0.07114562614554207
2019-02-01,Bandit Meta-Strategy (Thompson Sampling),-0.06747834970666411
2019-02-04,Bandit Meta-Strategy (Thompson Sampling),-0.05892957903583815
2019-02-05,Bandit Meta-Strategy (Thompson Sampling),-0.05438560698429643
2019-02-06,Bandit Meta-Strategy (Thompson Sampling),-0.05667096937154799
2019-02-07,Bandit Meta-Strategy (Thompson Sampling),-0.06709055445245525
2019-02-08,Bandit Meta-Strategy (Thompson Sampling),-0.06613655995973357
2019-02-11,Bandit Meta-Strategy (Thompson Sampling),-0.067792625996169
2019-02-12,Bandit Meta-Strategy (Thompson Sampling),-0.05634788177134894
2019-02-13,Bandit Meta-Strategy (Thompson Sampling),-0.05524006461479307
2019-02-14,Bandit Meta-Strategy (Thompson Sampling),-0.06383515936627891
2019-02-15,Bandit Meta-Strategy (Thompson Sampling),-0.056860943984947974
2019-02-19,Bandit Meta-Strategy (Thompson Sampling),-0.05366543728512337
2019-02-20,Bandit Meta-Strategy (Thompson Sampling),-0.054640657003900646
2019-02-21,Bandit Meta-Strategy (Thompson Sampling),-0.057652287709993214
2019-02-22,Bandit Meta-Strategy (Thompson Sampling),-0.05101395952438397
2019-02-25,Bandit Meta-Strategy (Thompson Sampling),-0.050820808528255955
2019-02-26,Bandit Meta-Strategy (Thompson Sampling),-0.05179554549770603
2019-02-27,Bandit Meta-Strategy (Thompson Sampling),-0.05221158808645802
2019-02-28,Bandit Meta-Strategy (Thompson Sampling),-0.052975957478710846
2019-03-01,Bandit Meta-Strategy (Thompson Sampling),-0.05238765372796574
2019-03-04,Bandit Meta-Strategy (Thompson Sampling),-0.05158667447499688
2019-03-05,Bandit Meta-Strategy (Thompson Sampling),-0.05133358396379848
2019-03-06,Bandit Meta-Strategy (Thompson Sampling),-0.05392204445245381
2019-03-07,Bandit Meta-Strategy (Thompson Sampling),-0.06142214789559603
2019-03-08,Bandit Meta-Strategy (Thompson Sampling),-0.06333533280491864
2019-03-11,Bandit Meta-Strategy (Thompson Sampling),-0.046674845745117384
2019-03-12,Bandit Meta-Strategy (Thompson Sampling),-0.04670130942477359
2019-03-13,Bandit Meta-Strategy (Thompson Sampling),-0.041635281643677226
2019-03-14,Bandit Meta-Strategy (Thompson Sampling),-0.04474310175711732
2019-03-15,Bandit Meta-Strategy (Thompson Sampling),-0.04250615375752205
2019-03-18,Bandit Meta-Strategy (Thompson Sampling),-0.041901940354899796
2019-03-19,Bandit Meta-Strategy (Thompson Sampling),-0.0430221210843229
2019-03-20,Bandit Meta-Strategy (Thompson Sampling),-0.046484321523043076
2019-03-21,Bandit Meta-Strategy (Thompson Sampling),-0.04460770500751323
2019-03-22,Bandit Meta-Strategy (Thompson Sampling),-0.05651564728890177
2019-03-25,Bandit Meta-Strategy (Thompson Sampling),-0.05844008065844081
2019-03-26,Bandit Meta-Strategy (Thompson Sampling),-0.04892533349648253
2019-03-27,Bandit Meta-Strategy (Thompson Sampling),-0.05235363697316127
2019-03-28,Bandit Meta-Strategy (Thompson Sampling),-0.048833078780918485
2019-03-29,Bandit Meta-Strategy (Thompson Sampling),-0.049449554163076496
2019-04-01,Bandit Meta-Strategy (Thompson Sampling),-0.0380510235429489
2019-04-02,Bandit Meta-Strategy (Thompson Sampling),-0.03705991723159705
2019-04-03,Bandit Meta-Strategy (Thompson Sampling),-0.03398564610203266
2019-04-04,Bandit Meta-Strategy (Thompson Sampling),-0.034573755166215886
2019-04-05,Bandit Meta-Strategy (Thompson Sampling),-0.03080358086353394
2019-04-08,Bandit Meta-Strategy (Thompson Sampling),-0.028160799763138504
2019-04-09,Bandit Meta-Strategy (Thompson Sampling),-0.03066022762796755
2019-04-10,Bandit Meta-Strategy (Thompson Sampling),-0.027281114394710305
2019-04-11,Bandit Meta-Strategy (Thompson Sampling),-0.027536206345666107
2019-04-12,Bandit Meta-Strategy (Thompson Sampling),-0.015632257494840547
2019-04-15,Bandit Meta-Strategy (Thompson Sampling),-0.014529888526557852
2019-04-16,Bandit Meta-Strategy (Thompson Sampling),-0.011636575872822023
2019-04-17,Bandit Meta-Strategy (Thompson Sampling),-0.008256018478130997
2019-04-18,Bandit Meta-Strategy (Thompson Sampling),-0.008357278122054728
2019-04-22,Bandit Meta-Strategy (Thompson Sampling),-0.006558760250704287
2019-04-23,Bandit Meta-Strategy (Thompson Sampling),0.0
2019-04-24,Bandit Meta-Strategy (Thompson Sampling),-0.0020349808747965248
2019-04-25,Bandit Meta-Strategy (Thompson Sampling),-0.00027853605152192374
2019-04-26,Bandit Meta-Strategy (Thompson Sampling),0.0
2019-04-29,Bandit Meta-Strategy (Thompson Sampling),0.0
2019-04-30,Bandit Meta-Strategy (Thompson Sampling),-0.0007779327051865194
2019-05-01,Bandit Meta-Strategy (Thompson Sampling),-0.001983030688093036
2019-05-02,Bandit Meta-Strategy (Thompson Sampling),0.0
2019-05-03,Bandit Meta-Strategy (Thompson Sampling),0.0
2019-05-06,Bandit Meta-Strategy (Thompson Sampling),-0.004301043300090295
2019-05-07,Bandit Meta-Strategy (Thompson Sampling),-0.025905946246417292
2019-05-08,Bandit Meta-Strategy (Thompson Sampling),-0.027042778067800605
2019-05-09,Bandit Meta-Strategy (Thompson Sampling),-0.03649422496049728
2019-05-10,Bandit Meta-Strategy (Thompson Sampling),-0.036448085156685475
2019-05-13,Bandit Meta-Strategy (Thompson Sampling),-0.06604373737613274
2019-05-14,Bandit Meta-Strategy (Thompson Sampling),-0.056350832251215704
2019-05-15,Bandit Meta-Strategy (Thompson Sampling),-0.051580792175337425
2019-05-16,Bandit Meta-Strategy (Thompson Sampling),-0.04713710576751309
2019-05-17,Bandit Meta-Strategy (Thompson Sampling),-0.06329854037801837
2019-05-20,Bandit Meta-Strategy (Thompson Sampling),-0.07441825262655821
2019-05-21,Bandit Meta-Strategy (Thompson Sampling),-0.07001302066727798
2019-05-22,Bandit Meta-Strategy (Thompson Sampling),-0.07763342981692829
2019-05-23,Bandit Meta-Strategy (Thompson Sampling),-0.08471204676227605
2019-05-24,Bandit Meta-Strategy (Thompson Sampling),-0.08845747685154168
2019-05-28,Bandit Meta-Strategy (Thompson Sampling),-0.09445644387676481
2019-05-29,Bandit Meta-Strategy (Thompson Sampling),-0.10146194594786359
2019-05-30,Bandit Meta-Strategy (Thompson Sampling),-0.10015993550317388
2019-05-31,Bandit Meta-Strategy (Thompson Sampling),-0.10080828065384849
2019-06-03,Bandit Meta-Strategy (Thompson Sampling),-0.10543578084827329
2019-06-04,Bandit Meta-Strategy (Thompson Sampling),-0.08555892044633656
2019-06-05,Bandit Meta-Strategy (Thompson Sampling),-0.07613699749395826
2019-06-06,Bandit Meta-Strategy (Thompson Sampling),-0.06549531686813422
2019-06-07,Bandit Meta-Strategy (Thompson Sampling),-0.057563722610663004
2019-06-10,Bandit Meta-Strategy (Thompson Sampling),-0.050397561108441485
2019-06-11,Bandit Meta-Strategy (Thompson Sampling),-0.0464677722117559
2019-06-12,Bandit Meta-Strategy (Thompson Sampling),-0.04903927986223247
2019-06-13,Bandit Meta-Strategy (Thompson Sampling),-0.044921835171718924
2019-06-14,Bandit Meta-Strategy (Thompson Sampling),-0.043352429572812524
2019-06-17,Bandit Meta-Strategy (Thompson Sampling),-0.03793771787272941
2019-06-18,Bandit Meta-Strategy (Thompson Sampling),-0.03456106778769066
2019-06-19,Bandit Meta-Strategy (Thompson Sampling),-0.031124034869191256
2019-06-20,Bandit Meta-Strategy (Thompson Sampling),-0.02505701389824993
2019-06-21,Bandit Meta-Strategy (Thompson Sampling),-0.02504127215283711
2019-06-24,Bandit Meta-Strategy (Thompson Sampling),-0.021666007020996178
2019-06-25,Bandit Meta-Strategy (Thompson Sampling),-0.0284818112362633
2019-06-26,Bandit Meta-Strategy (Thompson Sampling),-0.032087573676515185
2019-06-27,Bandit Meta-Strategy (Thompson Sampling),-0.028996531866354834
2019-06-28,Bandit Meta-Strategy (Thompson Sampling),-0.02593222396546513
2019-07-01,Bandit Meta-Strategy (Thompson Sampling),-0.017497083225412557
2019-07-02,Bandit Meta-Strategy (Thompson Sampling),-0.014538769271807585
2019-07-03,Bandit Meta-Strategy (Thompson Sampling),-0.0031976652701134903
2019-07-05,Bandit Meta-Strategy (Thompson Sampling),-0.00785179417584809
2019-07-08,Bandit Meta-Strategy (Thompson Sampling),-0.010033910822443324
2019-07-09,Bandit Meta-Strategy (Thompson Sampling),-0.009541650182992727
2019-07-10,Bandit Meta-Strategy (Thompson Sampling),-0.0007584356721196674
2019-07-11,Bandit Meta-Strategy (Thompson Sampling),0.0
2019-07-12,Bandit Meta-Strategy (Thompson Sampling),0.0
2019-07-15,Bandit Meta-Strategy (Thompson Sampling),0.0
2019-07-16,Bandit Meta-Strategy (Thompson Sampling),-0.0030865953519611834
2019-07-17,Bandit Meta-Strategy (Thompson Sampling),-0.004018118720693264
2019-07-18,Bandit Meta-Strategy (Thompson Sampling),-0.006947957949140188
2019-07-19,Bandit Meta-Strategy (Thompson Sampling),-0.0133840598917008
2019-07-22,Bandit Meta-Strategy (Thompson Sampling),-0.012785166785730297
2019-07-23,Bandit Meta-Strategy (Thompson Sampling),-0.0018367208970933848
2019-07-24,Bandit Meta-Strategy (Thompson Sampling),0.0
2019-07-25,Bandit Meta-Strategy (Thompson Sampling),-0.016056306430441255
2019-07-26,Bandit Meta-Strategy (Thompson Sampling),-0.006806146450306244
2019-07-29,Bandit Meta-Strategy (Thompson Sampling),-0.005793824687756947
2019-07-30,Bandit Meta-Strategy (Thompson Sampling),-0.0034140514748838787
2019-07-31,Bandit Meta-Strategy (Thompson Sampling),-0.004005109254223642
2019-08-01,Bandit Meta-Strategy (Thompson Sampling),-0.01453601765962432
2019-08-02,Bandit Meta-Strategy (Thompson Sampling),-0.01900484116038157
2019-08-05,Bandit Meta-Strategy (Thompson Sampling),-0.0476000390536526
2019-08-06,Bandit Meta-Strategy (Thompson Sampling),-0.03639889900379027
2019-08-07,Bandit Meta-Strategy (Thompson Sampling),-0.036893768176223835
2019-08-08,Bandit Meta-Strategy (Thompson Sampling),-0.01918699429252113
2019-08-09,Bandit Meta-Strategy (Thompson Sampling),-0.028647167334974123
2019-08-12,Bandit Meta-Strategy (Thompson Sampling),-0.04112452122656413
2019-08-13,Bandit Meta-Strategy (Thompson Sampling),-0.0289828925710476
2019-08-14,Bandit Meta-Strategy (Thompson Sampling),-0.057402733402769045
2019-08-15,Bandit Meta-Strategy (Thompson Sampling),-0.04818547311465151
2019-08-16,Bandit Meta-Strategy (Thompson Sampling),-0.03528546468024719
2019-08-19,Bandit Meta-Strategy (Thompson Sampling),-0.021576283448008545
2019-08-20,Bandit Meta-Strategy (Thompson Sampling),-0.03244604413364257
2019-08-21,Bandit Meta-Strategy (Thompson Sampling),-0.027819271764784034
2019-08-22,Bandit Meta-Strategy (Thompson Sampling),-0.027720045042111927
2019-08-23,Bandit Meta-Strategy (Thompson Sampling),-0.051861583774986265
2019-08-26,Bandit Meta-Strategy (Thompson Sampling),-0.04037642446119972
2019-08-27,Bandit Meta-Strategy (Thompson Sampling),-0.041209880412992665
2019-08-28,Bandit Meta-Strategy (Thompson Sampling),-0.03613348962086388
2019-08-29,Bandit Meta-Strategy (Thompson Sampling),-0.025485466423759665
2019-08-30,Bandit Meta-Strategy (Thompson Sampling),-0.02620653793220607
2019-09-03,Bandit Meta-Strategy (Thompson Sampling),-0.025659597534354293
2019-09-04,Bandit Meta-Strategy (Thompson Sampling),-0.014815534729679409
2019-09-05,Bandit Meta-Strategy (Thompson Sampling),-0.00842811837670401
2019-09-06,Bandit Meta-Strategy (Thompson Sampling),-0.010465563247172256
2019-09-09,Bandit Meta-Strategy (Thompson Sampling),-0.012250315792898482
2019-09-10,Bandit Meta-Strategy (Thompson Sampling),-0.02033509225775344
2019-09-11,Bandit Meta-Strategy (Thompson Sampling),-0.015318203923112918
2019-09-12,Bandit Meta-Strategy (Thompson Sampling),-0.007291243322132428
2019-09-13,Bandit Meta-Strategy (Thompson Sampling),-0.008517126093884374
2019-09-16,Bandit Meta-Strategy (Thompson Sampling),-0.018806514276375235
2019-09-17,Bandit Meta-Strategy (Thompson Sampling),-0.01291180057290598
2019-09-18,Bandit Meta-Strategy (Thompson Sampling),-0.012591850271052115
2019-09-19,Bandit Meta-Strategy (Thompson Sampling),-0.011792142392456264
2019-09-20,Bandit Meta-Strategy (Thompson Sampling),-0.018439935230399586
2019-09-23,Bandit Meta-Strategy (Thompson Sampling),-0.015347018171307954
2019-09-24,Bandit Meta-Strategy (Thompson Sampling),-0.021131551345233295
2019-09-25,Bandit Meta-Strategy (Thompson Sampling),-0.017698716863902647
2019-09-26,Bandit Meta-Strategy (Thompson Sampling),-0.015281518151795084
2019-09-27,Bandit Meta-Strategy (Thompson Sampling),-0.018057763429050633
2019-09-30,Bandit Meta-Strategy (Thompson Sampling),-0.01871459050658848
2019-10-01,Bandit Meta-Strategy (Thompson Sampling),-0.021044472132738534
2019-10-02,Bandit Meta-Strategy (Thompson Sampling),-0.03448381793950951
2019-10-03,Bandit Meta-Strategy (Thompson Sampling),-0.03055448306681256
2019-10-04,Bandit Meta-Strategy (Thompson Sampling),-0.018367805904664438
2019-10-07,Bandit Meta-Strategy (Thompson Sampling),-0.01982647539647244
2019-10-08,Bandit Meta-Strategy (Thompson Sampling),-0.02977502544095355
2019-10-09,Bandit Meta-Strategy (Thompson Sampling),-0.022914977818421358
2019-10-10,Bandit Meta-Strategy (Thompson Sampling),-0.018456976419739337
2019-10-11,Bandit Meta-Strategy (Thompson Sampling),-0.011294083199364606
2019-10-14,Bandit Meta-Strategy (Thompson Sampling),-0.008770542737024517
2019-10-15,Bandit Meta-Strategy (Thompson Sampling),-0.0016169261528345765
2019-10-16,Bandit Meta-Strategy (Thompson Sampling),0.0
2019-10-17,Bandit Meta-Strategy (Thompson Sampling),0.0
2019-10-18,Bandit Meta-Strategy (Thompson Sampling),-0.011942308779148569
2019-10-21,Bandit Meta-Strategy (Thompson Sampling),-0.007241236288235524
2019-10-22,Bandit Meta-Strategy (Thompson Sampling),-0.008373562181621035
2019-10-23,Bandit Meta-Strategy (Thompson Sampling),-0.002997930389995093
2019-10-24,Bandit Meta-Strategy (Thompson Sampling),0.0
2019-10-25,Bandit Meta-Strategy (Thompson Sampling),0.0
2019-10-28,Bandit Meta-Strategy (Thompson Sampling),0.0
2019-10-29,Bandit Meta-Strategy (Thompson Sampling),-0.007488410619700062
2019-10-30,Bandit Meta-Strategy (Thompson Sampling),-0.0009307642790351267
2019-10-31,Bandit Meta-Strategy (Thompson Sampling),-0.0016278108700058947
2019-11-01,Bandit Meta-Strategy (Thompson Sampling),0.0
2019-11-04,Bandit Meta-Strategy (Thompson Sampling),-0.008181469803908825
2019-11-05,Bandit Meta-Strategy (Thompson Sampling),-0.011937763421476401
2019-11-06,Bandit Meta-Strategy (Thompson Sampling),-0.006835555079001352
2019-11-07,Bandit Meta-Strategy (Thompson Sampling),-0.007143004346748526
2019-11-08,Bandit Meta-Strategy (Thompson Sampling),-0.006992756012400642
2019-11-11,Bandit Meta-Strategy (Thompson Sampling),-0.010113225552518255
2019-11-12,Bandit Meta-Strategy (Thompson Sampling),-0.009041461153530952
2019-11-13,Bandit Meta-Strategy (Thompson Sampling),-0.0016069275808010728
2019-11-14,Bandit Meta-Strategy (Thompson Sampling),0.0
2019-11-15,Bandit Meta-Strategy (Thompson Sampling),0.0
2019-11-18,Bandit Meta-Strategy (Thompson Sampling),0.0
2019-11-19,Bandit Meta-Strategy (Thompson Sampling),-0.0072134286686514285
2019-11-20,Bandit Meta-Strategy (Thompson Sampling),-0.011034687488533305
2019-11-21,Bandit Meta-Strategy (Thompson Sampling),-0.012689872626816206
2019-11-22,Bandit Meta-Strategy (Thompson Sampling),-0.013721026193209829
2019-11-25,Bandit Meta-Strategy (Thompson Sampling),-0.010077877248949327
2019-11-26,Bandit Meta-Strategy (Thompson Sampling),-0.004601273810787554
2019-11-27,Bandit Meta-Strategy (Thompson Sampling),-0.0021414777744658067
2019-11-29,Bandit Meta-Strategy (Thompson Sampling),-0.0028543561209146604
2019-12-02,Bandit Meta-Strategy (Thompson Sampling),-0.007187221895265288
2019-12-03,Bandit Meta-Strategy (Thompson Sampling),-0.012348085603662
2019-12-04,Bandit Meta-Strategy (Thompson Sampling),-0.007515225982759776
2019-12-05,Bandit Meta-Strategy (Thompson Sampling),-0.0078048638182133985
2019-12-06,Bandit Meta-Strategy (Thompson Sampling),0.0
2019-12-09,Bandit Meta-Strategy (Thompson Sampling),-0.0015078466441645394
2019-12-10,Bandit Meta-Strategy (Thompson Sampling),-0.003416312234634564
2019-12-11,Bandit Meta-Strategy (Thompson Sampling),-0.00022462993510488402
2019-12-12,Bandit Meta-Strategy (Thompson Sampling),0.0
2019-12-13,Bandit Meta-Strategy (Thompson Sampling),0.0
2019-12-16,Bandit Meta-Strategy (Thompson Sampling),0.0
2019-12-17,Bandit Meta-Strategy (Thompson Sampling),0.0
2019-12-18,Bandit Meta-Strategy (Thompson Sampling),-0.0001787177911270599
2019-12-19,Bandit Meta-Strategy (Thompson Sampling),0.0
2019-12-20,Bandit Meta-Strategy (Thompson Sampling),0.0
2019-12-23,Bandit Meta-Strategy (Thompson Sampling),0.0
2019-12-24,Bandit Meta-Strategy (Thompson Sampling),0.0
2019-12-26,Bandit Meta-Strategy (Thompson Sampling),0.0
2019-12-27,Bandit Meta-Strategy (Thompson Sampling),-0.00013198941443785453
2019-12-30,Bandit Meta-Strategy (Thompson Sampling),-0.009621883027784708
2019-12-31,Bandit Meta-Strategy (Thompson Sampling),-0.010191918797273594
2020-01-02,Bandit Meta-Strategy (Thompson Sampling),-0.0054411493394407205
2020-01-03,Bandit Meta-Strategy (Thompson Sampling),-0.013369581573590417
2020-01-06,Bandit Meta-Strategy (Thompson Sampling),-0.010777111145849007
2020-01-07,Bandit Meta-Strategy (Thompson Sampling),-0.014430694438465551
2020-01-08,Bandit Meta-Strategy (Thompson Sampling),-0.010869622929957053
2020-01-09,Bandit Meta-Strategy (Thompson Sampling),-0.002575574976750082
2020-01-10,Bandit Meta-Strategy (Thompson Sampling),-0.004874175480605786
2020-01-13,Bandit Meta-Strategy (Thompson Sampling),0.0
2020-01-14,Bandit Meta-Strategy (Thompson Sampling),0.0
2020-01-15,Bandit Meta-Strategy (Thompson Sampling),0.0
2020-01-16,Bandit Meta-Strategy (Thompson Sampling),0.0
2020-01-17,Bandit Meta-Strategy (Thompson Sampling),0.0
2020-01-21,Bandit Meta-Strategy (Thompson Sampling),0.0
2020-01-22,Bandit Meta-Strategy (Thompson Sampling),0.0
2020-01-23,Bandit Meta-Strategy (Thompson Sampling),0.0
2020-01-24,Bandit Meta-Strategy (Thompson Sampling),-0.006882894871327181
2020-01-27,Bandit Meta-Strategy (Thompson Sampling),-0.011629161568847935
2020-01-28,Bandit Meta-Strategy (Thompson Sampling),-0.00785765290326668
2020-01-29,Bandit Meta-Strategy (Thompson Sampling),-0.008678205632175463
2020-01-30,Bandit Meta-Strategy (Thompson Sampling),0.0
2020-01-31,Bandit Meta-Strategy (Thompson Sampling),-0.012848568477735389
2020-02-03,Bandit Meta-Strategy (Thompson Sampling),-0.0012141154934929696
2020-02-04,Bandit Meta-Strategy (Thompson Sampling),0.0
2020-02-05,Bandit Meta-Strategy (Thompson Sampling),0.0
2020-02-06,Bandit Meta-Strategy (Thompson Sampling),0.0
2020-02-07,Bandit Meta-Strategy (Thompson Sampling),-0.0029382494343508612
2020-02-10,Bandit Meta-Strategy (Thompson Sampling),0.0
2020-02-11,Bandit Meta-Strategy (Thompson Sampling),-0.0008898473973758942
2020-02-12,Bandit Meta-Strategy (Thompson Sampling),0.0
2020-02-13,Bandit Meta-Strategy (Thompson Sampling),0.0
2020-02-14,Bandit Meta-Strategy (Thompson Sampling),0.0
2020-02-18,Bandit Meta-Strategy (Thompson Sampling),0.0
2020-02-19,Bandit Meta-Strategy (Thompson Sampling),0.0
2020-02-20,Bandit Meta-Strategy (Thompson Sampling),-0.0028487918020099713
2020-02-21,Bandit Meta-Strategy (Thompson Sampling),-0.005448502898768057
2020-02-24,Bandit Meta-Strategy (Thompson Sampling),-0.03759347893732182
2020-02-25,Bandit Meta-Strategy (Thompson Sampling),-0.057898910947578854
2020-02-26,Bandit Meta-Strategy (Thompson Sampling),-0.061104073387396526
2020-02-27,Bandit Meta-Strategy (Thompson Sampling),-0.10301510656021054
2020-02-28,Bandit Meta-Strategy (Thompson Sampling),-0.103411426356993
2020-03-02,Bandit Meta-Strategy (Thompson Sampling),-0.057422453622621335
2020-03-03,Bandit Meta-Strategy (Thompson Sampling),-0.08128744510957345
2020-03-04,Bandit Meta-Strategy (Thompson Sampling),-0.042297601573504394
2020-03-05,Bandit Meta-Strategy (Thompson Sampling),-0.07014237434280804
2020-03-06,Bandit Meta-Strategy (Thompson Sampling),-0.08293045204222943
2020-03-09,Bandit Meta-Strategy (Thompson Sampling),-0.1415330882959605
2020-03-10,Bandit Meta-Strategy (Thompson Sampling),-0.1015983134999088
2020-03-11,Bandit Meta-Strategy (Thompson Sampling),-0.1463949194173718
2020-03-12,Bandit Meta-Strategy (Thompson Sampling),-0.22354900007910491
2020-03-13,Bandit Meta-Strategy (Thompson Sampling),-0.15690488743287945
2020-03-16,Bandit Meta-Strategy (Thompson Sampling),-0.23886298019382024
2020-03-17,Bandit Meta-Strategy (Thompson Sampling),-0.19171917284375709
2020-03-18,Bandit Meta-Strategy (Thompson Sampling),-0.21628529047462364
2020-03-19,Bandit Meta-Strategy (Thompson Sampling),-0.22410111896793658
2020-03-20,Bandit Meta-Strategy (Thompson Sampling),-0.26455308058022675
2020-03-23,Bandit Meta-Strategy (Thompson Sampling),-0.2772352298896018
2020-03-24,Bandit Meta-Strategy (Thompson Sampling),-0.22198266755133939
2020-03-25,Bandit Meta-Strategy (Thompson Sampling),-0.2208812056385423
2020-03-26,Bandit Meta-Strategy (Thompson Sampling),-0.1836273413114077
2020-03-27,Bandit Meta-Strategy (Thompson Sampling),-0.20654326387689262
2020-03-30,Bandit Meta-Strategy (Thompson Sampling),-0.17211174668038237
2020-03-31,Bandit Meta-Strategy (Thompson Sampling),-0.17249013609600605
2020-04-01,Bandit Meta-Strategy (Thompson Sampling),-0.20420277238424323
2020-04-02,Bandit Meta-Strategy (Thompson Sampling),-0.18314084210306036
2020-04-03,Bandit Meta-Strategy (Thompson Sampling),-0.18966089457820817
2020-04-06,Bandit Meta-Strategy (Thompson Sampling),-0.13842578786705464
2020-04-07,Bandit Meta-Strategy (Thompson Sampling),-0.13880053268575387
2020-04-08,Bandit Meta-Strategy (Thompson Sampling),-0.11674799502215115
2020-04-09,Bandit Meta-Strategy (Thompson Sampling),-0.10297598512277321
2020-04-13,Bandit Meta-Strategy (Thompson Sampling),-0.09635082643025093
2020-04-14,Bandit Meta-Strategy (Thompson Sampling),-0.0655768217201186
2020-04-15,Bandit Meta-Strategy (Thompson Sampling),-0.07984697377806298
2020-04-16,Bandit Meta-Strategy (Thompson Sampling),-0.07857820416482869
2020-04-17,Bandit Meta-Strategy (Thompson Sampling),-0.05330468733463101
2020-04-20,Bandit Meta-Strategy (Thompson Sampling),-0.0728466421690413
2020-04-21,Bandit Meta-Strategy (Thompson Sampling),-0.09909032909496782
2020-04-22,Bandit Meta-Strategy (Thompson Sampling),-0.07714373831087687
2020-04-23,Bandit Meta-Strategy (Thompson Sampling),-0.07915903320327172
2020-04-24,Bandit Meta-Strategy (Thompson Sampling),-0.06795687614451872
2020-04-27,Bandit Meta-Strategy (Thompson Sampling),-0.04706499796907031
2020-04-28,Bandit Meta-Strategy (Thompson Sampling),-0.05626184305138154
2020-04-29,Bandit Meta-Strategy (Thompson Sampling),-0.02986957554284522
2020-04-30,Bandit Meta-Strategy (Thompson Sampling),-0.030698708058964148
2020-05-01,Bandit Meta-Strategy (Thompson Sampling),-0.0565082847759291
2020-05-04,Bandit Meta-Strategy (Thompson Sampling),-0.04747705402411335
2020-05-05,Bandit Meta-Strategy (Thompson Sampling),-0.04050103638147946
2020-05-06,Bandit Meta-Strategy (Thompson Sampling),-0.0424899976056491
2020-05-07,Bandit Meta-Strategy (Thompson Sampling),-0.04583422423831724
2020-05-08,Bandit Meta-Strategy (Thompson Sampling),-0.0319981807661655
2020-05-11,Bandit Meta-Strategy (Thompson Sampling),-0.027385643281669043
2020-05-12,Bandit Meta-Strategy (Thompson Sampling),-0.04236343627342012
2020-05-13,Bandit Meta-Strategy (Thompson Sampling),-0.04965746913806962
2020-05-14,Bandit Meta-Strategy (Thompson Sampling),-0.039918132384808076
2020-05-15,Bandit Meta-Strategy (Thompson Sampling),-0.02988140845359847
2020-05-18,Bandit Meta-Strategy (Thompson Sampling),-0.012587590543931325
2020-05-19,Bandit Meta-Strategy (Thompson Sampling),-0.022866388150000274
2020-05-20,Bandit Meta-Strategy (Thompson Sampling),-0.012813062058774874
2020-05-21,Bandit Meta-Strategy (Thompson Sampling),-0.022383996694313544
2020-05-22,Bandit Meta-Strategy (Thompson Sampling),-0.02572378094428398
2020-05-26,Bandit Meta-Strategy (Thompson Sampling),-0.023175954177328317
2020-05-27,Bandit Meta-Strategy (Thompson Sampling),-0.021778539294848593
2020-05-28,Bandit Meta-Strategy (Thompson Sampling),-0.020312670982651434
2020-05-29,Bandit Meta-Strategy (Thompson Sampling),-0.01287181445137088
2020-06-01,Bandit Meta-Strategy (Thompson Sampling),-0.015449521468376333
2020-06-02,Bandit Meta-Strategy (Thompson Sampling),-0.010829521722161785
2020-06-03,Bandit Meta-Strategy (Thompson Sampling),-0.005449380009732485
2020-06-04,Bandit Meta-Strategy (Thompson Sampling),-0.012771462501620362
2020-06-05,Bandit Meta-Strategy (Thompson Sampling),0.0
2020-06-08,Bandit Meta-Strategy (Thompson Sampling),0.0
2020-06-09,Bandit Meta-Strategy (Thompson Sampling),0.0
2020-06-10,Bandit Meta-Strategy (Thompson Sampling),0.0
2020-06-11,Bandit Meta-Strategy (Thompson Sampling),-0.04676953025779265
2020-06-12,Bandit Meta-Strategy (Thompson Sampling),-0.0466648725155276
2020-06-15,Bandit Meta-Strategy (Thompson Sampling),-0.03976716851414635
2020-06-16,Bandit Meta-Strategy (Thompson Sampling),-0.02723116848971445
2020-06-17,Bandit Meta-Strategy (Thompson Sampling),-0.02749097526012473
2020-06-18,Bandit Meta-Strategy (Thompson Sampling),-0.028363267543749238
2020-06-19,Bandit Meta-Strategy (Thompson Sampling),-0.02635473465377096
2020-06-22,Bandit Meta-Strategy (Thompson Sampling),-0.020128546984963167
2020-06-23,Bandit Meta-Strategy (Thompson Sampling),-0.01795890185559776
2020-06-24,Bandit Meta-Strategy (Thompson Sampling),-0.03761236110723105
2020-06-25,Bandit Meta-Strategy (Thompson Sampling),-0.03068356906025884
2020-06-26,Bandit Meta-Strategy (Thompson Sampling),-0.05311278681824437
2020-06-29,Bandit Meta-Strategy (Thompson Sampling),-0.04197678939067144
2020-06-30,Bandit Meta-Strategy (Thompson Sampling),-0.04283566459000445
2020-07-01,Bandit Meta-Strategy (Thompson Sampling),-0.039409289801565404
2020-07-02,Bandit Meta-Strategy (Thompson Sampling),-0.034990277861689956
2020-07-06,Bandit Meta-Strategy (Thompson Sampling),-0.012818057547708612
2020-07-07,Bandit Meta-Strategy (Thompson Sampling),-0.019013357125793797
2020-07-08,Bandit Meta-Strategy (Thompson Sampling),-0.013462579063754527
2020-07-09,Bandit Meta-Strategy (Thompson Sampling),-0.01764294098775777
2020-07-10,Bandit Meta-Strategy (Thompson Sampling),0.0
2020-07-13,Bandit Meta-Strategy (Thompson Sampling),-0.006032303548094489
2020-07-14,Bandit Meta-Strategy (Thompson Sampling),0.0
2020-07-15,Bandit Meta-Strategy (Thompson Sampling),0.0
2020-07-16,Bandit Meta-Strategy (Thompson Sampling),-0.00787797954905265
2020-07-17,Bandit Meta-Strategy (Thompson Sampling),-0.017844564056019148
2020-07-20,Bandit Meta-Strategy (Thompson Sampling),-0.008159072730036694
2020-07-21,Bandit Meta-Strategy (Thompson Sampling),0.0
2020-07-22,Bandit Meta-Strategy (Thompson Sampling),0.0
2020-07-23,Bandit Meta-Strategy (Thompson Sampling),-0.009592650695681658
2020-07-24,Bandit Meta-Strategy (Thompson Sampling),-0.01790120067632586
2020-07-27,Bandit Meta-Strategy (Thompson Sampling),-0.012226345626691911
2020-07-28,Bandit Meta-Strategy (Thompson Sampling),-0.015536751311356792
2020-07-29,Bandit Meta-Strategy (Thompson Sampling),-0.005424982859209688
2020-07-30,Bandit Meta-Strategy (Thompson Sampling),-0.017113100715799856
2020-07-31,Bandit Meta-Strategy (Thompson Sampling),-0.017797570058105748
2020-08-03,Bandit Meta-Strategy (Thompson Sampling),-0.009028646832681998
2020-08-04,Bandit Meta-Strategy (Thompson Sampling),0.0
2020-08-05,Bandit Meta-Strategy (Thompson Sampling),0.0
2020-08-06,Bandit Meta-Strategy (Thompson Sampling),0.0
2020-08-07,Bandit Meta-Strategy (Thompson Sampling),-0.005716298258852666
2020-08-10,Bandit Meta-Strategy (Thompson Sampling),-0.006452043080574939
2020-08-11,Bandit Meta-Strategy (Thompson Sampling),-0.018281402125206
2020-08-12,Bandit Meta-Strategy (Thompson Sampling),0.0
2020-08-13,Bandit Meta-Strategy (Thompson Sampling),0.0
2020-08-14,Bandit Meta-Strategy (Thompson Sampling),0.0
2020-08-17,Bandit Meta-Strategy (Thompson Sampling),0.0
2020-08-18,Bandit Meta-Strategy (Thompson Sampling),0.0
2020-08-19,Bandit Meta-Strategy (Thompson Sampling),-0.008474028996651662
2020-08-20,Bandit Meta-Strategy (Thompson Sampling),0.0
2020-08-21,Bandit Meta-Strategy (Thompson Sampling),0.0
2020-08-24,Bandit Meta-Strategy (Thompson Sampling),0.0
2020-08-25,Bandit Meta-Strategy (Thompson Sampling),-0.0023609115180962146
2020-08-26,Bandit Meta-Strategy (Thompson Sampling),0.0
2020-08-27,Bandit Meta-Strategy (Thompson Sampling),0.0
2020-08-28,Bandit Meta-Strategy (Thompson Sampling),0.0
2020-08-31,Bandit Meta-Strategy (Thompson Sampling),-0.00048155068265894773
2020-09-01,Bandit Meta-Strategy (Thompson Sampling),0.0
2020-09-02,Bandit Meta-Strategy (Thompson Sampling),0.0
2020-09-03,Bandit Meta-Strategy (Thompson Sampling),-0.03391983412007168
2020-09-04,Bandit Meta-Strategy (Thompson Sampling),-0.03970879303183316
2020-09-08,Bandit Meta-Strategy (Thompson Sampling),-0.07643775283628954
2020-09-09,Bandit Meta-Strategy (Thompson Sampling),-0.05803156769691061
2020-09-10,Bandit Meta-Strategy (Thompson Sampling),-0.07552309747344722
2020-09-11,Bandit Meta-Strategy (Thompson Sampling),-0.07459400368698238
2020-09-14,Bandit Meta-Strategy (Thompson Sampling),-0.06412186585982566
2020-09-15,Bandit Meta-Strategy (Thompson Sampling),-0.05585294072105502
2020-09-16,Bandit Meta-Strategy (Thompson Sampling),-0.06458652116649617
2020-09-17,Bandit Meta-Strategy (Thompson Sampling),-0.07332422660090133
2020-09-18,Bandit Meta-Strategy (Thompson Sampling),-0.07772450713165939
2020-09-21,Bandit Meta-Strategy (Thompson Sampling),-0.08065827134296162
2020-09-22,Bandit Meta-Strategy (Thompson Sampling),-0.07322518721603917
2020-09-23,Bandit Meta-Strategy (Thompson Sampling),-0.0990549752977269
2020-09-24,Bandit Meta-Strategy (Thompson Sampling),-0.09437101740907225
2020-09-25,Bandit Meta-Strategy (Thompson Sampling),-0.08207706120211614
2020-09-28,Bandit Meta-Strategy (Thompson Sampling),-0.07000520048980922
2020-09-29,Bandit Meta-Strategy (Thompson Sampling),-0.07424955252900013
2020-09-30,Bandit Meta-Strategy (Thompson Sampling),-0.07495919224776824
2020-10-01,Bandit Meta-Strategy (Thompson Sampling),-0.0670304954922984
2020-10-02,Bandit Meta-Strategy (Thompson Sampling),-0.08444573489493061
2020-10-05,Bandit Meta-Strategy (Thompson Sampling),-0.06828916807031053
2020-10-06,Bandit Meta-Strategy (Thompson Sampling),-0.08404956027584441
2020-10-07,Bandit Meta-Strategy (Thompson Sampling),-0.06978474454849766
2020-10-08,Bandit Meta-Strategy (Thompson Sampling),-0.059875996334391536
2020-10-09,Bandit Meta-Strategy (Thompson Sampling),-0.051261172177642485
2020-10-12,Bandit Meta-Strategy (Thompson Sampling),-0.03710346407097882
2020-10-13,Bandit Meta-Strategy (Thompson Sampling),-0.03823403355631111
2020-10-14,Bandit Meta-Strategy (Thompson Sampling),-0.045957569964600396
2020-10-15,Bandit Meta-Strategy (Thompson Sampling),-0.04879633888351502
2020-10-16,Bandit Meta-Strategy (Thompson Sampling),-0.05129379016361072
2020-10-19,Bandit Meta-Strategy (Thompson Sampling),-0.06747348236434676
2020-10-20,Bandit Meta-Strategy (Thompson Sampling),-0.06384152806442409
2020-10-21,Bandit Meta-Strategy (Thompson Sampling),-0.06789501167232505
2020-10-22,Bandit Meta-Strategy (Thompson Sampling),-0.06048038296267823
2020-10-23,Bandit Meta-Strategy (Thompson Sampling),-0.058158789557356656
2020-10-26,Bandit Meta-Strategy (Thompson Sampling),-0.07291445867645711
2020-10-27,Bandit Meta-Strategy (Thompson Sampling),-0.07230041891742482
2020-10-28,Bandit Meta-Strategy (Thompson Sampling),-0.10776059886316912
2020-10-29,Bandit Meta-Strategy (Thompson Sampling),-0.09301611505519691
2020-10-30,Bandit Meta-Strategy (Thompson Sampling),-0.09364813282639783
2020-11-02,Bandit Meta-Strategy (Thompson Sampling),-0.07825955975181084
2020-11-03,Bandit Meta-Strategy (Thompson Sampling),-0.06438754378479475
2020-11-04,Bandit Meta-Strategy (Thompson Sampling),-0.053390224081532905
2020-11-05,Bandit Meta-Strategy (Thompson Sampling),-0.036888736524386304
2020-11-06,Bandit Meta-Strategy (Thompson Sampling),-0.03717491179805722
2020-11-09,Bandit Meta-Strategy (Thompson Sampling),-0.022330552275456543
2020-11-10,Bandit Meta-Strategy (Thompson Sampling),-0.02517961742218878
2020-11-11,Bandit Meta-Strategy (Thompson Sampling),-0.016890855545048853
2020-11-12,Bandit Meta-Strategy (Thompson Sampling),-0.026625239179247362
2020-11-13,Bandit Meta-Strategy (Thompson Sampling),-0.01863446758980337
2020-11-16,Bandit Meta-Strategy (Thompson Sampling),-0.006743369517437443
2020-11-17,Bandit Meta-Strategy (Thompson Sampling),0.0
2020-11-18,Bandit Meta-Strategy (Thompson Sampling),0.0
2020-11-19,Bandit Meta-Strategy (Thompson Sampling),0.0
2020-11-20,Bandit Meta-Strategy (Thompson Sampling),-0.010179259821915143
2020-11-23,Bandit Meta-Strategy (Thompson Sampling),0.0
2020-11-24,Bandit Meta-Strategy (Thompson Sampling),0.0
2020-11-25,Bandit Meta-Strategy (Thompson Sampling),0.0
2020-11-27,Bandit Meta-Strategy (Thompson Sampling),0.0
2020-11-30,Bandit Meta-Strategy (Thompson Sampling),-0.0007631078901473326
2020-12-01,Bandit Meta-Strategy (Thompson Sampling),0.0
2020-12-02,Bandit Meta-Strategy (Thompson Sampling),0.0
2020-12-03,Bandit Meta-Strategy (Thompson Sampling),-0.000834370743371082
2020-12-04,Bandit Meta-Strategy (Thompson Sampling),0.0
2020-12-07,Bandit Meta-Strategy (Thompson Sampling),0.0
2020-12-08,Bandit Meta-Strategy (Thompson Sampling),0.0
2020-12-09,Bandit Meta-Strategy (Thompson Sampling),-0.011489012638935078
2020-12-10,Bandit Meta-Strategy (Thompson Sampling),-0.010326181056431042
2020-12-11,Bandit Meta-Strategy (Thompson Sampling),-0.010434298618495475
2020-12-14,Bandit Meta-Strategy (Thompson Sampling),-0.01579701518797994
2020-12-15,Bandit Meta-Strategy (Thompson Sampling),-0.011129370906390365
2020-12-16,Bandit Meta-Strategy (Thompson Sampling),-0.012551335653291609
2020-12-17,Bandit Meta-Strategy (Thompson Sampling),-0.0014796476436189894
2020-12-18,Bandit Meta-Strategy (Thompson Sampling),0.0
2020-12-21,Bandit Meta-Strategy (Thompson Sampling),-0.00921855234604465
2020-12-22,Bandit Meta-Strategy (Thompson Sampling),-0.015448501475219876
2020-12-23,Bandit Meta-Strategy (Thompson Sampling),-0.0171754744171153
2020-12-24,Bandit Meta-Strategy (Thompson Sampling),-0.01403080188930877
2020-12-28,Bandit Meta-Strategy (Thompson Sampling),-0.0038179130381510704
2020-12-29,Bandit Meta-Strategy (Thompson Sampling),-0.002221390555212251
2020-12-30,Bandit Meta-Strategy (Thompson Sampling),0.0
2020-12-31,Bandit Meta-Strategy (Thompson Sampling),-0.0005453708035658576
2021-01-04,Bandit Meta-Strategy (Thompson Sampling),0.0
2021-01-05,Bandit Meta-Strategy (Thompson Sampling),0.0
2021-01-06,Bandit Meta-Strategy (Thompson Sampling),-0.006374211272794386
2021-01-07,Bandit Meta-Strategy (Thompson Sampling),0.0
2021-01-08,Bandit Meta-Strategy (Thompson Sampling),0.0
2021-01-11,Bandit Meta-Strategy (Thompson Sampling),-0.013811276923649531
2021-01-12,Bandit Meta-Strategy (Thompson Sampling),-0.005051987337079722
2021-01-13,Bandit Meta-Strategy (Thompson Sampling),-0.002915675184688052
2021-01-14,Bandit Meta-Strategy (Thompson Sampling),-0.011223890040004268
2021-01-15,Bandit Meta-Strategy (Thompson Sampling),-0.02621653382524888
2021-01-19,Bandit Meta-Strategy (Thompson Sampling),-0.01885750704499327
2021-01-20,Bandit Meta-Strategy (Thompson Sampling),0.0
2021-01-21,Bandit Meta-Strategy (Thompson Sampling),0.0
2021-01-22,Bandit Meta-Strategy (Thompson Sampling),-0.000470213504038591
2021-01-25,Bandit Meta-Strategy (Thompson Sampling),0.0
2021-01-26,Bandit Meta-Strategy (Thompson Sampling),0.0
2021-01-27,Bandit Meta-Strategy (Thompson Sampling),-0.027713150027376246
2021-01-28,Bandit Meta-Strategy (Thompson Sampling),-0.029454192720216293
2021-01-29,Bandit Meta-Strategy (Thompson Sampling),-0.029753771003515967
2021-02-01,Bandit Meta-Strategy (Thompson Sampling),-0.015836470053026384
2021-02-02,Bandit Meta-Strategy (Thompson Sampling),-0.002825905609783388
2021-02-03,Bandit Meta-Strategy (Thompson Sampling),-0.005324437551857662
2021-02-04,Bandit Meta-Strategy (Thompson Sampling),0.0
2021-02-05,Bandit Meta-Strategy (Thompson Sampling),0.0
2021-02-08,Bandit Meta-Strategy (Thompson Sampling),0.0
2021-02-09,Bandit Meta-Strategy (Thompson Sampling),-0.0032227929235147754
2021-02-10,Bandit Meta-Strategy (Thompson Sampling),-0.008234880717819165
2021-02-11,Bandit Meta-Strategy (Thompson Sampling),-0.0062771653328918126
2021-02-12,Bandit Meta-Strategy (Thompson Sampling),-0.005217949288565834
2021-02-16,Bandit Meta-Strategy (Thompson Sampling),-0.004183057530781991
2021-02-17,Bandit Meta-Strategy (Thompson Sampling),-0.00301644958221602
2021-02-18,Bandit Meta-Strategy (Thompson Sampling),-0.017977014016372334
2021-02-19,Bandit Meta-Strategy (Thompson Sampling),-0.023806906595398462
2021-02-22,Bandit Meta-Strategy (Thompson Sampling),-0.03961918483001572
2021-02-23,Bandit Meta-Strategy (Thompson Sampling),-0.04403932805010512
2021-02-24,Bandit Meta-Strategy (Thompson Sampling),-0.03452190197830732
2021-02-25,Bandit Meta-Strategy (Thompson Sampling),-0.06238164992340397
2021-02-26,Bandit Meta-Strategy (Thompson Sampling),-0.06286996955970904
2021-03-01,Bandit Meta-Strategy (Thompson Sampling),-0.03864260617033222
2021-03-02,Bandit Meta-Strategy (Thompson Sampling),-0.05165094819057602
2021-03-03,Bandit Meta-Strategy (Thompson Sampling),-0.0687610211322714
2021-03-04,Bandit Meta-Strategy (Thompson Sampling),-0.07897951394624632
2021-03-05,Bandit Meta-Strategy (Thompson Sampling),-0.0710568471547168
2021-03-08,Bandit Meta-Strategy (Thompson Sampling),-0.08462299559087344
2021-03-09,Bandit Meta-Strategy (Thompson Sampling),-0.055941217451746024
2021-03-10,Bandit Meta-Strategy (Thompson Sampling),-0.048018395194567264
2021-03-11,Bandit Meta-Strategy (Thompson Sampling),-0.03529164837357587
2021-03-12,Bandit Meta-Strategy (Thompson Sampling),-0.034328750615037526
2021-03-15,Bandit Meta-Strategy (Thompson Sampling),-0.030053927253087098
2021-03-16,Bandit Meta-Strategy (Thompson Sampling),-0.034640692307523833
2021-03-17,Bandit Meta-Strategy (Thompson Sampling),-0.030001306567580672
2021-03-18,Bandit Meta-Strategy (Thompson Sampling),-0.05645208719574493
2021-03-19,Bandit Meta-Strategy (Thompson Sampling),-0.05336990359435718
2021-03-22,Bandit Meta-Strategy (Thompson Sampling),-0.04322436067843911
2021-03-23,Bandit Meta-Strategy (Thompson Sampling),-0.04469235880077407
2021-03-24,Bandit Meta-Strategy (Thompson Sampling),-0.05535912165811819
2021-03-25,Bandit Meta-Strategy (Thompson Sampling),-0.05569185558289119
2021-03-26,Bandit Meta-Strategy (Thompson Sampling),-0.04883079525577707
2021-03-29,Bandit Meta-Strategy (Thompson Sampling),-0.04492759626659541
2021-03-30,Bandit Meta-Strategy (Thompson Sampling),-0.04599088289554152
2021-03-31,Bandit Meta-Strategy (Thompson Sampling),-0.0466349567353069
2021-04-01,Bandit Meta-Strategy (Thompson Sampling),-0.037707938079742535
2021-04-05,Bandit Meta-Strategy (Thompson Sampling),-0.024361466327662302
2021-04-06,Bandit Meta-Strategy (Thompson Sampling),-0.02481211810050459
2021-04-07,Bandit Meta-Strategy (Thompson Sampling),-0.022001005130696884
2021-04-08,Bandit Meta-Strategy (Thompson Sampling),-0.01838895531280142
2021-04-09,Bandit Meta-Strategy (Thompson Sampling),-0.014099573020042984
2021-04-12,Bandit Meta-Strategy (Thompson Sampling),-0.010693949398510006
2021-04-13,Bandit Meta-Strategy (Thompson Sampling),-0.008072548958086708
2021-04-14,Bandit Meta-Strategy (Thompson Sampling),-0.013246188103619019
2021-04-15,Bandit Meta-Strategy (Thompson Sampling),-0.0032461633941106814
2021-04-16,Bandit Meta-Strategy (Thompson Sampling),0.0
2021-04-19,Bandit Meta-Strategy (Thompson Sampling),-0.003400527196738837
2021-04-20,Bandit Meta-Strategy (Thompson Sampling),-0.006238544467400677
2021-04-21,Bandit Meta-Strategy (Thompson Sampling),-0.002933225505682516
2021-04-22,Bandit Meta-Strategy (Thompson Sampling),-0.01614100642158372
2021-04-23,Bandit Meta-Strategy (Thompson Sampling),-0.009470794205585454
2021-04-26,Bandit Meta-Strategy (Thompson Sampling),-0.010914691926858627
2021-04-27,Bandit Meta-Strategy (Thompson Sampling),-0.013190053238013377
2021-04-28,Bandit Meta-Strategy (Thompson Sampling),-0.0108857078450107
2021-04-29,Bandit Meta-Strategy (Thompson Sampling),-0.0024791028616941934
2021-04-30,Bandit Meta-Strategy (Thompson Sampling),-0.005674384854440226
2021-05-03,Bandit Meta-Strategy (Thompson Sampling),-0.0006903408672930228
2021-05-04,Bandit Meta-Strategy (Thompson Sampling),-0.006354466019987798
2021-05-05,Bandit Meta-Strategy (Thompson Sampling),-0.00853941289302588
2021-05-06,Bandit Meta-Strategy (Thompson Sampling),-0.002553018912731777
2021-05-07,Bandit Meta-Strategy (Thompson Sampling),0.0
2021-05-10,Bandit Meta-Strategy (Thompson Sampling),-0.008068584921050934
2021-05-11,Bandit Meta-Strategy (Thompson Sampling),-0.016442353741573823
2021-05-12,Bandit Meta-Strategy (Thompson Sampling),-0.0333046618459507
2021-05-13,Bandit Meta-Strategy (Thompson Sampling),-0.02403908918365451
2021-05-14,Bandit Meta-Strategy (Thompson Sampling),-0.014056469711407433
2021-05-17,Bandit Meta-Strategy (Thompson Sampling),-0.015584201045878973
2021-05-18,Bandit Meta-Strategy (Thompson Sampling),-0.020218181361493278
2021-05-19,Bandit Meta-Strategy (Thompson Sampling),-0.023317157027226358
2021-05-20,Bandit Meta-Strategy (Thompson Sampling),-0.012917517719776367
2021-05-21,Bandit Meta-Strategy (Thompson Sampling),-0.014340408438888338
2021-05-24,Bandit Meta-Strategy (Thompson Sampling),-0.0057043019374499685
2021-05-25,Bandit Meta-Strategy (Thompson Sampling),-0.0074843086395647
2021-05-26,Bandit Meta-Strategy (Thompson Sampling),-0.0075990216142035605
2021-05-27,Bandit Meta-Strategy (Thompson Sampling),-0.009544131329706145
2021-05-28,Bandit Meta-Strategy (Thompson Sampling),-0.008857076138649951
2021-06-01,Bandit Meta-Strategy (Thompson Sampling),-0.011226965558080582
2021-06-02,Bandit Meta-Strategy (Thompson Sampling),-0.008977927012869058
2021-06-03,Bandit Meta-Strategy (Thompson Sampling),-0.011692574283407062
2021-06-04,Bandit Meta-Strategy (Thompson Sampling),-0.0032197946529821
2021-06-07,Bandit Meta-Strategy (Thompson Sampling),-0.0041995741010048835
2021-06-08,Bandit Meta-Strategy (Thompson Sampling),-0.006705437868463405
2021-06-09,Bandit Meta-Strategy (Thompson Sampling),-0.0060780175417381845
2021-06-10,Bandit Meta-Strategy (Thompson Sampling),0.0
2021-06-11,Bandit Meta-Strategy (Thompson Sampling),-0.00029132404229860524
2021-06-14,Bandit Meta-Strategy (Thompson Sampling),0.0
2021-06-15,Bandit Meta-Strategy (Thompson Sampling),-0.004345070865116863
2021-06-16,Bandit Meta-Strategy (Thompson Sampling),-0.010181028634784296
2021-06-17,Bandit Meta-Strategy (Thompson Sampling),-0.005101239542860412
2021-06-18,Bandit Meta-Strategy (Thompson Sampling),-0.017594871687533074
2021-06-21,Bandit Meta-Strategy (Thompson Sampling),-0.008003134175735952
2021-06-22,Bandit Meta-Strategy (Thompson Sampling),-0.0001148174513137322
2021-06-23,Bandit Meta-Strategy (Thompson Sampling),-6.268187935987205e-05
2021-06-24,Bandit Meta-Strategy (Thompson Sampling),0.0
2021-06-25,Bandit Meta-Strategy (Thompson Sampling),0.0
2021-06-28,Bandit Meta-Strategy (Thompson Sampling),0.0
2021-06-29,Bandit Meta-Strategy (Thompson Sampling),-0.0021477944550077174
2021-06-30,Bandit Meta-Strategy (Thompson Sampling),-0.00285369485735961
2021-07-01,Bandit Meta-Strategy (Thompson Sampling),0.0
2021-07-02,Bandit Meta-Strategy (Thompson Sampling),0.0
2021-07-06,Bandit Meta-Strategy (Thompson Sampling),-0.004898282755591143
2021-07-07,Bandit Meta-Strategy (Thompson Sampling),-0.003140735143492265
2021-07-08,Bandit Meta-Strategy (Thompson Sampling),-0.00806083864347614
2021-07-09,Bandit Meta-Strategy (Thompson Sampling),0.0
2021-07-12,Bandit Meta-Strategy (Thompson Sampling),0.0
2021-07-13,Bandit Meta-Strategy (Thompson Sampling),-0.0020401846283863824
2021-07-14,Bandit Meta-Strategy (Thompson Sampling),0.0
2021-07-15,Bandit Meta-Strategy (Thompson Sampling),0.0
2021-07-16,Bandit Meta-Strategy (Thompson Sampling),-0.004665281687480839
2021-07-19,Bandit Meta-Strategy (Thompson Sampling),-0.013670406538005718
2021-07-20,Bandit Meta-Strategy (Thompson Sampling),-0.022822568573350212
2021-07-21,Bandit Meta-Strategy (Thompson Sampling),-0.021765335100525668
2021-07-22,Bandit Meta-Strategy (Thompson Sampling),-0.022914753270494862
2021-07-23,Bandit Meta-Strategy (Thompson Sampling),-0.01274756426746341
2021-07-26,Bandit Meta-Strategy (Thompson Sampling),-0.008592158446023615
2021-07-27,Bandit Meta-Strategy (Thompson Sampling),-0.008661537637321949
2021-07-28,Bandit Meta-Strategy (Thompson Sampling),-0.007350793612422817
2021-07-29,Bandit Meta-Strategy (Thompson Sampling),-0.007119805671669587
2021-07-30,Bandit Meta-Strategy (Thompson Sampling),-0.0074358015475416645
2021-08-02,Bandit Meta-Strategy (Thompson Sampling),-0.005151334517935958
2021-08-03,Bandit Meta-Strategy (Thompson Sampling),0.0
2021-08-04,Bandit Meta-Strategy (Thompson Sampling),-0.004580834304825243
2021-08-05,Bandit Meta-Strategy (Thompson Sampling),0.0
2021-08-06,Bandit Meta-Strategy (Thompson Sampling),-0.0018858495682617753
2021-08-09,Bandit Meta-Strategy (Thompson Sampling),0.0
2021-08-10,Bandit Meta-Strategy (Thompson Sampling),0.0
2021-08-11,Bandit Meta-Strategy (Thompson Sampling),-0.004065475668526034
2021-08-12,Bandit Meta-Strategy (Thompson Sampling),0.0
2021-08-13,Bandit Meta-Strategy (Thompson Sampling),0.0
2021-08-16,Bandit Meta-Strategy (Thompson Sampling),0.0
2021-08-17,Bandit Meta-Strategy (Thompson Sampling),-0.00359360496278634
2021-08-18,Bandit Meta-Strategy (Thompson Sampling),-0.01327279786844276
2021-08-19,Bandit Meta-Strategy (Thompson Sampling),-0.009857399388133322
2021-08-20,Bandit Meta-Strategy (Thompson Sampling),-0.0030523208051221125
2021-08-23,Bandit Meta-Strategy (Thompson Sampling),0.0
2021-08-24,Bandit Meta-Strategy (Thompson Sampling),-0.006468657778582841
2021-08-25,Bandit Meta-Strategy (Thompson Sampling),-0.008562712692021133
2021-08-26,Bandit Meta-Strategy (Thompson Sampling),-0.013735438690939452
2021-08-27,Bandit Meta-Strategy (Thompson Sampling),-0.008565246866097042
2021-08-30,Bandit Meta-Strategy (Thompson Sampling),-0.0031682807976421336
2021-08-31,Bandit Meta-Strategy (Thompson Sampling),-0.006177491776566554
2021-09-01,Bandit Meta-Strategy (Thompson Sampling),-0.002474188646766177
2021-09-02,Bandit Meta-Strategy (Thompson Sampling),0.0
2021-09-03,Bandit Meta-Strategy (Thompson Sampling),0.0
2021-09-07,Bandit Meta-Strategy (Thompson Sampling),0.0
2021-09-08,Bandit Meta-Strategy (Thompson Sampling),0.0
2021-09-09,Bandit Meta-Strategy (Thompson Sampling),-0.005708144528167281
2021-09-10,Bandit Meta-Strategy (Thompson Sampling),-0.010867395080617952
2021-09-13,Bandit Meta-Strategy (Thompson Sampling),-0.01064387665985366
2021-09-14,Bandit Meta-Strategy (Thompson Sampling),-0.016290760524885744
2021-09-15,Bandit Meta-Strategy (Thompson Sampling),-0.011170624289120457
2021-09-16,Bandit Meta-Strategy (Thompson Sampling),-0.013478782761411888
2021-09-17,Bandit Meta-Strategy (Thompson Sampling),-0.019436080134419352
2021-09-20,Bandit Meta-Strategy (Thompson Sampling),-0.034816433990968385
2021-09-21,Bandit Meta-Strategy (Thompson Sampling),-0.036518768281362524
2021-09-22,Bandit Meta-Strategy (Thompson Sampling),-0.02780059477565704
2021-09-23,Bandit Meta-Strategy (Thompson Sampling),-0.018864868672441092
2021-09-24,Bandit Meta-Strategy (Thompson Sampling),-0.017962871885087998
2021-09-27,Bandit Meta-Strategy (Thompson Sampling),-0.01865332663409118
2021-09-28,Bandit Meta-Strategy (Thompson Sampling),-0.03391117272758395
2021-09-29,Bandit Meta-Strategy (Thompson Sampling),-0.028831570332529765
2021-09-30,Bandit Meta-Strategy (Thompson Sampling),-0.038279034974713924
2021-10-01,Bandit Meta-Strategy (Thompson Sampling),-0.03117621866992216
2021-10-04,Bandit Meta-Strategy (Thompson Sampling),-0.04247992210393474
2021-10-05,Bandit Meta-Strategy (Thompson Sampling),-0.03236980661606986
2021-10-06,Bandit Meta-Strategy (Thompson Sampling),-0.02779155454098842
2021-10-07,Bandit Meta-Strategy (Thompson Sampling),-0.01953004361856772
2021-10-08,Bandit Meta-Strategy (Thompson Sampling),-0.02103818172126133
2021-10-11,Bandit Meta-Strategy (Thompson Sampling),-0.02590460440844679
2021-10-12,Bandit Meta-Strategy (Thompson Sampling),-0.02885977431591667
2021-10-13,Bandit Meta-Strategy (Thompson Sampling),-0.028914709858836887
2021-10-14,Bandit Meta-Strategy (Thompson Sampling),-0.016356604373840452
2021-10-15,Bandit Meta-Strategy (Thompson Sampling),-0.010118736388992236
2021-10-18,Bandit Meta-Strategy (Thompson Sampling),-0.009231687534985628
2021-10-19,Bandit Meta-Strategy (Thompson Sampling),-0.0034169088625616733
2021-10-20,Bandit Meta-Strategy (Thompson Sampling),-0.0017486808494618356
2021-10-21,Bandit Meta-Strategy (Thompson Sampling),0.0
2021-10-22,Bandit Meta-Strategy (Thompson Sampling),0.0
2021-10-25,Bandit Meta-Strategy (Thompson Sampling),0.0
2021-10-26,Bandit Meta-Strategy (Thompson Sampling),0.0
2021-10-27,Bandit Meta-Strategy (Thompson Sampling),-0.0052001452633338744
2021-10-28,Bandit Meta-Strategy (Thompson Sampling),0.0
2021-10-29,Bandit Meta-Strategy (Thompson Sampling),-0.000520889884583177
2021-11-01,Bandit Meta-Strategy (Thompson Sampling),0.0
2021-11-02,Bandit Meta-Strategy (Thompson Sampling),0.0
2021-11-03,Bandit Meta-Strategy (Thompson Sampling),0.0
2021-11-04,Bandit Meta-Strategy (Thompson Sampling),0.0
2021-11-05,Bandit Meta-Strategy (Thompson Sampling),0.0
2021-11-08,Bandit Meta-Strategy (Thompson Sampling),0.0
2021-11-09,Bandit Meta-Strategy (Thompson Sampling),-0.007711307444249425
2021-11-10,Bandit Meta-Strategy (Thompson Sampling),-0.0077753200909955345
2021-11-11,Bandit Meta-Strategy (Thompson Sampling),-0.010913269830011191
2021-11-12,Bandit Meta-Strategy (Thompson Sampling),-0.00540111603177037
2021-11-15,Bandit Meta-Strategy (Thompson Sampling),-0.006565136024881017
2021-11-16,Bandit Meta-Strategy (Thompson Sampling),-0.002644247609196474
2021-11-17,Bandit Meta-Strategy (Thompson Sampling),-0.006841201858828991
2021-11-18,Bandit Meta-Strategy (Thompson Sampling),-0.002745075627110256
2021-11-19,Bandit Meta-Strategy (Thompson Sampling),-0.00629912947035804
2021-11-22,Bandit Meta-Strategy (Thompson Sampling),-0.01322492571115155
2021-11-23,Bandit Meta-Strategy (Thompson Sampling),-0.009777476825250691
2021-11-24,Bandit Meta-Strategy (Thompson Sampling),-0.004494324332210049
2021-11-26,Bandit Meta-Strategy (Thompson Sampling),-0.019794588159898503
2021-11-29,Bandit Meta-Strategy (Thompson Sampling),-0.01391401239698455
2021-11-30,Bandit Meta-Strategy (Thompson Sampling),-0.030358719611981982
2021-12-01,Bandit Meta-Strategy (Thompson Sampling),-0.040150710065967064
2021-12-02,Bandit Meta-Strategy (Thompson Sampling),-0.03197804428475105
2021-12-03,Bandit Meta-Strategy (Thompson Sampling),-0.035646043226396355
2021-12-06,Bandit Meta-Strategy (Thompson Sampling),-0.025935800358669703
2021-12-07,Bandit Meta-Strategy (Thompson Sampling),-0.010734060325819103
2021-12-08,Bandit Meta-Strategy (Thompson Sampling),-0.008417616697702641
2021-12-09,Bandit Meta-Strategy (Thompson Sampling),-0.010493639054901605
2021-12-10,Bandit Meta-Strategy (Thompson Sampling),-0.003357663083634129
2021-12-13,Bandit Meta-Strategy (Thompson Sampling),-0.00654851470958129
2021-12-14,Bandit Meta-Strategy (Thompson Sampling),-0.007513022417812703
2021-12-15,Bandit Meta-Strategy (Thompson Sampling),0.0
2021-12-16,Bandit Meta-Strategy (Thompson Sampling),-0.002145624959736841
2021-12-17,Bandit Meta-Strategy (Thompson Sampling),-0.0188563933554829
2021-12-20,Bandit Meta-Strategy (Thompson Sampling),-0.024712952104248682
2021-12-21,Bandit Meta-Strategy (Thompson Sampling),-0.012495159485245587
2021-12-22,Bandit Meta-Strategy (Thompson Sampling),-0.0022270845644174965
2021-12-23,Bandit Meta-Strategy (Thompson Sampling),0.0
2021-12-27,Bandit Meta-Strategy (Thompson Sampling),0.0
2021-12-28,Bandit Meta-Strategy (Thompson Sampling),-0.0007666942528840754
2021-12-29,Bandit Meta-Strategy (Thompson Sampling),-0.0015586209319205665
2021-12-30,Bandit Meta-Strategy (Thompson Sampling),-0.0022825598237767985
2021-12-31,Bandit Meta-Strategy (Thompson Sampling),-0.0028629869621611707
2022-01-03,Bandit Meta-Strategy (Thompson Sampling),-0.0007596067005028698
2022-01-04,Bandit Meta-Strategy (Thompson Sampling),-0.006697073348313805
2022-01-05,Bandit Meta-Strategy (Thompson Sampling),-0.01635148764928145
2022-01-06,Bandit Meta-Strategy (Thompson Sampling),-0.019854773056698666
2022-01-07,Bandit Meta-Strategy (Thompson Sampling),-0.020242786757467407
2022-01-10,Bandit Meta-Strategy (Thompson Sampling),-0.02136573086179176
2022-01-11,Bandit Meta-Strategy (Thompson Sampling),-0.015739211516937364
2022-01-12,Bandit Meta-Strategy (Thompson Sampling),-0.014444924554278853
2022-01-13,Bandit Meta-Strategy (Thompson Sampling),-0.030003473204278958
2022-01-14,Bandit Meta-Strategy (Thompson Sampling),-0.03533225322488541
2022-01-18,Bandit Meta-Strategy (Thompson Sampling),-0.05167083955009932
2022-01-19,Bandit Meta-Strategy (Thompson Sampling),-0.05707338173588701
2022-01-20,Bandit Meta-Strategy (Thompson Sampling),-0.06449086252420737
2022-01-21,Bandit Meta-Strategy (Thompson Sampling),-0.09742359942219232
2022-01-24,Bandit Meta-Strategy (Thompson Sampling),-0.10181248090134302
2022-01-25,Bandit Meta-Strategy (Thompson Sampling),-0.10417541346533317
2022-01-26,Bandit Meta-Strategy (Thompson Sampling),-0.10220120237127939
2022-01-27,Bandit Meta-Strategy (Thompson Sampling),-0.09945023571587089
2022-01-28,Bandit Meta-Strategy (Thompson Sampling),-0.08153667260971345
2022-01-31,Bandit Meta-Strategy (Thompson Sampling),-0.08185875408514962
2022-02-01,Bandit Meta-Strategy (Thompson Sampling),-0.07106904612538578
2022-02-02,Bandit Meta-Strategy (Thompson Sampling),-0.06585856683294578
2022-02-03,Bandit Meta-Strategy (Thompson Sampling),-0.08967012880808461
2022-02-04,Bandit Meta-Strategy (Thompson Sampling),-0.08333908145756144
2022-02-07,Bandit Meta-Strategy (Thompson Sampling),-0.08723638700997362
2022-02-08,Bandit Meta-Strategy (Thompson Sampling),-0.08687612984982725
2022-02-09,Bandit Meta-Strategy (Thompson Sampling),-0.0813973597228365
2022-02-10,Bandit Meta-Strategy (Thompson Sampling),-0.0928836279237409
2022-02-11,Bandit Meta-Strategy (Thompson Sampling),-0.10689009483068669
2022-02-14,Bandit Meta-Strategy (Thompson Sampling),-0.10828921386537113
2022-02-15,Bandit Meta-Strategy (Thompson Sampling),-0.09796036482421192
2022-02-16,Bandit Meta-Strategy (Thompson Sampling),-0.09836736313028666
2022-02-17,Bandit Meta-Strategy (Thompson Sampling),-0.10964218046410158
2022-02-18,Bandit Meta-Strategy (Thompson Sampling),-0.11589249557299094
2022-02-22,Bandit Meta-Strategy (Thompson Sampling),-0.13204849602411986
2022-02-23,Bandit Meta-Strategy (Thompson Sampling),-0.14698704194561546
2022-02-24,Bandit Meta-Strategy (Thompson Sampling),-0.1430388981831378
2022-02-25,Bandit Meta-Strategy (Thompson Sampling),-0.12238505085675407
2022-02-28,Bandit Meta-Strategy (Thompson Sampling),-0.12293432468000347
2022-03-01,Bandit Meta-Strategy (Thompson Sampling),-0.1319988166872373
2022-03-02,Bandit Meta-Strategy (Thompson Sampling),-0.12274074805788622
2022-03-03,Bandit Meta-Strategy (Thompson Sampling),-0.12087795606039813
2022-03-04,Bandit Meta-Strategy (Thompson Sampling),-0.11850526669408541
2022-03-07,Bandit Meta-Strategy (Thompson Sampling),-0.1322207993155242
2022-03-08,Bandit Meta-Strategy (Thompson Sampling),-0.14962290123130037
2022-03-09,Bandit Meta-Strategy (Thompson Sampling),-0.13780515366821028
2022-03-10,Bandit Meta-Strategy (Thompson Sampling),-0.14041338436654285
2022-03-11,Bandit Meta-Strategy (Thompson Sampling),-0.1470151558322345
2022-03-14,Bandit Meta-Strategy (Thompson Sampling),-0.14213691035409098
2022-03-15,Bandit Meta-Strategy (Thompson Sampling),-0.12438329002058494
2022-03-16,Bandit Meta-Strategy (Thompson Sampling),-0.1175290472745122
2022-03-17,Bandit Meta-Strategy (Thompson Sampling),-0.1079067297072573
2022-03-18,Bandit Meta-Strategy (Thompson Sampling),-0.10383142743784289
2022-03-21,Bandit Meta-Strategy (Thompson Sampling),-0.10303807999163152
2022-03-22,Bandit Meta-Strategy (Thompson Sampling),-0.09884553309814373
2022-03-23,Bandit Meta-Strategy (Thompson Sampling),-0.1074492128474719
2022-03-24,Bandit Meta-Strategy (Thompson Sampling),-0.09955133010966508
2022-03-25,Bandit Meta-Strategy (Thompson Sampling),-0.09357196258156578
2022-03-28,Bandit Meta-Strategy (Thompson Sampling),-0.08600507243878246
2022-03-29,Bandit Meta-Strategy (Thompson Sampling),-0.07941896932989576
2022-03-30,Bandit Meta-Strategy (Thompson Sampling),-0.07946652074418262
2022-03-31,Bandit Meta-Strategy (Thompson Sampling),-0.07998587835009738
2022-04-01,Bandit Meta-Strategy (Thompson Sampling),-0.07504864347674187
2022-04-04,Bandit Meta-Strategy (Thompson Sampling),-0.0685438939589231
2022-04-05,Bandit Meta-Strategy (Thompson Sampling),-0.07619895543971
2022-04-06,Bandit Meta-Strategy (Thompson Sampling),-0.07552304266496333
2022-04-07,Bandit Meta-Strategy (Thompson Sampling),-0.06692311410396788
2022-04-08,Bandit Meta-Strategy (Thompson Sampling),-0.06562909279116154
2022-04-11,Bandit Meta-Strategy (Thompson Sampling),-0.08452512629115387
2022-04-12,Bandit Meta-Strategy (Thompson Sampling),-0.08542730206746177
2022-04-13,Bandit Meta-Strategy (Thompson Sampling),-0.07509732265815697
2022-04-14,Bandit Meta-Strategy (Thompson Sampling),-0.08224708260866115
2022-04-18,Bandit Meta-Strategy (Thompson Sampling),-0.08655960183200546
2022-04-19,Bandit Meta-Strategy (Thompson Sampling),-0.07718909180272536
2022-04-20,Bandit Meta-Strategy (Thompson Sampling),-0.09504107452332136
2022-04-21,Bandit Meta-Strategy (Thompson Sampling),-0.10364564063120096
2022-04-22,Bandit Meta-Strategy (Thompson Sampling),-0.12041495355411792
2022-04-25,Bandit Meta-Strategy (Thompson Sampling),-0.11712060103106552
2022-04-26,Bandit Meta-Strategy (Thompson Sampling),-0.13628168127641127
2022-04-27,Bandit Meta-Strategy (Thompson Sampling),-0.13425321983570807
2022-04-28,Bandit Meta-Strategy (Thompson Sampling),-0.1124085537780737
2022-04-29,Bandit Meta-Strategy (Thompson Sampling),-0.13700012501695458
2022-05-02,Bandit Meta-Strategy (Thompson Sampling),-0.13436824845451456
2022-05-03,Bandit Meta-Strategy (Thompson Sampling),-0.13046694012530394
2022-05-04,Bandit Meta-Strategy (Thompson Sampling),-0.10990398118808817
2022-05-05,Bandit Meta-Strategy (Thompson Sampling),-0.13711824436799827
2022-05-06,Bandit Meta-Strategy (Thompson Sampling),-0.13864630556266322
2022-05-09,Bandit Meta-Strategy (Thompson Sampling),-0.16074416211915565
2022-05-10,Bandit Meta-Strategy (Thompson Sampling),-0.15904738491090542
2022-05-11,Bandit Meta-Strategy (Thompson Sampling),-0.1695115362677701
2022-05-12,Bandit Meta-Strategy (Thompson Sampling),-0.16765927408037679
2022-05-13,Bandit Meta-Strategy (Thompson Sampling),-0.1526091721264878
2022-05-16,Bandit Meta-Strategy (Thompson Sampling),-0.15029540207632908
2022-05-17,Bandit Meta-Strategy (Thompson Sampling),-0.1494024322376992
2022-05-18,Bandit Meta-Strategy (Thompson Sampling),-0.18458334535074072
2022-05-19,Bandit Meta-Strategy (Thompson Sampling),-0.18996066639636575
2022-05-20,Bandit Meta-Strategy (Thompson Sampling),-0.1847724346068205
2022-05-23,Bandit Meta-Strategy (Thompson Sampling),-0.16793032847658607
2022-05-24,Bandit Meta-Strategy (Thompson Sampling),-0.16952593097608845
2022-05-25,Bandit Meta-Strategy (Thompson Sampling),-0.1636862598508839
2022-05-26,Bandit Meta-Strategy (Thompson Sampling),-0.15148369940459674
2022-05-27,Bandit Meta-Strategy (Thompson Sampling),-0.13718949453390505
2022-05-31,Bandit Meta-Strategy (Thompson Sampling),-0.1376524682158751
2022-06-01,Bandit Meta-Strategy (Thompson Sampling),-0.14787542157396802
2022-06-02,Bandit Meta-Strategy (Thompson Sampling),-0.13514058874716206
2022-06-03,Bandit Meta-Strategy (Thompson Sampling),-0.14783103495781455
2022-06-06,Bandit Meta-Strategy (Thompson Sampling),-0.15628058226086483
2022-06-07,Bandit Meta-Strategy (Thompson Sampling),-0.1496711544012518
2022-06-08,Bandit Meta-Strategy (Thompson Sampling),-0.15395873953767744
2022-06-09,Bandit Meta-Strategy (Thompson Sampling),-0.17213680227596626
2022-06-10,Bandit Meta-Strategy (Thompson Sampling),-0.18530292053200997
2022-06-13,Bandit Meta-Strategy (Thompson Sampling),-0.20773908202880778
2022-06-14,Bandit Meta-Strategy (Thompson Sampling),-0.21723786441438628
2022-06-15,Bandit Meta-Strategy (Thompson Sampling),-0.20952682643761278
2022-06-16,Bandit Meta-Strategy (Thompson Sampling),-0.22036372274610377
2022-06-17,Bandit Meta-Strategy (Thompson Sampling),-0.22523136840932348
2022-06-21,Bandit Meta-Strategy (Thompson Sampling),-0.2034248480557899
2022-06-22,Bandit Meta-Strategy (Thompson Sampling),-0.2005539709917242
2022-06-23,Bandit Meta-Strategy (Thompson Sampling),-0.1886344391572051
2022-06-24,Bandit Meta-Strategy (Thompson Sampling),-0.17145629511639537
2022-06-27,Bandit Meta-Strategy (Thompson Sampling),-0.17239900308249195
2022-06-28,Bandit Meta-Strategy (Thompson Sampling),-0.1894389905204628
2022-06-29,Bandit Meta-Strategy (Thompson Sampling),-0.1898178367662923
2022-06-30,Bandit Meta-Strategy (Thompson Sampling),-0.19040585453188658
2022-07-01,Bandit Meta-Strategy (Thompson Sampling),-0.1821315643784285
2022-07-05,Bandit Meta-Strategy (Thompson Sampling),-0.17857605733419368
2022-07-06,Bandit Meta-Strategy (Thompson Sampling),-0.1766841127595062
2022-07-07,Bandit Meta-Strategy (Thompson Sampling),-0.1619904806240614
2022-07-08,Bandit Meta-Strategy (Thompson Sampling),-0.16282917211794956
2022-07-11,Bandit Meta-Strategy (Thompson Sampling),-0.17681563105707707
2022-07-12,Bandit Meta-Strategy (Thompson Sampling),-0.18523038276314785
2022-07-13,Bandit Meta-Strategy (Thompson Sampling),-0.18332146161582666
2022-07-14,Bandit Meta-Strategy (Thompson Sampling),-0.18481109390743997
2022-07-15,Bandit Meta-Strategy (Thompson Sampling),-0.16849935581878292
2022-07-18,Bandit Meta-Strategy (Thompson Sampling),-0.1760553982325442
2022-07-19,Bandit Meta-Strategy (Thompson Sampling),-0.1574395060921523
2022-07-20,Bandit Meta-Strategy (Thompson Sampling),-0.14581242507403905
2022-07-21,Bandit Meta-Strategy (Thompson Sampling),-0.13570359707632665
2022-07-22,Bandit Meta-Strategy (Thompson Sampling),-0.14309989888502195
2022-07-25,Bandit Meta-Strategy (Thompson Sampling),-0.14145311821680745
2022-07-26,Bandit Meta-Strategy (Thompson Sampling),-0.1586129942390659
2022-07-27,Bandit Meta-Strategy (Thompson Sampling),-0.13453996055485504
2022-07-28,Bandit Meta-Strategy (Thompson Sampling),-0.128621540874564
2022-07-29,Bandit Meta-Strategy (Thompson Sampling),-0.12896254588524603
2022-08-01,Bandit Meta-Strategy (Thompson Sampling),-0.12991645137816848
2022-08-02,Bandit Meta-Strategy (Thompson Sampling),-0.13638253395328126
2022-08-03,Bandit Meta-Strategy (Thompson Sampling),-0.1304111600006642
2022-08-04,Bandit Meta-Strategy (Thompson Sampling),-0.1384861372524928
2022-08-05,Bandit Meta-Strategy (Thompson Sampling),-0.14305369533925533
2022-08-08,Bandit Meta-Strategy (Thompson Sampling),-0.1409196305130431
2022-08-09,Bandit Meta-Strategy (Thompson Sampling),-0.1413302419979431
2022-08-10,Bandit Meta-Strategy (Thompson Sampling),-0.12651916142363762
2022-08-11,Bandit Meta-Strategy (Thompson Sampling),-0.13278915229076282
2022-08-12,Bandit Meta-Strategy (Thompson Sampling),-0.11772249532876743
2022-08-15,Bandit Meta-Strategy (Thompson Sampling),-0.11602250253793471
2022-08-16,Bandit Meta-Strategy (Thompson Sampling),-0.10980364886576542
2022-08-17,Bandit Meta-Strategy (Thompson Sampling),-0.11540942560692849
2022-08-18,Bandit Meta-Strategy (Thompson Sampling),-0.11369413670227002
2022-08-19,Bandit Meta-Strategy (Thompson Sampling),-0.12015623493998079
2022-08-22,Bandit Meta-Strategy (Thompson Sampling),-0.135058972268848
2022-08-23,Bandit Meta-Strategy (Thompson Sampling),-0.13499212779236128
2022-08-24,Bandit Meta-Strategy (Thompson Sampling),-0.13378289034480145
2022-08-25,Bandit Meta-Strategy (Thompson Sampling),-0.15674182246611318
2022-08-26,Bandit Meta-Strategy (Thompson Sampling),-0.1809558248925744
2022-08-29,Bandit Meta-Strategy (Thompson Sampling),-0.18184516216351018
2022-08-30,Bandit Meta-Strategy (Thompson Sampling),-0.19216766269793434
2022-08-31,Bandit Meta-Strategy (Thompson Sampling),-0.19281705670357313
2022-09-01,Bandit Meta-Strategy (Thompson Sampling),-0.18344134831636197
2022-09-02,Bandit Meta-Strategy (Thompson Sampling),-0.19424799698590198
2022-09-06,Bandit Meta-Strategy (Thompson Sampling),-0.1994777999946635
2022-09-07,Bandit Meta-Strategy (Thompson Sampling),-0.1814083038280392
2022-09-08,Bandit Meta-Strategy (Thompson Sampling),-0.17788051266166405
2022-09-09,Bandit Meta-Strategy (Thompson Sampling),-0.16133258225200117
2022-09-12,Bandit Meta-Strategy (Thompson Sampling),-0.15294411317988182
2022-09-13,Bandit Meta-Strategy (Thompson Sampling),-0.1941535486461555
2022-09-14,Bandit Meta-Strategy (Thompson Sampling),-0.18229425318976808
2022-09-15,Bandit Meta-Strategy (Thompson Sampling),-0.18519222412659628
2022-09-16,Bandit Meta-Strategy (Thompson Sampling),-0.18574829751170716
2022-09-19,Bandit Meta-Strategy (Thompson Sampling),-0.18035090415847901
2022-09-20,Bandit Meta-Strategy (Thompson Sampling),-0.1876622884225149
2022-09-21,Bandit Meta-Strategy (Thompson Sampling),-0.20347495757804376
2022-09-22,Bandit Meta-Strategy (Thompson Sampling),-0.20810199997336662
2022-09-23,Bandit Meta-Strategy (Thompson Sampling),-0.2281927515148052
2022-09-26,Bandit Meta-Strategy (Thompson Sampling),-0.23158560172388806
2022-09-27,Bandit Meta-Strategy (Thompson Sampling),-0.2316832720107431
2022-09-28,Bandit Meta-Strategy (Thompson Sampling),-0.20933546693189736
2022-09-29,Bandit Meta-Strategy (Thompson Sampling),-0.22946930057380543
2022-09-30,Bandit Meta-Strategy (Thompson Sampling),-0.23001636433288752
2022-10-03,Bandit Meta-Strategy (Thompson Sampling),-0.21733756694706896
2022-10-04,Bandit Meta-Strategy (Thompson Sampling),-0.19834880961609028
2022-10-05,Bandit Meta-Strategy (Thompson Sampling),-0.20020768739190115
2022-10-06,Bandit Meta-Strategy (Thompson Sampling),-0.20660255973049244
2022-10-07,Bandit Meta-Strategy (Thompson Sampling),-0.22851409228799438
2022-10-10,Bandit Meta-Strategy (Thompson Sampling),-0.23416672086666945
2022-10-11,Bandit Meta-Strategy (Thompson Sampling),-0.24069303697662436
2022-10-12,Bandit Meta-Strategy (Thompson Sampling),-0.2389979943033811
2022-10-13,Bandit Meta-Strategy (Thompson Sampling),-0.22008124745321156
2022-10-14,Bandit Meta-Strategy (Thompson Sampling),-0.2364158401685015
2022-10-17,Bandit Meta-Strategy (Thompson Sampling),-0.21343512509167095
2022-10-18,Bandit Meta-Strategy (Thompson Sampling),-0.20634028297420476
2022-10-19,Bandit Meta-Strategy (Thompson Sampling),-0.2056619473649996
2022-10-20,Bandit Meta-Strategy (Thompson Sampling),-0.2112141741675737
2022-10-21,Bandit Meta-Strategy (Thompson Sampling),-0.1899535071196679
2022-10-24,Bandit Meta-Strategy (Thompson Sampling),-0.18277350379292126
2022-10-25,Bandit Meta-Strategy (Thompson Sampling),-0.17028919787114208
2022-10-26,Bandit Meta-Strategy (Thompson Sampling),-0.17392956431706205
2022-10-27,Bandit Meta-Strategy (Thompson Sampling),-0.18286179568684682
2022-10-28,Bandit Meta-Strategy (Thompson Sampling),-0.16575437125463996
2022-10-31,Bandit Meta-Strategy (Thompson Sampling),-0.16642872384263982
2022-11-01,Bandit Meta-Strategy (Thompson Sampling),-0.17340560653909481
2022-11-02,Bandit Meta-Strategy (Thompson Sampling),-0.20201420501011977
2022-11-03,Bandit Meta-Strategy (Thompson Sampling),-0.21291845172243534
2022-11-04,Bandit Meta-Strategy (Thompson Sampling),-0.20498633395617585
2022-11-07,Bandit Meta-Strategy (Thompson Sampling),-0.19855173284453642
2022-11-08,Bandit Meta-Strategy (Thompson Sampling),-0.20020660350725566
2022-11-09,Bandit Meta-Strategy (Thompson Sampling),-0.21636974036801512
2022-11-10,Bandit Meta-Strategy (Thompson Sampling),-0.16596675515721565
2022-11-11,Bandit Meta-Strategy (Thompson Sampling),-0.1523432667861059
2022-11-14,Bandit Meta-Strategy (Thompson Sampling),-0.15576423284162855
2022-11-15,Bandit Meta-Strategy (Thompson Sampling),-0.14452202108865195
2022-11-16,Bandit Meta-Strategy (Thompson Sampling),-0.1554465472679984
2022-11-17,Bandit Meta-Strategy (Thompson Sampling),-0.1624372714924051
2022-11-18,Bandit Meta-Strategy (Thompson Sampling),-0.16416007532736077
2022-11-21,Bandit Meta-Strategy (Thompson Sampling),-0.17615041241741056
2022-11-22,Bandit Meta-Strategy (Thompson Sampling),-0.16565865410213512
2022-11-23,Bandit Meta-Strategy (Thompson Sampling),-0.15423112296879554
2022-11-25,Bandit Meta-Strategy (Thompson Sampling),-0.15691372547697016
2022-11-28,Bandit Meta-Strategy (Thompson Sampling),-0.16417161059772867
2022-11-29,Bandit Meta-Strategy (Thompson Sampling),-0.16850518799020917
2022-11-30,Bandit Meta-Strategy (Thompson Sampling),-0.16881897634886986
2022-12-01,Bandit Meta-Strategy (Thompson Sampling),-0.16599611220766416
2022-12-02,Bandit Meta-Strategy (Thompson Sampling),-0.16565760849661698
2022-12-05,Bandit Meta-Strategy (Thompson Sampling),-0.18165198767130575
2022-12-06,Bandit Meta-Strategy (Thompson Sampling),-0.1998420348799687
2022-12-07,Bandit Meta-Strategy (Thompson Sampling),-0.20249128899589483
2022-12-08,Bandit Meta-Strategy (Thompson Sampling),-0.19683853453550232
2022-12-09,Bandit Meta-Strategy (Thompson Sampling),-0.19940941537895537
2022-12-12,Bandit Meta-Strategy (Thompson Sampling),-0.19529321627280666
2022-12-13,Bandit Meta-Strategy (Thompson Sampling),-0.1882765792933985
2022-12-14,Bandit Meta-Strategy (Thompson Sampling),-0.18943797686987576
2022-12-15,Bandit Meta-Strategy (Thompson Sampling),-0.20744895996041257
2022-12-16,Bandit Meta-Strategy (Thompson Sampling),-0.21658557003585563
2022-12-19,Bandit Meta-Strategy (Thompson Sampling),-0.22459624560643512
2022-12-20,Bandit Meta-Strategy (Thompson Sampling),-0.2256934849205219
2022-12-21,Bandit Meta-Strategy (Thompson Sampling),-0.2165059721003352
2022-12-22,Bandit Meta-Strategy (Thompson Sampling),-0.23139919777820853
2022-12-23,Bandit Meta-Strategy (Thompson Sampling),-0.22606325041884784
2022-12-27,Bandit Meta-Strategy (Thompson Sampling),-0.23611397280155533
2022-12-28,Bandit Meta-Strategy (Thompson Sampling),-0.24297428229363774
2022-12-29,Bandit Meta-Strategy (Thompson Sampling),-0.2274839811193786
2022-12-30,Bandit Meta-Strategy (Thompson Sampling),-0.22789836964494184
2023-01-03,Bandit Meta-Strategy (Thompson Sampling),-0.23133993779733167
2023-01-04,Bandit Meta-Strategy (Thompson Sampling),-0.2269684421107542
2023-01-05,Bandit Meta-Strategy (Thompson Sampling),-0.23403526334484498
2023-01-06,Bandit Meta-Strategy (Thompson Sampling),-0.2182417238741035
2023-01-09,Bandit Meta-Strategy (Thompson Sampling),-0.22319508372660118
2023-01-10,Bandit Meta-Strategy (Thompson Sampling),-0.21869629169493796
2023-01-11,Bandit Meta-Strategy (Thompson Sampling),-0.2085394856735456
2023-01-12,Bandit Meta-Strategy (Thompson Sampling),-0.2056233793242189
2023-01-13,Bandit Meta-Strategy (Thompson Sampling),-0.201534447025355
2023-01-17,Bandit Meta-Strategy (Thompson Sampling),-0.20460507445528495
2023-01-18,Bandit Meta-Strategy (Thompson Sampling),-0.2183105094272216
2023-01-19,Bandit Meta-Strategy (Thompson Sampling),-0.22050172434854756
2023-01-20,Bandit Meta-Strategy (Thompson Sampling),-0.20331743591227033
2023-01-23,Bandit Meta-Strategy (Thompson Sampling),-0.19327469448880813
2023-01-24,Bandit Meta-Strategy (Thompson Sampling),-0.19402837886266047
2023-01-25,Bandit Meta-Strategy (Thompson Sampling),-0.19430146976971016
2023-01-26,Bandit Meta-Strategy (Thompson Sampling),-0.17921446880723302
2023-01-27,Bandit Meta-Strategy (Thompson Sampling),-0.16756806289622594
2023-01-30,Bandit Meta-Strategy (Thompson Sampling),-0.18555754520362086
2023-01-31,Bandit Meta-Strategy (Thompson Sampling),-0.1861439281674345
2023-02-01,Bandit Meta-Strategy (Thompson Sampling),-0.18025680073773798
2023-02-02,Bandit Meta-Strategy (Thompson Sampling),-0.1749346183906423
2023-02-03,Bandit Meta-Strategy (Thompson Sampling),-0.18104231384836733
2023-02-06,Bandit Meta-Strategy (Thompson Sampling),-0.184431789705328
2023-02-07,Bandit Meta-Strategy (Thompson Sampling),-0.1787909468085818
2023-02-08,Bandit Meta-Strategy (Thompson Sampling),-0.18402404688382903
2023-02-09,Bandit Meta-Strategy (Thompson Sampling),-0.18961672394552156
2023-02-10,Bandit Meta-Strategy (Thompson Sampling),-0.18612511052249658
2023-02-13,Bandit Meta-Strategy (Thompson Sampling),-0.18049752404063987
2023-02-14,Bandit Meta-Strategy (Thompson Sampling),-0.18204719567387628
2023-02-15,Bandit Meta-Strategy (Thompson Sampling),-0.1840237332859916
2023-02-16,Bandit Meta-Strategy (Thompson Sampling),-0.1945396433809069
2023-02-17,Bandit Meta-Strategy (Thompson Sampling),-0.19150659891514285
2023-02-21,Bandit Meta-Strategy (Thompson Sampling),-0.20168186933583301
2023-02-22,Bandit Meta-Strategy (Thompson Sampling),-0.20432784897398157
2023-02-23,Bandit Meta-Strategy (Thompson Sampling),-0.20405432010958702
2023-02-24,Bandit Meta-Strategy (Thompson Sampling),-0.21060728816513016
2023-02-27,Bandit Meta-Strategy (Thompson Sampling),-0.2099204371937615
2023-02-28,Bandit Meta-Strategy (Thompson Sampling),-0.21061404578620754
2023-03-01,Bandit Meta-Strategy (Thompson Sampling),-0.2173763218000657
2023-03-02,Bandit Meta-Strategy (Thompson Sampling),-0.21830242192942956
2023-03-03,Bandit Meta-Strategy (Thompson Sampling),-0.20415019136263
2023-03-06,Bandit Meta-Strategy (Thompson Sampling),-0.20421342381458726
2023-03-07,Bandit Meta-Strategy (Thompson Sampling),-0.21637593083584167
2023-03-08,Bandit Meta-Strategy (Thompson Sampling),-0.22015365675428092
2023-03-09,Bandit Meta-Strategy (Thompson Sampling),-0.23598974768150763
2023-03-10,Bandit Meta-Strategy (Thompson Sampling),-0.2412900064761526
2023-03-13,Bandit Meta-Strategy (Thompson Sampling),-0.23679316604187597
2023-03-14,Bandit Meta-Strategy (Thompson Sampling),-0.22201429735566724
2023-03-15,Bandit Meta-Strategy (Thompson Sampling),-0.2196530959791616
2023-03-16,Bandit Meta-Strategy (Thompson Sampling),-0.20668210996416772
2023-03-17,Bandit Meta-Strategy (Thompson Sampling),-0.2115283610972126
2023-03-20,Bandit Meta-Strategy (Thompson Sampling),-0.20586564152232129
2023-03-21,Bandit Meta-Strategy (Thompson Sampling),-0.18824687738063486
2023-03-22,Bandit Meta-Strategy (Thompson Sampling),-0.20176216428579477
2023-03-23,Bandit Meta-Strategy (Thompson Sampling),-0.19654090323034598
2023-03-24,Bandit Meta-Strategy (Thompson Sampling),-0.19533474487297786
2023-03-27,Bandit Meta-Strategy (Thompson Sampling),-0.19601520154551538
2023-03-28,Bandit Meta-Strategy (Thompson Sampling),-0.20123319314334367
2023-03-29,Bandit Meta-Strategy (Thompson Sampling),-0.1902789092663813
2023-03-30,Bandit Meta-Strategy (Thompson Sampling),-0.18614160445492497
2023-03-31,Bandit Meta-Strategy (Thompson Sampling),-0.1867142102355126
2023-04-03,Bandit Meta-Strategy (Thompson Sampling),-0.18162759232203854
2023-04-04,Bandit Meta-Strategy (Thompson Sampling),-0.18457652560546606
2023-04-05,Bandit Meta-Strategy (Thompson Sampling),-0.18273718652018237
2023-04-06,Bandit Meta-Strategy (Thompson Sampling),-0.18041319820902865
2023-04-10,Bandit Meta-Strategy (Thompson Sampling),-0.18189401050202073
2023-04-11,Bandit Meta-Strategy (Thompson Sampling),-0.18215699609097225
2023-04-12,Bandit Meta-Strategy (Thompson Sampling),-0.18846681597555115
2023-04-13,Bandit Meta-Strategy (Thompson Sampling),-0.1763623921399515
2023-04-14,Bandit Meta-Strategy (Thompson Sampling),-0.1739808991676173
2023-04-17,Bandit Meta-Strategy (Thompson Sampling),-0.1731526577148821
2023-04-18,Bandit Meta-Strategy (Thompson Sampling),-0.17424256593410853
2023-04-19,Bandit Meta-Strategy (Thompson Sampling),-0.1760841318002433
2023-04-20,Bandit Meta-Strategy (Thompson Sampling),-0.18137802230719471
2023-04-21,Bandit Meta-Strategy (Thompson Sampling),-0.17639914275702828
2023-04-24,Bandit Meta-Strategy (Thompson Sampling),-0.17557613793666635
2023-04-25,Bandit Meta-Strategy (Thompson Sampling),-0.18643903887389893
2023-04-26,Bandit Meta-Strategy (Thompson Sampling),-0.19107970398467305
2023-04-27,Bandit Meta-Strategy (Thompson Sampling),-0.17449027446262197
2023-04-28,Bandit Meta-Strategy (Thompson Sampling),-0.16948577271423645
2023-05-01,Bandit Meta-Strategy (Thompson Sampling),-0.17171438658161453
2023-05-02,Bandit Meta-Strategy (Thompson Sampling),-0.18005411785737382
2023-05-03,Bandit Meta-Strategy (Thompson Sampling),-0.18599143819190908
2023-05-04,Bandit Meta-Strategy (Thompson Sampling),-0.191934178511446
2023-05-05,Bandit Meta-Strategy (Thompson Sampling),-0.17874600082269948
2023-05-08,Bandit Meta-Strategy (Thompson Sampling),-0.1754205066812185
2023-05-09,Bandit Meta-Strategy (Thompson Sampling),-0.17884794821601513
2023-05-10,Bandit Meta-Strategy (Thompson Sampling),-0.17646596932353795
2023-05-11,Bandit Meta-Strategy (Thompson Sampling),-0.17653431691114982
2023-05-12,Bandit Meta-Strategy (Thompson Sampling),-0.17949750912387233
2023-05-15,Bandit Meta-Strategy (Thompson Sampling),-0.17927908837755974
2023-05-16,Bandit Meta-Strategy (Thompson Sampling),-0.1824589794778587
2023-05-17,Bandit Meta-Strategy (Thompson Sampling),-0.17193361369123972
2023-05-18,Bandit Meta-Strategy (Thompson Sampling),-0.1633361905360755
2023-05-19,Bandit Meta-Strategy (Thompson Sampling),-0.1661416772985324
2023-05-22,Bandit Meta-Strategy (Thompson Sampling),-0.16653727741691537
2023-05-23,Bandit Meta-Strategy (Thompson Sampling),-0.1710096443618343
2023-05-24,Bandit Meta-Strategy (Thompson Sampling),-0.17466312328402067
2023-05-25,Bandit Meta-Strategy (Thompson Sampling),-0.16899628714971107
2023-05-26,Bandit Meta-Strategy (Thompson Sampling),-0.15861260399891036
2023-05-30,Bandit Meta-Strategy (Thompson Sampling),-0.15754501368233495
2023-05-31,Bandit Meta-Strategy (Thompson Sampling),-0.15782270111951285
2023-06-01,Bandit Meta-Strategy (Thompson Sampling),-0.1490059003775494
2023-06-02,Bandit Meta-Strategy (Thompson Sampling),-0.13712662356194258
2023-06-05,Bandit Meta-Strategy (Thompson Sampling),-0.1368734035689209
2023-06-06,Bandit Meta-Strategy (Thompson Sampling),-0.13553689359548668
2023-06-07,Bandit Meta-Strategy (Thompson Sampling),-0.13767933147146003
2023-06-08,Bandit Meta-Strategy (Thompson Sampling),-0.13117787296227582
2023-06-09,Bandit Meta-Strategy (Thompson Sampling),-0.12926617530115264
2023-06-12,Bandit Meta-Strategy (Thompson Sampling),-0.12347761660224468
2023-06-13,Bandit Meta-Strategy (Thompson Sampling),-0.11856090826135847
2023-06-14,Bandit Meta-Strategy (Thompson Sampling),-0.11609233256777658
2023-06-15,Bandit Meta-Strategy (Thompson Sampling),-0.10764617902117418
2023-06-16,Bandit Meta-Strategy (Thompson Sampling),-0.10991233802233534
2023-06-20,Bandit Meta-Strategy (Thompson Sampling),-0.11283149556072766
2023-06-21,Bandit Meta-Strategy (Thompson Sampling),-0.11704364811209726
2023-06-22,Bandit Meta-Strategy (Thompson Sampling),-0.11193749670917398
2023-06-23,Bandit Meta-Strategy (Thompson Sampling),-0.11677108625640904
2023-06-26,Bandit Meta-Strategy (Thompson Sampling),-0.12480369751692642
2023-06-27,Bandit Meta-Strategy (Thompson Sampling),-0.11966925699854367
2023-06-28,Bandit Meta-Strategy (Thompson Sampling),-0.11966610461050736
2023-06-29,Bandit Meta-Strategy (Thompson Sampling),-0.11796511135686802
2023-06-30,Bandit Meta-Strategy (Thompson Sampling),-0.10623094185215042
2023-07-03,Bandit Meta-Strategy (Thompson Sampling),-0.10304532553978143
2023-07-05,Bandit Meta-Strategy (Thompson Sampling),-0.10191010438875395
2023-07-06,Bandit Meta-Strategy (Thompson Sampling),-0.11209584181230567
2023-07-07,Bandit Meta-Strategy (Thompson Sampling),-0.11939720427683877
2023-07-10,Bandit Meta-Strategy (Thompson Sampling),-0.11852579229026523
2023-07-11,Bandit Meta-Strategy (Thompson Sampling),-0.11482948405426857
2023-07-12,Bandit Meta-Strategy (Thompson Sampling),-0.10804876866889036
2023-07-13,Bandit Meta-Strategy (Thompson Sampling),-0.10224555380188616
2023-07-14,Bandit Meta-Strategy (Thompson Sampling),-0.10229235536356532
2023-07-17,Bandit Meta-Strategy (Thompson Sampling),-0.10086561321049203
2023-07-18,Bandit Meta-Strategy (Thompson Sampling),-0.09671434332114158
2023-07-19,Bandit Meta-Strategy (Thompson Sampling),-0.09228974954270205
2023-07-20,Bandit Meta-Strategy (Thompson Sampling),-0.09320449422004898
2023-07-21,Bandit Meta-Strategy (Thompson Sampling),-0.0916692248055533
2023-07-24,Bandit Meta-Strategy (Thompson Sampling),-0.08530626768828714
2023-07-25,Bandit Meta-Strategy (Thompson Sampling),-0.08553874588401476
2023-07-26,Bandit Meta-Strategy (Thompson Sampling),-0.08232689337470156
2023-07-27,Bandit Meta-Strategy (Thompson Sampling),-0.08772879276821728
2023-07-28,Bandit Meta-Strategy (Thompson Sampling),-0.07807908823055701
2023-07-31,Bandit Meta-Strategy (Thompson Sampling),-0.07960907576629508
2023-08-01,Bandit Meta-Strategy (Thompson Sampling),-0.0819098555630448
2023-08-02,Bandit Meta-Strategy (Thompson Sampling),-0.09104954308658009
2023-08-03,Bandit Meta-Strategy (Thompson Sampling),-0.08887642087976787
2023-08-04,Bandit Meta-Strategy (Thompson Sampling),-0.09275680277307287
2023-08-07,Bandit Meta-Strategy (Thompson Sampling),-0.08176178721738095
2023-08-08,Bandit Meta-Strategy (Thompson Sampling),-0.08507670319201076
2023-08-09,Bandit Meta-Strategy (Thompson Sampling),-0.08969875564176642
2023-08-10,Bandit Meta-Strategy (Thompson Sampling),-0.08895679639647402
2023-08-11,Bandit Meta-Strategy (Thompson Sampling),-0.08794519281012218
2023-08-14,Bandit Meta-Strategy (Thompson Sampling),-0.08581239891363188
2023-08-15,Bandit Meta-Strategy (Thompson Sampling),-0.09606004893045136
2023-08-16,Bandit Meta-Strategy (Thompson Sampling),-0.10248004506704601
2023-08-17,Bandit Meta-Strategy (Thompson Sampling),-0.10672250946129622
2023-08-18,Bandit Meta-Strategy (Thompson Sampling),-0.10584299774846649
2023-08-21,Bandit Meta-Strategy (Thompson Sampling),-0.10437191377728036
2023-08-22,Bandit Meta-Strategy (Thompson Sampling),-0.10749525159703313
2023-08-23,Bandit Meta-Strategy (Thompson Sampling),-0.10136250622760763
2023-08-24,Bandit Meta-Strategy (Thompson Sampling),-0.1109496737044052
2023-08-25,Bandit Meta-Strategy (Thompson Sampling),-0.10479319365536156
2023-08-28,Bandit Meta-Strategy (Thompson Sampling),-0.10156398130460302
2023-08-29,Bandit Meta-Strategy (Thompson Sampling),-0.09134876352828863
2023-08-30,Bandit Meta-Strategy (Thompson Sampling),-0.0892296687578258
2023-08-31,Bandit Meta-Strategy (Thompson Sampling),-0.08963488977405677
2023-09-01,Bandit Meta-Strategy (Thompson Sampling),-0.09167330859643422
2023-09-05,Bandit Meta-Strategy (Thompson Sampling),-0.09520771426033758
2023-09-06,Bandit Meta-Strategy (Thompson Sampling),-0.09990515859421627
2023-09-07,Bandit Meta-Strategy (Thompson Sampling),-0.09804830308532488
2023-09-08,Bandit Meta-Strategy (Thompson Sampling),-0.09667961461728142
2023-09-11,Bandit Meta-Strategy (Thompson Sampling),-0.089138932217615
2023-09-12,Bandit Meta-Strategy (Thompson Sampling),-0.09034735922822151
2023-09-13,Bandit Meta-Strategy (Thompson Sampling),-0.08920333525304959
2023-09-14,Bandit Meta-Strategy (Thompson Sampling),-0.08548986640172215
2023-09-15,Bandit Meta-Strategy (Thompson Sampling),-0.09500211544085994
2023-09-18,Bandit Meta-Strategy (Thompson Sampling),-0.0939286957345439
2023-09-19,Bandit Meta-Strategy (Thompson Sampling),-0.09568796869074439
2023-09-20,Bandit Meta-Strategy (Thompson Sampling),-0.09835372666070878
2023-09-21,Bandit Meta-Strategy (Thompson Sampling),-0.11049415625153522
2023-09-22,Bandit Meta-Strategy (Thompson Sampling),-0.1130923297282174
2023-09-25,Bandit Meta-Strategy (Thompson Sampling),-0.11272364146505716
2023-09-26,Bandit Meta-Strategy (Thompson Sampling),-0.1204199372571449
2023-09-27,Bandit Meta-Strategy (Thompson Sampling),-0.12366893587796651
2023-09-28,Bandit Meta-Strategy (Thompson Sampling),-0.12197140498875496
2023-09-29,Bandit Meta-Strategy (Thompson Sampling),-0.12256434261960537
2023-10-02,Bandit Meta-Strategy (Thompson Sampling),-0.12172604117196355
2023-10-03,Bandit Meta-Strategy (Thompson Sampling),-0.13315246242019993
2023-10-04,Bandit Meta-Strategy (Thompson Sampling),-0.1325949453176259
2023-10-05,Bandit Meta-Strategy (Thompson Sampling),-0.13826196434343224
2023-10-06,Bandit Meta-Strategy (Thompson Sampling),-0.13274964129545092
2023-10-09,Bandit Meta-Strategy (Thompson Sampling),-0.12871797245029598
2023-10-10,Bandit Meta-Strategy (Thompson Sampling),-0.12030061668043034
2023-10-11,Bandit Meta-Strategy (Thompson Sampling),-0.12245426717697296
2023-10-12,Bandit Meta-Strategy (Thompson Sampling),-0.12730790814065515
2023-10-13,Bandit Meta-Strategy (Thompson Sampling),-0.1315227645574144
2023-10-16,Bandit Meta-Strategy (Thompson Sampling),-0.11935122084088917
2023-10-17,Bandit Meta-Strategy (Thompson Sampling),-0.11753490433971545
2023-10-18,Bandit Meta-Strategy (Thompson Sampling),-0.12981522207458515
2023-10-19,Bandit Meta-Strategy (Thompson Sampling),-0.13502468584226307
2023-10-20,Bandit Meta-Strategy (Thompson Sampling),-0.14336233963467543
2023-10-23,Bandit Meta-Strategy (Thompson Sampling),-0.14494318546917326
2023-10-24,Bandit Meta-Strategy (Thompson Sampling),-0.14068514828500872
2023-10-25,Bandit Meta-Strategy (Thompson Sampling),-0.14423364384283194
2023-10-26,Bandit Meta-Strategy (Thompson Sampling),-0.1491916041129245
2023-10-27,Bandit Meta-Strategy (Thompson Sampling),-0.1610375576409282
2023-10-30,Bandit Meta-Strategy (Thompson Sampling),-0.14849593279309384
2023-10-31,Bandit Meta-Strategy (Thompson Sampling),-0.14876790112253588
2023-11-01,Bandit Meta-Strategy (Thompson Sampling),-0.1451523198004025
2023-11-02,Bandit Meta-Strategy (Thompson Sampling),-0.13312729051270597
2023-11-03,Bandit Meta-Strategy (Thompson Sampling),-0.1259347782802235
2023-11-06,Bandit Meta-Strategy (Thompson Sampling),-0.1259412847474066
2023-11-07,Bandit Meta-Strategy (Thompson Sampling),-0.1241644375031643
2023-11-08,Bandit Meta-Strategy (Thompson Sampling),-0.1272692149332004
2023-11-09,Bandit Meta-Strategy (Thompson Sampling),-0.13022615357357728
2023-11-10,Bandit Meta-Strategy (Thompson Sampling),-0.12819156330938972
2023-11-13,Bandit Meta-Strategy (Thompson Sampling),-0.1261852709464364
2023-11-14,Bandit Meta-Strategy (Thompson Sampling),-0.11727657860507695
2023-11-15,Bandit Meta-Strategy (Thompson Sampling),-0.1072178077064123
2023-11-16,Bandit Meta-Strategy (Thompson Sampling),-0.1120749878398586
2023-11-17,Bandit Meta-Strategy (Thompson Sampling),-0.11154599724241775
2023-11-20,Bandit Meta-Strategy (Thompson Sampling),-0.10788940703605616
2023-11-21,Bandit Meta-Strategy (Thompson Sampling),-0.10488410993919628
2023-11-22,Bandit Meta-Strategy (Thompson Sampling),-0.10355170090692246
2023-11-24,Bandit Meta-Strategy (Thompson Sampling),-0.09940665717489942
2023-11-27,Bandit Meta-Strategy (Thompson Sampling),-0.1035975760372715
2023-11-28,Bandit Meta-Strategy (Thompson Sampling),-0.10609835299636702
2023-11-29,Bandit Meta-Strategy (Thompson Sampling),-0.10722932693425698
2023-11-30,Bandit Meta-Strategy (Thompson Sampling),-0.10807730936653659
2023-12-01,Bandit Meta-Strategy (Thompson Sampling),-0.1107254677556187
2023-12-04,Bandit Meta-Strategy (Thompson Sampling),-0.11844952885823622
2023-12-05,Bandit Meta-Strategy (Thompson Sampling),-0.11638331047686387
2023-12-06,Bandit Meta-Strategy (Thompson Sampling),-0.12466304442781752
2023-12-07,Bandit Meta-Strategy (Thompson Sampling),-0.11737184708238337
2023-12-08,Bandit Meta-Strategy (Thompson Sampling),-0.11292507835263622
2023-12-11,Bandit Meta-Strategy (Thompson Sampling),-0.11818745650806928
2023-12-12,Bandit Meta-Strategy (Thompson Sampling),-0.11032968022786795
2023-12-13,Bandit Meta-Strategy (Thompson Sampling),-0.10405021773835688
2023-12-14,Bandit Meta-Strategy (Thompson Sampling),-0.1068020794387773
2023-12-15,Bandit Meta-Strategy (Thompson Sampling),-0.10335176647353642
2023-12-18,Bandit Meta-Strategy (Thompson Sampling),-0.08942062541219886
2023-12-19,Bandit Meta-Strategy (Thompson Sampling),-0.08423963197182394
2023-12-20,Bandit Meta-Strategy (Thompson Sampling),-0.0984397566004899
2023-12-21,Bandit Meta-Strategy (Thompson Sampling),-0.08845439480221204
2023-12-22,Bandit Meta-Strategy (Thompson Sampling),-0.0871341250738085
2023-12-26,Bandit Meta-Strategy (Thompson Sampling),-0.08382701569161873
2023-12-27,Bandit Meta-Strategy (Thompson Sampling),-0.0803874446500667
2023-12-28,Bandit Meta-Strategy (Thompson Sampling),-0.0806378934121407
2023-12-29,Bandit Meta-Strategy (Thompson Sampling),-0.08129306724374914
2024-01-02,Bandit Meta-Strategy (Thompson Sampling),-0.07939232445429198
2024-01-03,Bandit Meta-Strategy (Thompson Sampling),-0.0828276897204167
2024-01-04,Bandit Meta-Strategy (Thompson Sampling),-0.08578589063636378
2024-01-05,Bandit Meta-Strategy (Thompson Sampling),-0.08319508931304012
2024-01-08,Bandit Meta-Strategy (Thompson Sampling),-0.07280088752321663
2024-01-09,Bandit Meta-Strategy (Thompson Sampling),-0.07398673212802315
2024-01-10,Bandit Meta-Strategy (Thompson Sampling),-0.06803657020120245
2024-01-11,Bandit Meta-Strategy (Thompson Sampling),-0.07034941625905039
2024-01-12,Bandit Meta-Strategy (Thompson Sampling),-0.06828212412530157
2024-01-16,Bandit Meta-Strategy (Thompson Sampling),-0.0715923154965404
2024-01-17,Bandit Meta-Strategy (Thompson Sampling),-0.07562732601234975
2024-01-18,Bandit Meta-Strategy (Thompson Sampling),-0.06986098001675085
2024-01-19,Bandit Meta-Strategy (Thompson Sampling),-0.062057841555264066
2024-01-22,Bandit Meta-Strategy (Thompson Sampling),-0.06180179992465937
2024-01-23,Bandit Meta-Strategy (Thompson Sampling),-0.057931107927059015
2024-01-24,Bandit Meta-Strategy (Thompson Sampling),-0.0550139299648919
2024-01-25,Bandit Meta-Strategy (Thompson Sampling),-0.051996217786815506
2024-01-26,Bandit Meta-Strategy (Thompson Sampling),-0.05106971244688047
2024-01-29,Bandit Meta-Strategy (Thompson Sampling),-0.042733272297495045
2024-01-30,Bandit Meta-Strategy (Thompson Sampling),-0.040683380883214056
2024-01-31,Bandit Meta-Strategy (Thompson Sampling),-0.0414382972623987
2024-02-01,Bandit Meta-Strategy (Thompson Sampling),-0.03255660222102072
2024-02-02,Bandit Meta-Strategy (Thompson Sampling),-0.02911439374398919
2024-02-05,Bandit Meta-Strategy (Thompson Sampling),-0.036114813242850964
2024-02-06,Bandit Meta-Strategy (Thompson Sampling),-0.02502943261615234
2024-02-07,Bandit Meta-Strategy (Thompson Sampling),-0.01967358443591721
2024-02-08,Bandit Meta-Strategy (Thompson Sampling),-0.019568331105113034
2024-02-09,Bandit Meta-Strategy (Thompson Sampling),-0.015464071291387592
2024-02-12,Bandit Meta-Strategy (Thompson Sampling),-0.01798634322444402
2024-02-13,Bandit Meta-Strategy (Thompson Sampling),-0.030822137476819122
2024-02-14,Bandit Meta-Strategy (Thompson Sampling),-0.025022075609021463
2024-02-15,Bandit Meta-Strategy (Thompson Sampling),-0.010041625424881816
2024-02-16,Bandit Meta-Strategy (Thompson Sampling),-0.013718080663722631
2024-02-20,Bandit Meta-Strategy (Thompson Sampling),-0.017491283098456736
2024-02-21,Bandit Meta-Strategy (Thompson Sampling),-0.01494375023449012
2024-02-22,Bandit Meta-Strategy (Thompson Sampling),0.0
2024-02-23,Bandit Meta-Strategy (Thompson Sampling),-0.0023802994811361706
2024-02-26,Bandit Meta-Strategy (Thompson Sampling),-0.04340731073456532
2024-02-27,Bandit Meta-Strategy (Thompson Sampling),-0.042969930234869336
2024-02-28,Bandit Meta-Strategy (Thompson Sampling),-0.04101975255682418
2024-02-29,Bandit Meta-Strategy (Thompson Sampling),-0.041565691196022936
2024-03-01,Bandit Meta-Strategy (Thompson Sampling),-0.036496677730681805
2024-03-04,Bandit Meta-Strategy (Thompson Sampling),-0.05037766218423959
2024-03-05,Bandit Meta-Strategy (Thompson Sampling),-0.05312105789651035
2024-03-06,Bandit Meta-Strategy (Thompson Sampling),-0.0463976560383434
2024-03-07,Bandit Meta-Strategy (Thompson Sampling),-0.04358800521466752
2024-03-08,Bandit Meta-Strategy (Thompson Sampling),-0.04475020073719655
2024-03-11,Bandit Meta-Strategy (Thompson Sampling),-0.03523343164189266
2024-03-12,Bandit Meta-Strategy (Thompson Sampling),-0.0299510994380073
2024-03-13,Bandit Meta-Strategy (Thompson Sampling),-0.03266104206054097
2024-03-14,Bandit Meta-Strategy (Thompson Sampling),-0.037813894871497514
2024-03-15,Bandit Meta-Strategy (Thompson Sampling),-0.0423880238451379
2024-03-18,Bandit Meta-Strategy (Thompson Sampling),-0.032607107967724175
2024-03-19,Bandit Meta-Strategy (Thompson Sampling),-0.03170444391150734
2024-03-20,Bandit Meta-Strategy (Thompson Sampling),-0.0241655637746397
2024-03-21,Bandit Meta-Strategy (Thompson Sampling),-0.02466922744290461
2024-03-22,Bandit Meta-Strategy (Thompson Sampling),-0.028926895885891507
2024-03-25,Bandit Meta-Strategy (Thompson Sampling),-0.027759165891572856
2024-03-26,Bandit Meta-Strategy (Thompson Sampling),-0.026167639053515768
2024-03-27,Bandit Meta-Strategy (Thompson Sampling),-0.019856136735451415
2024-03-28,Bandit Meta-Strategy (Thompson Sampling),-0.020596909997723876
2024-04-01,Bandit Meta-Strategy (Thompson Sampling),-0.023622241827341423
2024-04-02,Bandit Meta-Strategy (Thompson Sampling),-0.027071074579446845
2024-04-03,Bandit Meta-Strategy (Thompson Sampling),-0.03197566277253251
2024-04-04,Bandit Meta-Strategy (Thompson Sampling),-0.041098134645797355
2024-04-05,Bandit Meta-Strategy (Thompson Sampling),-0.03302569469144756
2024-04-08,Bandit Meta-Strategy (Thompson Sampling),-0.03289657166442902
2024-04-09,Bandit Meta-Strategy (Thompson Sampling),-0.03146015061899145
2024-04-10,Bandit Meta-Strategy (Thompson Sampling),-0.037764929833576016
2024-04-11,Bandit Meta-Strategy (Thompson Sampling),-0.033869190448384406
2024-04-12,Bandit Meta-Strategy (Thompson Sampling),-0.04823530792929698
2024-04-15,Bandit Meta-Strategy (Thompson Sampling),-0.05831823508597348
2024-04-16,Bandit Meta-Strategy (Thompson Sampling),-0.06354589664388897
2024-04-17,Bandit Meta-Strategy (Thompson Sampling),-0.06641563627000069
2024-04-18,Bandit Meta-Strategy (Thompson Sampling),-0.06742212606513406
2024-04-19,Bandit Meta-Strategy (Thompson Sampling),-0.0703391772691193
2024-04-22,Bandit Meta-Strategy (Thompson Sampling),-0.06258070730835612
2024-04-23,Bandit Meta-Strategy (Thompson Sampling),-0.053189378454580105
2024-04-24,Bandit Meta-Strategy (Thompson Sampling),-0.05018315352574788
2024-04-25,Bandit Meta-Strategy (Thompson Sampling),-0.05540653528746933
2024-04-26,Bandit Meta-Strategy (Thompson Sampling),-0.051586838812116544
2024-04-29,Bandit Meta-Strategy (Thompson Sampling),-0.045124667663442725
2024-04-30,Bandit Meta-Strategy (Thompson Sampling),-0.057709945690112154
2024-05-01,Bandit Meta-Strategy (Thompson Sampling),-0.05319735700628357
2024-05-02,Bandit Meta-Strategy (Thompson Sampling),-0.04606872168272122
2024-05-03,Bandit Meta-Strategy (Thompson Sampling),-0.03797896489968321
2024-05-06,Bandit Meta-Strategy (Thompson Sampling),-0.028727633961280998
2024-05-07,Bandit Meta-Strategy (Thompson Sampling),-0.0319760217640827
2024-05-08,Bandit Meta-Strategy (Thompson Sampling),-0.03025939989075465
2024-05-09,Bandit Meta-Strategy (Thompson Sampling),-0.025754675161155215
2024-05-10,Bandit Meta-Strategy (Thompson Sampling),-0.025467999955285966
2024-05-13,Bandit Meta-Strategy (Thompson Sampling),-0.023644277957560435
2024-05-14,Bandit Meta-Strategy (Thompson Sampling),-0.021877461352343613
2024-05-15,Bandit Meta-Strategy (Thompson Sampling),-0.014956627952467164
2024-05-16,Bandit Meta-Strategy (Thompson Sampling),-0.011949511086127435
2024-05-17,Bandit Meta-Strategy (Thompson Sampling),-0.009668097439255821
2024-05-20,Bandit Meta-Strategy (Thompson Sampling),-0.01642369726130272
2024-05-21,Bandit Meta-Strategy (Thompson Sampling),-0.010141885223057692
2024-05-22,Bandit Meta-Strategy (Thompson Sampling),-0.011460222175009476
2024-05-23,Bandit Meta-Strategy (Thompson Sampling),-0.021970236235291585
2024-05-24,Bandit Meta-Strategy (Thompson Sampling),-0.016201523125006327
2024-05-28,Bandit Meta-Strategy (Thompson Sampling),-0.01738882988446443
2024-05-29,Bandit Meta-Strategy (Thompson Sampling),-0.022318956246104804
2024-05-30,Bandit Meta-Strategy (Thompson Sampling),-0.02318754225366993
2024-05-31,Bandit Meta-Strategy (Thompson Sampling),-0.023878038883829462
2024-06-03,Bandit Meta-Strategy (Thompson Sampling),-0.024157513848482328
2024-06-04,Bandit Meta-Strategy (Thompson Sampling),-0.01775468008399234
2024-06-05,Bandit Meta-Strategy (Thompson Sampling),-0.013329552695718911
2024-06-06,Bandit Meta-Strategy (Thompson Sampling),-0.008886320043737293
2024-06-07,Bandit Meta-Strategy (Thompson Sampling),-0.01127493262143449
2024-06-10,Bandit Meta-Strategy (Thompson Sampling),-0.049447729441273396
2024-06-11,Bandit Meta-Strategy (Thompson Sampling),-0.04976614672386179
2024-06-12,Bandit Meta-Strategy (Thompson Sampling),-0.056478384280128205
2024-06-13,Bandit Meta-Strategy (Thompson Sampling),-0.0536512564858889
2024-06-14,Bandit Meta-Strategy (Thompson Sampling),-0.055101213108551754
2024-06-17,Bandit Meta-Strategy (Thompson Sampling),-0.05046110906532333
2024-06-18,Bandit Meta-Strategy (Thompson Sampling),-0.04735747126669057
2024-06-20,Bandit Meta-Strategy (Thompson Sampling),-0.0453281218719973
2024-06-21,Bandit Meta-Strategy (Thompson Sampling),-0.04318812212734816
2024-06-24,Bandit Meta-Strategy (Thompson Sampling),-0.037328943322778044
2024-06-25,Bandit Meta-Strategy (Thompson Sampling),-0.040828023928636596
2024-06-26,Bandit Meta-Strategy (Thompson Sampling),-0.038219957941535355
2024-06-27,Bandit Meta-Strategy (Thompson Sampling),-0.04405564470752293
2024-06-28,Bandit Meta-Strategy (Thompson Sampling),-0.04495632973181343
2024-07-01,Bandit Meta-Strategy (Thompson Sampling),-0.03724367189086983
2024-07-02,Bandit Meta-Strategy (Thompson Sampling),-0.022163847011142136
2024-07-03,Bandit Meta-Strategy (Thompson Sampling),-0.006305460701770179
2024-07-05,Bandit Meta-Strategy (Thompson Sampling),0.0
2024-07-08,Bandit Meta-Strategy (Thompson Sampling),-0.0005515858214048977
2024-07-09,Bandit Meta-Strategy (Thompson Sampling),0.0
2024-07-10,Bandit Meta-Strategy (Thompson Sampling),0.0
2024-07-11,Bandit Meta-Strategy (Thompson Sampling),-0.025095525316325522
2024-07-12,Bandit Meta-Strategy (Thompson Sampling),-0.018815779127776006
2024-07-15,Bandit Meta-Strategy (Thompson Sampling),-0.015544014738907267
2024-07-16,Bandit Meta-Strategy (Thompson Sampling),-0.009893382831685331
2024-07-17,Bandit Meta-Strategy (Thompson Sampling),-0.015608727181155128
2024-07-18,Bandit Meta-Strategy (Thompson Sampling),-0.016441071312467317
2024-07-19,Bandit Meta-Strategy (Thompson Sampling),-0.029025325764077896
2024-07-22,Bandit Meta-Strategy (Thompson Sampling),-0.015925850786452506
2024-07-23,Bandit Meta-Strategy (Thompson Sampling),-0.023727202409858216
2024-07-24,Bandit Meta-Strategy (Thompson Sampling),-0.0524415401796602
2024-07-25,Bandit Meta-Strategy (Thompson Sampling),-0.05123558611928477
2024-07-26,Bandit Meta-Strategy (Thompson Sampling),-0.04499187698759843
2024-07-29,Bandit Meta-Strategy (Thompson Sampling),-0.04055965604598861
2024-07-30,Bandit Meta-Strategy (Thompson Sampling),-0.05260341731551344
2024-07-31,Bandit Meta-Strategy (Thompson Sampling),-0.05355878564470699
2024-08-01,Bandit Meta-Strategy (Thompson Sampling),-0.05341886761743547
2024-08-02,Bandit Meta-Strategy (Thompson Sampling),-0.07657809322786895
2024-08-05,Bandit Meta-Strategy (Thompson Sampling),-0.10208033943562494
2024-08-06,Bandit Meta-Strategy (Thompson Sampling),-0.0891638454161016
2024-08-07,Bandit Meta-Strategy (Thompson Sampling),-0.09337123078108567
2024-08-08,Bandit Meta-Strategy (Thompson Sampling),-0.07400195918311916
2024-08-09,Bandit Meta-Strategy (Thompson Sampling),-0.0682211167567583
2024-08-12,Bandit Meta-Strategy (Thompson Sampling),-0.0692489054845635
2024-08-13,Bandit Meta-Strategy (Thompson Sampling),-0.056428181918600676
2024-08-14,Bandit Meta-Strategy (Thompson Sampling),-0.05197134071352697
2024-08-15,Bandit Meta-Strategy (Thompson Sampling),-0.034177127800224034
2024-08-16,Bandit Meta-Strategy (Thompson Sampling),-0.033346910329748465
2024-08-19,Bandit Meta-Strategy (Thompson Sampling),-0.025563162758858293
2024-08-20,Bandit Meta-Strategy (Thompson Sampling),-0.025500325626517682
2024-08-21,Bandit Meta-Strategy (Thompson Sampling),-0.02062665532218401
2024-08-22,Bandit Meta-Strategy (Thompson Sampling),-0.027374134954408786
2024-08-23,Bandit Meta-Strategy (Thompson Sampling),-0.022778894624739966
2024-08-26,Bandit Meta-Strategy (Thompson Sampling),-0.024062512914415166
2024-08-27,Bandit Meta-Strategy (Thompson Sampling),-0.025159589341125946
2024-08-28,Bandit Meta-Strategy (Thompson Sampling),-0.03081307106479522
2024-08-29,Bandit Meta-Strategy (Thompson Sampling),-0.02741472062336039
2024-08-30,Bandit Meta-Strategy (Thompson Sampling),-0.02776827823005743
2024-09-03,Bandit Meta-Strategy (Thompson Sampling),-0.04378764186952371
2024-09-04,Bandit Meta-Strategy (Thompson Sampling),-0.0434222045584376
2024-09-05,Bandit Meta-Strategy (Thompson Sampling),-0.044402596241438066
2024-09-06,Bandit Meta-Strategy (Thompson Sampling),-0.061821955906459135
2024-09-09,Bandit Meta-Strategy (Thompson Sampling),-0.04847922341548213
2024-09-10,Bandit Meta-Strategy (Thompson Sampling),-0.05442495181271209
2024-09-11,Bandit Meta-Strategy (Thompson Sampling),-0.049226360622408025
2024-09-12,Bandit Meta-Strategy (Thompson Sampling),-0.04160353758359243
2024-09-13,Bandit Meta-Strategy (Thompson Sampling),-0.03853690456080208
2024-09-16,Bandit Meta-Strategy (Thompson Sampling),-0.03018039797645132
2024-09-17,Bandit Meta-Strategy (Thompson Sampling),-0.026052768953219053
2024-09-18,Bandit Meta-Strategy (Thompson Sampling),-0.03198667915901003
2024-09-19,Bandit Meta-Strategy (Thompson Sampling),-0.019197644178251566
2024-09-20,Bandit Meta-Strategy (Thompson Sampling),-0.017790644496337382
2024-09-23,Bandit Meta-Strategy (Thompson Sampling),-0.013521279305343652
2024-09-24,Bandit Meta-Strategy (Thompson Sampling),-0.011247190905756753
2024-09-25,Bandit Meta-Strategy (Thompson Sampling),-0.012368915367025257
2024-09-26,Bandit Meta-Strategy (Thompson Sampling),-0.014830398073540293
2024-09-27,Bandit Meta-Strategy (Thompson Sampling),-0.013151662568539562
2024-09-30,Bandit Meta-Strategy (Thompson Sampling),-0.01384427469479048
2024-10-01,Bandit Meta-Strategy (Thompson Sampling),-0.01723388479257735
2024-10-02,Bandit Meta-Strategy (Thompson Sampling),-0.019068606322135674
2024-10-03,Bandit Meta-Strategy (Thompson Sampling),-0.020980447622004888
2024-10-04,Bandit Meta-Strategy (Thompson Sampling),-0.01284260875651132
2024-10-07,Bandit Meta-Strategy (Thompson Sampling),-0.023914486558632927
2024-10-08,Bandit Meta-Strategy (Thompson Sampling),-0.017234506162881084
2024-10-09,Bandit Meta-Strategy (Thompson Sampling),-0.010810125421337781
2024-10-10,Bandit Meta-Strategy (Thompson Sampling),-0.013803870292728062
2024-10-11,Bandit Meta-Strategy (Thompson Sampling),-0.008239073016955636
2024-10-14,Bandit Meta-Strategy (Thompson Sampling),-0.0032805721261616495
2024-10-15,Bandit Meta-Strategy (Thompson Sampling),-0.004993650866412335
2024-10-16,Bandit Meta-Strategy (Thompson Sampling),-0.0007708893371739453
2024-10-17,Bandit Meta-Strategy (Thompson Sampling),-0.0035464819279279755
2024-10-18,Bandit Meta-Strategy (Thompson Sampling),0.0
2024-10-21,Bandit Meta-Strategy (Thompson Sampling),-0.004373720808418813
2024-10-22,Bandit Meta-Strategy (Thompson Sampling),-0.0027546555025953563
2024-10-23,Bandit Meta-Strategy (Thompson Sampling),-0.010397857093960398
2024-10-24,Bandit Meta-Strategy (Thompson Sampling),-0.008521273804383543
2024-10-25,Bandit Meta-Strategy (Thompson Sampling),-0.011483524396320208
2024-10-28,Bandit Meta-Strategy (Thompson Sampling),-0.007986695428948833
2024-10-29,Bandit Meta-Strategy (Thompson Sampling),-0.011867915127637598
2024-10-30,Bandit Meta-Strategy (Thompson Sampling),-0.011342236752966858
2024-10-31,Bandit Meta-Strategy (Thompson Sampling),-0.011754742015207735
2024-11-01,Bandit Meta-Strategy (Thompson Sampling),-0.010999648932041571
2024-11-04,Bandit Meta-Strategy (Thompson Sampling),-0.011137201377222223
2024-11-05,Bandit Meta-Strategy (Thompson Sampling),-0.0027078844230196976
2024-11-06,Bandit Meta-Strategy (Thompson Sampling),0.0
2024-11-07,Bandit Meta-Strategy (Thompson Sampling),0.0
2024-11-08,Bandit Meta-Strategy (Thompson Sampling),0.0
2024-11-11,Bandit Meta-Strategy (Thompson Sampling),-0.0006598261695489253
2024-11-12,Bandit Meta-Strategy (Thompson Sampling),-0.0017718277144424671
2024-11-13,Bandit Meta-Strategy (Thompson Sampling),0.0
2024-11-14,Bandit Meta-Strategy (Thompson Sampling),-0.002531782907291821
2024-11-15,Bandit Meta-Strategy (Thompson Sampling),-0.003969394403285136
2024-11-18,Bandit Meta-Strategy (Thompson Sampling),0.0
2024-11-19,Bandit Meta-Strategy (Thompson Sampling),0.0
2024-11-20,Bandit Meta-Strategy (Thompson Sampling),0.0
2024-11-21,Bandit Meta-Strategy (Thompson Sampling),0.0
2024-11-22,Bandit Meta-Strategy (Thompson Sampling),0.0
2024-11-25,Bandit Meta-Strategy (Thompson Sampling),0.0
2024-11-26,Bandit Meta-Strategy (Thompson Sampling),0.0
2024-11-27,Bandit Meta-Strategy (Thompson Sampling),0.0
2024-11-29,Bandit Meta-Strategy (Thompson Sampling),-0.00041706753126996544
2024-12-02,Bandit Meta-Strategy (Thompson Sampling),0.0
2024-12-03,Bandit Meta-Strategy (Thompson Sampling),-0.0019956125418060405
2024-12-04,Bandit Meta-Strategy (Thompson Sampling),-0.0020396547056361156
2024-12-05,Bandit Meta-Strategy (Thompson Sampling),0.0
2024-12-06,Bandit Meta-Strategy (Thompson Sampling),0.0
2024-12-09,Bandit Meta-Strategy (Thompson Sampling),-0.008669554930346582
2024-12-10,Bandit Meta-Strategy (Thompson Sampling),-0.006089040647595359
2024-12-11,Bandit Meta-Strategy (Thompson Sampling),0.0
2024-12-12,Bandit Meta-Strategy (Thompson Sampling),-0.0042385356566508655
2024-12-13,Bandit Meta-Strategy (Thompson Sampling),-0.0070197326463699895
2024-12-16,Bandit Meta-Strategy (Thompson Sampling),-0.006603266152514305
2024-12-17,Bandit Meta-Strategy (Thompson Sampling),-0.001520659723764176
2024-12-18,Bandit Meta-Strategy (Thompson Sampling),-0.026314372683555597
2024-12-19,Bandit Meta-Strategy (Thompson Sampling),-0.026772492505304026
2024-12-20,Bandit Meta-Strategy (Thompson Sampling),-0.02293320753975221
2024-12-23,Bandit Meta-Strategy (Thompson Sampling),-0.01593989927875378
2024-12-24,Bandit Meta-Strategy (Thompson Sampling),-0.0029865358399040884
2024-12-26,Bandit Meta-Strategy (Thompson Sampling),-0.005229140511811998
2024-12-27,Bandit Meta-Strategy (Thompson Sampling),-0.01578098829431352
2024-12-30,Bandit Meta-Strategy (Thompson Sampling),-0.02614235029117269
2024-12-31,Bandit Meta-Strategy (Thompson Sampling),-0.026801240395793964
2025-01-02,Bandit Meta-Strategy (Thompson Sampling),-0.034483132830453345
2025-01-03,Bandit Meta-Strategy (Thompson Sampling),-0.020310677427338407
2025-01-06,Bandit Meta-Strategy (Thompson Sampling),-0.01378409130070074
2025-01-07,Bandit Meta-Strategy (Thompson Sampling),-0.024032400612179088
2025-01-08,Bandit Meta-Strategy (Thompson Sampling),-0.027837765038788
2025-01-10,Bandit Meta-Strategy (Thompson Sampling),-0.03870579353045097
2025-01-13,Bandit Meta-Strategy (Thompson Sampling),-0.035297032852684054
2025-01-14,Bandit Meta-Strategy (Thompson Sampling),-0.042931998416472376
2025-01-15,Bandit Meta-Strategy (Thompson Sampling),-0.01599894315697857
2025-01-16,Bandit Meta-Strategy (Thompson Sampling),-0.02373243333579484
2025-01-17,Bandit Meta-Strategy (Thompson Sampling),-0.012451311002717165
2025-01-21,Bandit Meta-Strategy (Thompson Sampling),-0.007694785261714013
2025-01-22,Bandit Meta-Strategy (Thompson Sampling),0.0
2025-01-23,Bandit Meta-Strategy (Thompson Sampling),0.0
2025-01-24,Bandit Meta-Strategy (Thompson Sampling),-0.0018887017813791903
2025-01-27,Bandit Meta-Strategy (Thompson Sampling),0.0
2025-01-28,Bandit Meta-Strategy (Thompson Sampling),0.0
2025-01-29,Bandit Meta-Strategy (Thompson Sampling),-0.0015709490623024124
2025-01-30,Bandit Meta-Strategy (Thompson Sampling),0.0
2025-01-31,Bandit Meta-Strategy (Thompson Sampling),-0.000776928898361982
2025-02-03,Bandit Meta-Strategy (Thompson Sampling),-0.0026318669163573885
2025-02-04,Bandit Meta-Strategy (Thompson Sampling),0.0
2025-02-05,Bandit Meta-Strategy (Thompson Sampling),0.0
2025-02-06,Bandit Meta-Strategy (Thompson Sampling),0.0
2025-02-07,Bandit Meta-Strategy (Thompson Sampling),-0.00681929894981651
2025-02-10,Bandit Meta-Strategy (Thompson Sampling),-0.0015717937698044664
2025-02-11,Bandit Meta-Strategy (Thompson Sampling),0.0
2025-02-12,Bandit Meta-Strategy (Thompson Sampling),-0.0009044031051467059
2025-02-13,Bandit Meta-Strategy (Thompson Sampling),0.0
2025-02-14,Bandit Meta-Strategy (Thompson Sampling),-0.004098444602134478
2025-02-18,Bandit Meta-Strategy (Thompson Sampling),-0.00489579983670904
2025-02-19,Bandit Meta-Strategy (Thompson Sampling),-9.871802140299487e-05
2025-02-20,Bandit Meta-Strategy (Thompson Sampling),-0.0065736387224093465
2025-02-21,Bandit Meta-Strategy (Thompson Sampling),-0.013028448108171548
2025-02-24,Bandit Meta-Strategy (Thompson Sampling),-0.01650237454589655
2025-02-25,Bandit Meta-Strategy (Thompson Sampling),-0.017374579072094724
2025-02-26,Bandit Meta-Strategy (Thompson Sampling),-0.021781989435778654
2025-02-27,Bandit Meta-Strategy (Thompson Sampling),-0.02855947329244374
2025-02-28,Bandit Meta-Strategy (Thompson Sampling),-0.012967856520287696
2025-03-03,Bandit Meta-Strategy (Thompson Sampling),-0.02222036811804542
2025-03-04,Bandit Meta-Strategy (Thompson Sampling),-0.03993897344936549
2025-03-05,Bandit Meta-Strategy (Thompson Sampling),-0.03446438977703348
2025-03-06,Bandit Meta-Strategy (Thompson Sampling),-0.04762024490380421
2025-03-07,Bandit Meta-Strategy (Thompson Sampling),-0.045708388847113854
2025-03-10,Bandit Meta-Strategy (Thompson Sampling),-0.06334759286213534
2025-03-11,Bandit Meta-Strategy (Thompson Sampling),-0.07291046342969064
2025-03-12,Bandit Meta-Strategy (Thompson Sampling),-0.07426456185783012
2025-03-13,Bandit Meta-Strategy (Thompson Sampling),-0.08617594908782036
2025-03-14,Bandit Meta-Strategy (Thompson Sampling),-0.07301441220299429
2025-03-17,Bandit Meta-Strategy (Thompson Sampling),-0.06668509470511756
2025-03-18,Bandit Meta-Strategy (Thompson Sampling),-0.07539498090722363
2025-03-19,Bandit Meta-Strategy (Thompson Sampling),-0.06695030403173502
2025-03-20,Bandit Meta-Strategy (Thompson Sampling),-0.06747740187439472
2025-03-21,Bandit Meta-Strategy (Thompson Sampling),-0.06572772617345927
2025-03-24,Bandit Meta-Strategy (Thompson Sampling),-0.052990863857438945
2025-03-25,Bandit Meta-Strategy (Thompson Sampling),-0.05287767253327482
2025-03-26,Bandit Meta-Strategy (Thompson Sampling),-0.0561786447554644
2025-03-27,Bandit Meta-Strategy (Thompson Sampling),-0.053700076824141456
2025-03-28,Bandit Meta-Strategy (Thompson Sampling),-0.06889000428007526
2025-03-31,Bandit Meta-Strategy (Thompson Sampling),-0.06924466837605069
2025-04-01,Bandit Meta-Strategy (Thompson Sampling),-0.07300456215003046
2025-04-02,Bandit Meta-Strategy (Thompson Sampling),-0.0677819751795991
2025-04-03,Bandit Meta-Strategy (Thompson Sampling),-0.09649469853758169
2025-04-04,Bandit Meta-Strategy (Thompson Sampling),-0.1481610663748006
2025-04-07,Bandit Meta-Strategy (Thompson Sampling),-0.1519740956197185
2025-04-08,Bandit Meta-Strategy (Thompson Sampling),-0.16491702423085677
2025-04-09,Bandit Meta-Strategy (Thompson Sampling),-0.09551219078224936
2025-04-10,Bandit Meta-Strategy (Thompson Sampling),-0.12284414205448334
2025-04-11,Bandit Meta-Strategy (Thompson Sampling),-0.10729795130532092
2025-04-14,Bandit Meta-Strategy (Thompson Sampling),-0.10050729669957822
2025-04-15,Bandit Meta-Strategy (Thompson Sampling),-0.09930057944015377
2025-04-16,Bandit Meta-Strategy (Thompson Sampling),-0.11859293998084074
2025-04-17,Bandit Meta-Strategy (Thompson Sampling),-0.1108480626220227
2025-04-21,Bandit Meta-Strategy (Thompson Sampling),-0.12732521387683982
2025-04-22,Bandit Meta-Strategy (Thompson Sampling),-0.10579554465162644
2025-04-23,Bandit Meta-Strategy (Thompson Sampling),-0.09816891208316272
2025-04-24,Bandit Meta-Strategy (Thompson Sampling),-0.0865218717562285
2025-04-25,Bandit Meta-Strategy (Thompson Sampling),-0.07520894671665383
2025-04-28,Bandit Meta-Strategy (Thompson Sampling),-0.07553289949707057
2025-04-29,Bandit Meta-Strategy (Thompson Sampling),-0.06876140256002808
2025-04-30,Bandit Meta-Strategy (Thompson Sampling),-0.07013164898774997
2025-05-01,Bandit Meta-Strategy (Thompson Sampling),-0.06735138697916593
2025-05-02,Bandit Meta-Strategy (Thompson Sampling),-0.05361112539275507
2025-05-05,Bandit Meta-Strategy (Thompson Sampling),-0.06135765437505858
2025-05-06,Bandit Meta-Strategy (Thompson Sampling),-0.06577875279160625
2025-05-07,Bandit Meta-Strategy (Thompson Sampling),-0.05871758500664439
2025-05-08,Bandit Meta-Strategy (Thompson Sampling),-0.055800690739436526
2025-05-09,Bandit Meta-Strategy (Thompson Sampling),-0.05714204789113972
2025-05-12,Bandit Meta-Strategy (Thompson Sampling),-0.03433766204560631
2025-05-13,Bandit Meta-Strategy (Thompson Sampling),-0.027540087752646932
2025-05-14,Bandit Meta-Strategy (Thompson Sampling),-0.019405762793960387
2025-05-15,Bandit Meta-Strategy (Thompson Sampling),-0.01283033470393682
2025-05-16,Bandit Meta-Strategy (Thompson Sampling),-0.005133571118281402
2025-05-19,Bandit Meta-Strategy (Thompson Sampling),-0.005968239308702003
2025-05-20,Bandit Meta-Strategy (Thompson Sampling),-0.007994806766224766
2025-05-21,Bandit Meta-Strategy (Thompson Sampling),-0.017090341753156105
2025-05-22,Bandit Meta-Strategy (Thompson Sampling),-0.01622854493928601
2025-05-23,Bandit Meta-Strategy (Thompson Sampling),-0.019709984293868926
2025-05-27,Bandit Meta-Strategy (Thompson Sampling),0.0
2025-05-28,Bandit Meta-Strategy (Thompson Sampling),-0.006337235894869033
2025-05-29,Bandit Meta-Strategy (Thompson Sampling),-0.0006486191549878853
2025-05-30,Bandit Meta-Strategy (Thompson Sampling),-0.001271649007705881
2025-06-02,Bandit Meta-Strategy (Thompson Sampling),-0.001223440815555626
2025-06-03,Bandit Meta-Strategy (Thompson Sampling),-0.0036674562822494264
2025-06-04,Bandit Meta-Strategy (Thompson Sampling),-0.005064003628149995
2025-06-05,Bandit Meta-Strategy (Thompson Sampling),-0.012407209270905814
2025-06-06,Bandit Meta-Strategy (Thompson Sampling),-0.0023093919053893547
2025-06-09,Bandit Meta-Strategy (Thompson Sampling),0.0
2025-06-10,Bandit Meta-Strategy (Thompson Sampling),0.0
2025-06-11,Bandit Meta-Strategy (Thompson Sampling),-0.0027293560604919145
2025-06-12,Bandit Meta-Strategy (Thompson Sampling),0.0
2025-06-13,Bandit Meta-Strategy (Thompson Sampling),-0.007629759482272144
2025-06-16,Bandit Meta-Strategy (Thompson Sampling),-0.006667636942281643
2025-06-17,Bandit Meta-Strategy (Thompson Sampling),-0.015760870720759563
2025-06-18,Bandit Meta-Strategy (Thompson Sampling),-0.020996834741854785
2025-06-20,Bandit Meta-Strategy (Thompson Sampling),-0.0235560651159534
2025-06-23,Bandit Meta-Strategy (Thompson Sampling),-0.014265186312443971
2025-06-24,Bandit Meta-Strategy (Thompson Sampling),-0.010414416846029494
2025-06-25,Bandit Meta-Strategy (Thompson Sampling),-0.010923675510153271
2025-06-26,Bandit Meta-Strategy (Thompson Sampling),-0.00677333608634903
2025-06-27,Bandit Meta-Strategy (Thompson Sampling),0.0
2025-06-30,Bandit Meta-Strategy (Thompson Sampling),-0.000883431521916498
2025-07-01,Bandit Meta-Strategy (Thompson Sampling),-0.010712152821525755
2025-07-02,Bandit Meta-Strategy (Thompson Sampling),-0.0025748267591937965
2025-07-03,Bandit Meta-Strategy (Thompson Sampling),0.0
2025-07-07,Bandit Meta-Strategy (Thompson Sampling),-0.013807569041678514
2025-07-08,Bandit Meta-Strategy (Thompson Sampling),-0.018013233998011
2025-07-09,Bandit Meta-Strategy (Thompson Sampling),-0.01605646355704234
2025-07-10,Bandit Meta-Strategy (Thompson Sampling),-0.013269952980940667
2025-07-11,Bandit Meta-Strategy (Thompson Sampling),-0.013606599766270542
2025-07-14,Bandit Meta-Strategy (Thompson Sampling),-0.010149680317864758
2025-07-15,Bandit Meta-Strategy (Thompson Sampling),-0.014775951901782944
2025-07-16,Bandit Meta-Strategy (Thompson Sampling),-0.004830295554886647
2025-07-17,Bandit Meta-Strategy (Thompson Sampling),-0.0007011156772088186
2025-07-18,Bandit Meta-Strategy (Thompson Sampling),-0.00461930169174325
2025-07-21,Bandit Meta-Strategy (Thompson Sampling),0.0
2025-07-22,Bandit Meta-Strategy (Thompson Sampling),-0.0001259429159710623
2025-07-23,Bandit Meta-Strategy (Thompson Sampling),0.0
2025-07-24,Bandit Meta-Strategy (Thompson Sampling),-0.00937180190901559
2025-07-25,Bandit Meta-Strategy (Thompson Sampling),-0.003496683063328084
2025-07-28,Bandit Meta-Strategy (Thompson Sampling),-0.000770670278226722
2025-07-29,Bandit Meta-Strategy (Thompson Sampling),-0.00041750642606555377
2025-07-30,Bandit Meta-Strategy (Thompson Sampling),-0.003051937033839965
2025-07-31,Bandit Meta-Strategy (Thompson Sampling),-0.003639546249950998
2025-08-01,Bandit Meta-Strategy (Thompson Sampling),-0.0038122813309585646
2025-08-04,Bandit Meta-Strategy (Thompson Sampling),0.0
2025-08-05,Bandit Meta-Strategy (Thompson Sampling),-0.0015420780491198064
2025-08-06,Bandit Meta-Strategy (Thompson Sampling),0.0
2025-08-07,Bandit Meta-Strategy (Thompson Sampling),0.0
2025-08-08,Bandit Meta-Strategy (Thompson Sampling),0.0
2025-08-11,Bandit Meta-Strategy (Thompson Sampling),0.0
2025-08-12,Bandit Meta-Strategy (Thompson Sampling),0.0
2025-08-13,Bandit Meta-Strategy (Thompson Sampling),-0.0006864654326034122
2025-08-14,Bandit Meta-Strategy (Thompson Sampling),-0.0028987090160172953
2025-08-15,Bandit Meta-Strategy (Thompson Sampling),-0.0022481073975656966
2025-08-18,Bandit Meta-Strategy (Thompson Sampling),-0.0023818154897513534
2025-08-19,Bandit Meta-Strategy (Thompson Sampling),0.0
2025-08-20,Bandit Meta-Strategy (Thompson Sampling),0.0
2025-08-21,Bandit Meta-Strategy (Thompson Sampling),-0.006084303629765391
2025-08-22,Bandit Meta-Strategy (Thompson Sampling),0.0
2025-08-25,Bandit Meta-Strategy (Thompson Sampling),-0.00493772067082755
2025-08-26,Bandit Meta-Strategy (Thompson Sampling),-0.005994042504345108
2025-08-27,Bandit Meta-Strategy (Thompson Sampling),-0.004042936171203586
2025-08-28,Bandit Meta-Strategy (Thompson Sampling),-0.00667378564789129
2025-08-29,Bandit Meta-Strategy (Thompson Sampling),-0.00732053802878046
2025-09-02,Bandit Meta-Strategy (Thompson Sampling),-0.0071906844592808765
2025-09-03,Bandit Meta-Strategy (Thompson Sampling),-0.0008865617654686435
2025-09-04,Bandit Meta-Strategy (Thompson Sampling),0.0
2025-09-05,Bandit Meta-Strategy (Thompson Sampling),-0.0009653777949802895
2025-09-08,Bandit Meta-Strategy (Thompson Sampling),-0.00509353538010099
2025-09-09,Bandit Meta-Strategy (Thompson Sampling),-0.0026741785618318273
2025-09-10,Bandit Meta-Strategy (Thompson Sampling),-0.010118198271616278
2025-09-11,Bandit Meta-Strategy (Thompson Sampling),-0.002398416197228594
2025-09-12,Bandit Meta-Strategy (Thompson Sampling),-0.0055265838093967535
2025-09-15,Bandit Meta-Strategy (Thompson Sampling),-0.0036813295392747855
2025-09-16,Bandit Meta-Strategy (Thompson Sampling),-0.0015204162748250838
2025-09-17,Bandit Meta-Strategy (Thompson Sampling),0.0
2025-09-18,Bandit Meta-Strategy (Thompson Sampling),-0.0066745951418156705
2025-09-19,Bandit Meta-Strategy (Thompson Sampling),-0.0025944416935513087
2025-09-22,Bandit Meta-Strategy (Thompson Sampling),-0.0005893483659213443
2025-09-23,Bandit Meta-Strategy (Thompson Sampling),-0.002083857313657325
2025-09-24,Bandit Meta-Strategy (Thompson Sampling),-0.003563057134541837
2025-09-25,Bandit Meta-Strategy (Thompson Sampling),-0.00655496784782408
2025-09-26,Bandit Meta-Strategy (Thompson Sampling),-0.003371573100100567
2025-09-29,Bandit Meta-Strategy (Thompson Sampling),-0.0005359035742682787
2025-09-30,Bandit Meta-Strategy (Thompson Sampling),-0.001206769797341238
2025-10-01,Bandit Meta-Strategy (Thompson Sampling),0.0
2025-10-02,Bandit Meta-Strategy (Thompson Sampling),-0.005314822659368204
2025-10-03,Bandit Meta-Strategy (Thompson Sampling),0.0
2025-10-06,Bandit Meta-Strategy (Thompson Sampling),0.0
2025-10-07,Bandit Meta-Strategy (Thompson Sampling),0.0
2025-10-08,Bandit Meta-Strategy (Thompson Sampling),-0.0019219989398790445
2025-10-09,Bandit Meta-Strategy (Thompson Sampling),-0.002588819959687916
2025-10-10,Bandit Meta-Strategy (Thompson Sampling),-0.012858968371954943
2025-10-13,Bandit Meta-Strategy (Thompson Sampling),-0.0074372509926464445
2025-10-14,Bandit Meta-Strategy (Thompson Sampling),-0.00390815154698019
2025-10-15,Bandit Meta-Strategy (Thompson Sampling),-0.004144135775507588
2025-10-16,Bandit Meta-Strategy (Thompson Sampling),-0.004664300876732516
2025-10-17,Bandit Meta-Strategy (Thompson Sampling),0.0
2025-10-20,Bandit Meta-Strategy (Thompson Sampling),0.0
2025-10-21,Bandit Meta-Strategy (Thompson Sampling),0.0
2025-10-22,Bandit Meta-Strategy (Thompson Sampling),-0.0023302020295220684
2025-10-23,Bandit Meta-Strategy (Thompson Sampling),-0.003168350001505163
2025-10-24,Bandit Meta-Strategy (Thompson Sampling),-0.003360729435837291
2025-10-27,Bandit Meta-Strategy (Thompson Sampling),0.0
2025-10-28,Bandit Meta-Strategy (Thompson Sampling),-0.00026791468397965596
2025-10-29,Bandit Meta-Strategy (Thompson Sampling),-0.005168355890183928
2025-10-30,Bandit Meta-Strategy (Thompson Sampling),-0.005924673847001496
2025-10-31,Bandit Meta-Strategy (Thompson Sampling),-0.006535387524896801
2025-11-03,Bandit Meta-Strategy (Thompson Sampling),-0.014966308090852651
2025-11-04,Bandit Meta-Strategy (Thompson Sampling),-0.017095115777625285
2025-11-05,Bandit Meta-Strategy (Thompson Sampling),-0.018284622229723328
2025-11-06,Bandit Meta-Strategy (Thompson Sampling),-0.020237171544080657
2025-11-07,Bandit Meta-Strategy (Thompson Sampling),-0.015670218740961018
2025-11-10,Bandit Meta-Strategy (Thompson Sampling),-0.008957819883360862
2025-11-11,Bandit Meta-Strategy (Thompson Sampling),0.0
2025-11-12,Bandit Meta-Strategy (Thompson Sampling),0.0
2025-11-13,Bandit Meta-Strategy (Thompson Sampling),-0.008765910121407488
2025-11-14,Bandit Meta-Strategy (Thompson Sampling),-0.016164249736623604
2025-11-17,Bandit Meta-Strategy (Thompson Sampling),-0.13959637295810426
2025-11-18,Bandit Meta-Strategy (Thompson Sampling),-0.14146782544920541
2025-11-19,Bandit Meta-Strategy (Thompson Sampling),-0.1394797429195552
2025-11-20,Bandit Meta-Strategy (Thompson Sampling),-0.14050304782193787
2025-11-21,Bandit Meta-Strategy (Thompson Sampling),-0.12925924709530118
2025-11-24,Bandit Meta-Strategy (Thompson Sampling),-0.12785464351615736
2025-11-25,Bandit Meta-Strategy (Thompson Sampling),-0.12168345528380986
2025-11-26,Bandit Meta-Strategy (Thompson Sampling),-0.12213701334490058
2015-11-30,Bandit Meta-Strategy (EXP3),0.0
2015-12-01,Bandit Meta-Strategy (EXP3),0.0
2015-12-02,Bandit Meta-Strategy (EXP3),-0.008094016019210754
2015-12-03,Bandit Meta-Strategy (EXP3),-0.018857242283333273
2015-12-04,Bandit Meta-Strategy (EXP3),0.0
2015-12-07,Bandit Meta-Strategy (EXP3),-0.007415124662684568
2015-12-08,Bandit Meta-Strategy (EXP3),-0.011746928058823634
2015-12-09,Bandit Meta-Strategy (EXP3),-0.022520816712573204
2015-12-10,Bandit Meta-Strategy (EXP3),-0.020259983138023012
2015-12-11,Bandit Meta-Strategy (EXP3),-0.04045747488263847
2015-12-14,Bandit Meta-Strategy (EXP3),-0.029781053114288806
2015-12-15,Bandit Meta-Strategy (EXP3),-0.020029729730966825
2015-12-16,Bandit Meta-Strategy (EXP3),-0.002627750376029075
2015-12-17,Bandit Meta-Strategy (EXP3),-0.014613817987900754
2015-12-18,Bandit Meta-Strategy (EXP3),-0.035431157974234455
2015-12-21,Bandit Meta-Strategy (EXP3),-0.028377007316840473
2015-12-22,Bandit Meta-Strategy (EXP3),-0.024160647075490312
2015-12-23,Bandit Meta-Strategy (EXP3),-0.01667871416421406
2015-12-24,Bandit Meta-Strategy (EXP3),-0.018345237343865412
2015-12-28,Bandit Meta-Strategy (EXP3),-0.017505240186113956
2015-12-29,Bandit Meta-Strategy (EXP3),-0.0052082657696017115
2015-12-30,Bandit Meta-Strategy (EXP3),-0.011909619863378336
2015-12-31,Bandit Meta-Strategy (EXP3),-0.012310799577389784
2016-01-04,Bandit Meta-Strategy (EXP3),-0.030692859283821917
2016-01-05,Bandit Meta-Strategy (EXP3),-0.027379830423296933
2016-01-06,Bandit Meta-Strategy (EXP3),-0.02933169529120988
2016-01-07,Bandit Meta-Strategy (EXP3),-0.04445238371074891
2016-01-08,Bandit Meta-Strategy (EXP3),-0.05887348912127315
2016-01-11,Bandit Meta-Strategy (EXP3),-0.052987130488708796
2016-01-12,Bandit Meta-Strategy (EXP3),-0.04660571848695721
2016-01-13,Bandit Meta-Strategy (EXP3),-0.07447353884435538
2016-01-14,Bandit Meta-Strategy (EXP3),-0.06102358161647157
2016-01-15,Bandit Meta-Strategy (EXP3),-0.08226445762013686
2016-01-19,Bandit Meta-Strategy (EXP3),-0.07802692587804703
2016-01-20,Bandit Meta-Strategy (EXP3),-0.09262726446941087
2016-01-21,Bandit Meta-Strategy (EXP3),-0.08901130584255218
2016-01-22,Bandit Meta-Strategy (EXP3),-0.07266026541136404
2016-01-25,Bandit Meta-Strategy (EXP3),-0.08126021591712766
2016-01-26,Bandit Meta-Strategy (EXP3),-0.07167677779422063
2016-01-27,Bandit Meta-Strategy (EXP3),-0.08557727797101672
2016-01-28,Bandit Meta-Strategy (EXP3),-0.07243282315128924
2016-01-29,Bandit Meta-Strategy (EXP3),-0.05328385431801732
2016-02-01,Bandit Meta-Strategy (EXP3),-0.051110613439522556
2016-02-02,Bandit Meta-Strategy (EXP3),-0.06881518484691336
2016-02-03,Bandit Meta-Strategy (EXP3),-0.0711403464156273
2016-02-04,Bandit Meta-Strategy (EXP3),-0.07382759599391295
2016-02-05,Bandit Meta-Strategy (EXP3),-0.09447261598923312
2016-02-08,Bandit Meta-Strategy (EXP3),-0.1051831395068433
2016-02-09,Bandit Meta-Strategy (EXP3),-0.1040640356248954
2016-02-10,Bandit Meta-Strategy (EXP3),-0.10461175025462505
2016-02-11,Bandit Meta-Strategy (EXP3),-0.1105995741864737
2016-02-12,Bandit Meta-Strategy (EXP3),-0.09660470260674973
2016-02-16,Bandit Meta-Strategy (EXP3),-0.08578040602553193
2016-02-17,Bandit Meta-Strategy (EXP3),-0.07046183341869848
2016-02-18,Bandit Meta-Strategy (EXP3),-0.07849047769984234
2016-02-19,Bandit Meta-Strategy (EXP3),-0.0758522322140138
2016-02-22,Bandit Meta-Strategy (EXP3),-0.06028076239521397
2016-02-23,Bandit Meta-Strategy (EXP3),-0.06698184984659508
2016-02-24,Bandit Meta-Strategy (EXP3),-0.06080575015782205
2016-02-25,Bandit Meta-Strategy (EXP3),-0.04830681250970556
2016-02-26,Bandit Meta-Strategy (EXP3),-0.05535786576554214
2016-02-29,Bandit Meta-Strategy (EXP3),-0.06350649041793072
2016-03-01,Bandit Meta-Strategy (EXP3),-0.043887064318636315
2016-03-02,Bandit Meta-Strategy (EXP3),-0.04176083757217502
2016-03-03,Bandit Meta-Strategy (EXP3),-0.04056285793690104
2016-03-04,Bandit Meta-Strategy (EXP3),-0.03651550053882726
2016-03-07,Bandit Meta-Strategy (EXP3),-0.03903884272340097
2016-03-08,Bandit Meta-Strategy (EXP3),-0.044741171532336706
2016-03-09,Bandit Meta-Strategy (EXP3),-0.040684246245985586
2016-03-10,Bandit Meta-Strategy (EXP3),-0.043164140341400814
2016-03-11,Bandit Meta-Strategy (EXP3),-0.034122230149459455
2016-03-14,Bandit Meta-Strategy (EXP3),-0.0320326177593713
2016-03-15,Bandit Meta-Strategy (EXP3),-0.029263697254817145
2016-03-16,Bandit Meta-Strategy (EXP3),-0.026388700593853925
2016-03-17,Bandit Meta-Strategy (EXP3),-0.023337153454083492
2016-03-18,Bandit Meta-Strategy (EXP3),-0.019252801214500462
2016-03-21,Bandit Meta-Strategy (EXP3),-0.014172865421252914
2016-03-22,Bandit Meta-Strategy (EXP3),-0.015873396699035355
2016-03-23,Bandit Meta-Strategy (EXP3),-0.01865247785361364
2016-03-24,Bandit Meta-Strategy (EXP3),-0.01613568491832392
2016-03-28,Bandit Meta-Strategy (EXP3),-0.013909576722228376
2016-03-29,Bandit Meta-Strategy (EXP3),-0.004817770837588746
2016-03-30,Bandit Meta-Strategy (EXP3),-0.0015802142118772789
2016-03-31,Bandit Meta-Strategy (EXP3),-0.001833925490866407
2016-04-01,Bandit Meta-Strategy (EXP3),0.0
2016-04-04,Bandit Meta-Strategy (EXP3),0.0
2016-04-05,Bandit Meta-Strategy (EXP3),-0.002181755889779424
2016-04-06,Bandit Meta-Strategy (EXP3),0.0
2016-04-07,Bandit Meta-Strategy (EXP3),-0.010461045752517455
2016-04-08,Bandit Meta-Strategy (EXP3),-0.010766586964829903
2016-04-11,Bandit Meta-Strategy (EXP3),-0.016235904564191075
2016-04-12,Bandit Meta-Strategy (EXP3),-0.005753995347857996
2016-04-13,Bandit Meta-Strategy (EXP3),0.0
2016-04-14,Bandit Meta-Strategy (EXP3),0.0
2016-04-15,Bandit Meta-Strategy (EXP3),0.0
2016-04-18,Bandit Meta-Strategy (EXP3),0.0
2016-04-19,Bandit Meta-Strategy (EXP3),-0.006265084070149195
2016-04-20,Bandit Meta-Strategy (EXP3),-0.008399254942251815
2016-04-21,Bandit Meta-Strategy (EXP3),-0.014046529792068895
2016-04-22,Bandit Meta-Strategy (EXP3),-0.013571264834590839
2016-04-25,Bandit Meta-Strategy (EXP3),-0.01302122019487294
2016-04-26,Bandit Meta-Strategy (EXP3),-0.017390202192138892
2016-04-27,Bandit Meta-Strategy (EXP3),-0.01761557010713721
2016-04-28,Bandit Meta-Strategy (EXP3),-0.024648816470035976
2016-04-29,Bandit Meta-Strategy (EXP3),-0.028527613529440627
2016-05-02,Bandit Meta-Strategy (EXP3),-0.018192615272632287
2016-05-03,Bandit Meta-Strategy (EXP3),-0.023663761036669527
2016-05-04,Bandit Meta-Strategy (EXP3),-0.027588615404604604
2016-05-05,Bandit Meta-Strategy (EXP3),-0.029027591595058085
2016-05-06,Bandit Meta-Strategy (EXP3),-0.021027085895070737
2016-05-09,Bandit Meta-Strategy (EXP3),-0.01914994494029255
2016-05-10,Bandit Meta-Strategy (EXP3),-0.009596505503445159
2016-05-11,Bandit Meta-Strategy (EXP3),-0.023492001799724094
2016-05-12,Bandit Meta-Strategy (EXP3),-0.023138507673132448
2016-05-13,Bandit Meta-Strategy (EXP3),-0.024347088256581287
2016-05-16,Bandit Meta-Strategy (EXP3),-0.014330638371029046
2016-05-17,Bandit Meta-Strategy (EXP3),-0.02435384228890404
2016-05-18,Bandit Meta-Strategy (EXP3),-0.023476967631383128
2016-05-19,Bandit Meta-Strategy (EXP3),-0.011269724131135523
2016-05-20,Bandit Meta-Strategy (EXP3),-0.004902849207395361
2016-05-23,Bandit Meta-Strategy (EXP3),-0.006464019160680318
2016-05-24,Bandit Meta-Strategy (EXP3),0.0
2016-05-25,Bandit Meta-Strategy (EXP3),0.0
2016-05-26,Bandit Meta-Strategy (EXP3),0.0
2016-05-27,Bandit Meta-Strategy (EXP3),0.0
2016-05-31,Bandit Meta-Strategy (EXP3),-0.0013057292919046322
2016-06-01,Bandit Meta-Strategy (EXP3),-0.0019082240964700902
2016-06-02,Bandit Meta-Strategy (EXP3),0.0
2016-06-03,Bandit Meta-Strategy (EXP3),-0.003868984473787704
2016-06-06,Bandit Meta-Strategy (EXP3),0.0
2016-06-07,Bandit Meta-Strategy (EXP3),0.0
2016-06-08,Bandit Meta-Strategy (EXP3),0.0
2016-06-09,Bandit Meta-Strategy (EXP3),0.0
2016-06-10,Bandit Meta-Strategy (EXP3),-0.00819964434460585
2016-06-13,Bandit Meta-Strategy (EXP3),-0.015509051393078298
2016-06-14,Bandit Meta-Strategy (EXP3),-0.014325882694831706
2016-06-15,Bandit Meta-Strategy (EXP3),-0.014967477520128404
2016-06-16,Bandit Meta-Strategy (EXP3),-0.01100849474721361
2016-06-17,Bandit Meta-Strategy (EXP3),-0.020487611205320593
2016-06-20,Bandit Meta-Strategy (EXP3),-0.01522247982312412
2016-06-21,Bandit Meta-Strategy (EXP3),-0.013524324641543968
2016-06-22,Bandit Meta-Strategy (EXP3),-0.018933231259509166
2016-06-23,Bandit Meta-Strategy (EXP3),-0.009295581393437474
2016-06-24,Bandit Meta-Strategy (EXP3),-0.03579964232129968
2016-06-27,Bandit Meta-Strategy (EXP3),-0.045926149770594824
2016-06-28,Bandit Meta-Strategy (EXP3),-0.030280975056270195
2016-06-29,Bandit Meta-Strategy (EXP3),-0.015061048680898659
2016-06-30,Bandit Meta-Strategy (EXP3),-0.01533443810519093
2016-07-01,Bandit Meta-Strategy (EXP3),-0.010871711815667312
2016-07-05,Bandit Meta-Strategy (EXP3),-0.008914032359092973
2016-07-06,Bandit Meta-Strategy (EXP3),-0.007306849683979234
2016-07-07,Bandit Meta-Strategy (EXP3),-0.0064604876643834875
2016-07-08,Bandit Meta-Strategy (EXP3),0.0
2016-07-11,Bandit Meta-Strategy (EXP3),0.0
2016-07-12,Bandit Meta-Strategy (EXP3),0.0
2016-07-13,Bandit Meta-Strategy (EXP3),0.0
2016-07-14,Bandit Meta-Strategy (EXP3),0.0
2016-07-15,Bandit Meta-Strategy (EXP3),-0.0018149242899865334
2016-07-18,Bandit Meta-Strategy (EXP3),0.0
2016-07-19,Bandit Meta-Strategy (EXP3),-0.004573621209083705
2016-07-20,Bandit Meta-Strategy (EXP3),-0.0005405527089527108
2016-07-21,Bandit Meta-Strategy (EXP3),-0.0063103285470895425
2016-07-22,Bandit Meta-Strategy (EXP3),-0.001211186375574147
2016-07-25,Bandit Meta-Strategy (EXP3),-0.0003964236827640991
2016-07-26,Bandit Meta-Strategy (EXP3),0.0
2016-07-27,Bandit Meta-Strategy (EXP3),-0.0037435724019264987
2016-07-28,Bandit Meta-Strategy (EXP3),-0.0013025203186475443
2016-07-29,Bandit Meta-Strategy (EXP3),0.0
2016-08-01,Bandit Meta-Strategy (EXP3),0.0
2016-08-02,Bandit Meta-Strategy (EXP3),-0.006371133585286236
2016-08-03,Bandit Meta-Strategy (EXP3),-0.009398116723824361
2016-08-04,Bandit Meta-Strategy (EXP3),-0.006576589393600867
2016-08-05,Bandit Meta-Strategy (EXP3),0.0
2016-08-08,Bandit Meta-Strategy (EXP3),-0.0028244520668594944
2016-08-09,Bandit Meta-Strategy (EXP3),-0.0016550892361270073
2016-08-10,Bandit Meta-Strategy (EXP3),-0.004393807366884069
2016-08-11,Bandit Meta-Strategy (EXP3),0.0
2016-08-12,Bandit Meta-Strategy (EXP3),0.0
2016-08-15,Bandit Meta-Strategy (EXP3),-0.0009267392568990423
2016-08-16,Bandit Meta-Strategy (EXP3),-0.007313409388618291
2016-08-17,Bandit Meta-Strategy (EXP3),-0.005233204953791602
2016-08-18,Bandit Meta-Strategy (EXP3),-0.002401347635800578
2016-08-19,Bandit Meta-Strategy (EXP3),-0.007112067522181834
2016-08-22,Bandit Meta-Strategy (EXP3),-0.00920653600812296
2016-08-23,Bandit Meta-Strategy (EXP3),-0.006658769938292243
2016-08-24,Bandit Meta-Strategy (EXP3),-0.010792752624196216
2016-08-25,Bandit Meta-Strategy (EXP3),-0.011992000987534796
2016-08-26,Bandit Meta-Strategy (EXP3),-0.010495215866023902
2016-08-29,Bandit Meta-Strategy (EXP3),-0.006766279635971851
2016-08-30,Bandit Meta-Strategy (EXP3),-0.009794604663708064
2016-08-31,Bandit Meta-Strategy (EXP3),-0.010790572698783835
2016-09-01,Bandit Meta-Strategy (EXP3),-0.007757201754477654
2016-09-02,Bandit Meta-Strategy (EXP3),-0.006630424520699531
2016-09-06,Bandit Meta-Strategy (EXP3),0.0
2016-09-07,Bandit Meta-Strategy (EXP3),-0.003949686633117031
2016-09-08,Bandit Meta-Strategy (EXP3),-0.004649445862416751
2016-09-09,Bandit Meta-Strategy (EXP3),-0.027471613198650772
2016-09-12,Bandit Meta-Strategy (EXP3),-0.011241644381107899
2016-09-13,Bandit Meta-Strategy (EXP3),-0.02530055562771384
2016-09-14,Bandit Meta-Strategy (EXP3),-0.02454875605062282
2016-09-15,Bandit Meta-Strategy (EXP3),-0.013876769495710985
2016-09-16,Bandit Meta-Strategy (EXP3),-0.01396914946494936
2016-09-19,Bandit Meta-Strategy (EXP3),-0.01619286833752138
2016-09-20,Bandit Meta-Strategy (EXP3),-0.015655285908423012
2016-09-21,Bandit Meta-Strategy (EXP3),-0.010130994585490279
2016-09-22,Bandit Meta-Strategy (EXP3),-0.004932249336551646
2016-09-23,Bandit Meta-Strategy (EXP3),-0.008130456798028587
2016-09-26,Bandit Meta-Strategy (EXP3),-0.018968397150442642
2016-09-27,Bandit Meta-Strategy (EXP3),-0.007444571903019675
2016-09-28,Bandit Meta-Strategy (EXP3),-0.003432336822029591
2016-09-29,Bandit Meta-Strategy (EXP3),-0.013268952556452428
2016-09-30,Bandit Meta-Strategy (EXP3),-0.0005796928343326112
2016-10-03,Bandit Meta-Strategy (EXP3),0.0
2016-10-04,Bandit Meta-Strategy (EXP3),-0.001948645539995087
2016-10-05,Bandit Meta-Strategy (EXP3),0.0
2016-10-06,Bandit Meta-Strategy (EXP3),-0.005816326358582986
2016-10-07,Bandit Meta-Strategy (EXP3),-0.00861052312560863
2016-10-10,Bandit Meta-Strategy (EXP3),-0.0062741430158350505
2016-10-11,Bandit Meta-Strategy (EXP3),-0.017656853910473388
2016-10-12,Bandit Meta-Strategy (EXP3),-0.01700406179217853
2016-10-13,Bandit Meta-Strategy (EXP3),-0.020379360216088133
2016-10-14,Bandit Meta-Strategy (EXP3),-0.01917320010710844
2016-10-17,Bandit Meta-Strategy (EXP3),-0.022081002320780637
2016-10-18,Bandit Meta-Strategy (EXP3),-0.007139645237565069
2016-10-19,Bandit Meta-Strategy (EXP3),-0.004509788968778577
2016-10-20,Bandit Meta-Strategy (EXP3),-0.0037313507515782493
2016-10-21,Bandit Meta-Strategy (EXP3),-0.002345700132666956
2016-10-24,Bandit Meta-Strategy (EXP3),0.0
2016-10-25,Bandit Meta-Strategy (EXP3),0.0
2016-10-26,Bandit Meta-Strategy (EXP3),0.0
2016-10-27,Bandit Meta-Strategy (EXP3),-0.002435073788718798
2016-10-28,Bandit Meta-Strategy (EXP3),-0.005804381307407184
2016-10-31,Bandit Meta-Strategy (EXP3),-0.007670686760648937
2016-11-01,Bandit Meta-Strategy (EXP3),-0.018409900217663998
2016-11-02,Bandit Meta-Strategy (EXP3),-0.024783482800375994
2016-11-03,Bandit Meta-Strategy (EXP3),-0.029668179879880883
2016-11-04,Bandit Meta-Strategy (EXP3),-0.03300613860993673
2016-11-07,Bandit Meta-Strategy (EXP3),-0.011360046541655311
2016-11-08,Bandit Meta-Strategy (EXP3),-0.009439426218711558
2016-11-09,Bandit Meta-Strategy (EXP3),-0.000998203002449501
2016-11-10,Bandit Meta-Strategy (EXP3),-0.010799065554028316
2016-11-11,Bandit Meta-Strategy (EXP3),0.0
2016-11-14,Bandit Meta-Strategy (EXP3),-0.013296788602739074
2016-11-15,Bandit Meta-Strategy (EXP3),-0.0038555635129155887
2016-11-16,Bandit Meta-Strategy (EXP3),0.0
2016-11-17,Bandit Meta-Strategy (EXP3),0.0
2016-11-18,Bandit Meta-Strategy (EXP3),-0.003954545370439527
2016-11-21,Bandit Meta-Strategy (EXP3),0.0
2016-11-22,Bandit Meta-Strategy (EXP3),0.0
2016-11-23,Bandit Meta-Strategy (EXP3),0.0
2016-11-25,Bandit Meta-Strategy (EXP3),0.0
2016-11-28,Bandit Meta-Strategy (EXP3),-0.004999352830182691
2016-11-29,Bandit Meta-Strategy (EXP3),-0.007090817470484212
2016-11-30,Bandit Meta-Strategy (EXP3),-0.007446838490491708
2016-12-01,Bandit Meta-Strategy (EXP3),-0.017073828889275187
2016-12-02,Bandit Meta-Strategy (EXP3),-0.013506840806139368
2016-12-05,Bandit Meta-Strategy (EXP3),-0.005836701395155186
2016-12-06,Bandit Meta-Strategy (EXP3),-0.0028593854182585123
2016-12-07,Bandit Meta-Strategy (EXP3),0.0
2016-12-08,Bandit Meta-Strategy (EXP3),-0.002200858603107939
2016-12-09,Bandit Meta-Strategy (EXP3),0.0
2016-12-12,Bandit Meta-Strategy (EXP3),0.0
2016-12-13,Bandit Meta-Strategy (EXP3),0.0
2016-12-14,Bandit Meta-Strategy (EXP3),-0.0021674215251755373
2016-12-15,Bandit Meta-Strategy (EXP3),0.0
2016-12-16,Bandit Meta-Strategy (EXP3),-0.0001577775733306198
2016-12-19,Bandit Meta-Strategy (EXP3),0.0
2016-12-20,Bandit Meta-Strategy (EXP3),0.0
2016-12-21,Bandit Meta-Strategy (EXP3),-0.0026965959711853196
2016-12-22,Bandit Meta-Strategy (EXP3),-0.005505738442553477
2016-12-23,Bandit Meta-Strategy (EXP3),-0.002148563869998765
2016-12-27,Bandit Meta-Strategy (EXP3),0.0
2016-12-28,Bandit Meta-Strategy (EXP3),-0.009776675273280393
2016-12-29,Bandit Meta-Strategy (EXP3),-0.009335023681985027
2016-12-30,Bandit Meta-Strategy (EXP3),-0.015925611117916124
2017-01-03,Bandit Meta-Strategy (EXP3),-0.009731095649313494
2017-01-04,Bandit Meta-Strategy (EXP3),-0.0031670886459315836
2017-01-05,Bandit Meta-Strategy (EXP3),-0.0004506666336857187
2017-01-06,Bandit Meta-Strategy (EXP3),0.0
2017-01-09,Bandit Meta-Strategy (EXP3),0.0
2017-01-10,Bandit Meta-Strategy (EXP3),-0.003426811949638049
2017-01-11,Bandit Meta-Strategy (EXP3),-0.0034989812657070093
2017-01-12,Bandit Meta-Strategy (EXP3),-0.007829064175356159
2017-01-13,Bandit Meta-Strategy (EXP3),-0.005336735387509965
2017-01-17,Bandit Meta-Strategy (EXP3),-0.006029930169891515
2017-01-18,Bandit Meta-Strategy (EXP3),-0.004732024036089102
2017-01-19,Bandit Meta-Strategy (EXP3),-0.0056641557619907116
2017-01-20,Bandit Meta-Strategy (EXP3),-0.0022522137235724336
2017-01-23,Bandit Meta-Strategy (EXP3),-0.0016057423601356306
2017-01-24,Bandit Meta-Strategy (EXP3),0.0
2017-01-25,Bandit Meta-Strategy (EXP3),0.0
2017-01-26,Bandit Meta-Strategy (EXP3),-0.0010819731439764418
2017-01-27,Bandit Meta-Strategy (EXP3),0.0
2017-01-30,Bandit Meta-Strategy (EXP3),-0.0034431534607346037
2017-01-31,Bandit Meta-Strategy (EXP3),-0.004132680944242435
2017-02-01,Bandit Meta-Strategy (EXP3),-0.002650357705047068
2017-02-02,Bandit Meta-Strategy (EXP3),-0.0009686708579688308
2017-02-03,Bandit Meta-Strategy (EXP3),0.0
2017-02-06,Bandit Meta-Strategy (EXP3),0.0
2017-02-07,Bandit Meta-Strategy (EXP3),0.0
2017-02-08,Bandit Meta-Strategy (EXP3),0.0
2017-02-09,Bandit Meta-Strategy (EXP3),0.0
2017-02-10,Bandit Meta-Strategy (EXP3),-0.0034245370309148385
2017-02-13,Bandit Meta-Strategy (EXP3),-0.0008906384919461785
2017-02-14,Bandit Meta-Strategy (EXP3),0.0
2017-02-15,Bandit Meta-Strategy (EXP3),0.0
2017-02-16,Bandit Meta-Strategy (EXP3),0.0
2017-02-17,Bandit Meta-Strategy (EXP3),0.0
2017-02-21,Bandit Meta-Strategy (EXP3),0.0
2017-02-22,Bandit Meta-Strategy (EXP3),-2.5486017178986982e-05
2017-02-23,Bandit Meta-Strategy (EXP3),-0.0015084472741927067
2017-02-24,Bandit Meta-Strategy (EXP3),0.0
2017-02-27,Bandit Meta-Strategy (EXP3),-0.0008158170595864577
2017-02-28,Bandit Meta-Strategy (EXP3),-0.0015265183628551517
2017-03-01,Bandit Meta-Strategy (EXP3),0.0
2017-03-02,Bandit Meta-Strategy (EXP3),-0.0010723621966804502
2017-03-03,Bandit Meta-Strategy (EXP3),-0.003226941803278172
2017-03-06,Bandit Meta-Strategy (EXP3),-0.005550743792798809
2017-03-07,Bandit Meta-Strategy (EXP3),-0.008134721159749267
2017-03-08,Bandit Meta-Strategy (EXP3),-0.010963939143867795
2017-03-09,Bandit Meta-Strategy (EXP3),-0.007638266694396177
2017-03-10,Bandit Meta-Strategy (EXP3),-0.005197920481457729
2017-03-13,Bandit Meta-Strategy (EXP3),-0.004428289734098243
2017-03-14,Bandit Meta-Strategy (EXP3),-0.0023978769173745402
2017-03-15,Bandit Meta-Strategy (EXP3),0.0
2017-03-16,Bandit Meta-Strategy (EXP3),0.0
2017-03-17,Bandit Meta-Strategy (EXP3),-0.0026478459046578927
2017-03-20,Bandit Meta-Strategy (EXP3),-0.0005535466238693332
2017-03-21,Bandit Meta-Strategy (EXP3),-0.007875460784967196
2017-03-22,Bandit Meta-Strategy (EXP3),-0.005357156752967445
2017-03-23,Bandit Meta-Strategy (EXP3),-0.008234821754691386
2017-03-24,Bandit Meta-Strategy (EXP3),-0.010567651423345474
2017-03-27,Bandit Meta-Strategy (EXP3),-0.007709309455800249
2017-03-28,Bandit Meta-Strategy (EXP3),-0.002160389464137816
2017-03-29,Bandit Meta-Strategy (EXP3),-0.00046643218299208277
2017-03-30,Bandit Meta-Strategy (EXP3),0.0
2017-03-31,Bandit Meta-Strategy (EXP3),-0.0005576430504697583
2017-04-03,Bandit Meta-Strategy (EXP3),0.0
2017-04-04,Bandit Meta-Strategy (EXP3),-0.0023716354068068287
2017-04-05,Bandit Meta-Strategy (EXP3),-0.0059988126988632165
2017-04-06,Bandit Meta-Strategy (EXP3),-0.005015311713949568
2017-04-07,Bandit Meta-Strategy (EXP3),-0.00453863386729842
2017-04-10,Bandit Meta-Strategy (EXP3),-0.00426115078845178
2017-04-11,Bandit Meta-Strategy (EXP3),-0.005465919360818694
2017-04-12,Bandit Meta-Strategy (EXP3),-0.0060683319670332015
2017-04-13,Bandit Meta-Strategy (EXP3),-0.011177722775278984
2017-04-17,Bandit Meta-Strategy (EXP3),-0.0021211859229275072
2017-04-18,Bandit Meta-Strategy (EXP3),-0.007862155514341555
2017-04-19,Bandit Meta-Strategy (EXP3),-0.010951276816064788
2017-04-20,Bandit Meta-Strategy (EXP3),-0.0049651567513743985
2017-04-21,Bandit Meta-Strategy (EXP3),-0.0060507604310832954
2017-04-24,Bandit Meta-Strategy (EXP3),0.0
2017-04-25,Bandit Meta-Strategy (EXP3),0.0
2017-04-26,Bandit Meta-Strategy (EXP3),-0.0024199178589748354
2017-04-27,Bandit Meta-Strategy (EXP3),-0.001021475561146827
2017-04-28,Bandit Meta-Strategy (EXP3),-0.0010860410251562495
2017-05-01,Bandit Meta-Strategy (EXP3),0.0
2017-05-02,Bandit Meta-Strategy (EXP3),-0.0010461598072223895
2017-05-03,Bandit Meta-Strategy (EXP3),-0.0020952691492912502
2017-05-04,Bandit Meta-Strategy (EXP3),-0.0029068427845037196
2017-05-05,Bandit Meta-Strategy (EXP3),-0.0008835180934788165
2017-05-08,Bandit Meta-Strategy (EXP3),0.0
2017-05-09,Bandit Meta-Strategy (EXP3),0.0
2017-05-10,Bandit Meta-Strategy (EXP3),0.0
2017-05-11,Bandit Meta-Strategy (EXP3),0.0
2017-05-12,Bandit Meta-Strategy (EXP3),0.0
2017-05-15,Bandit Meta-Strategy (EXP3),0.0
2017-05-16,Bandit Meta-Strategy (EXP3),-0.00014385728123766982
2017-05-17,Bandit Meta-Strategy (EXP3),-0.019415887040102595
2017-05-18,Bandit Meta-Strategy (EXP3),-0.010037418835426947
2017-05-19,Bandit Meta-Strategy (EXP3),-0.0039230995739080446
2017-05-22,Bandit Meta-Strategy (EXP3),-0.000794098182388256
2017-05-23,Bandit Meta-Strategy (EXP3),-0.00044515614751029173
2017-05-24,Bandit Meta-Strategy (EXP3),0.0
2017-05-25,Bandit Meta-Strategy (EXP3),0.0
2017-05-26,Bandit Meta-Strategy (EXP3),0.0
2017-05-30,Bandit Meta-Strategy (EXP3),0.0
2017-05-31,Bandit Meta-Strategy (EXP3),-0.0007065596719611818
2017-06-01,Bandit Meta-Strategy (EXP3),0.0
2017-06-02,Bandit Meta-Strategy (EXP3),0.0
2017-06-05,Bandit Meta-Strategy (EXP3),0.0
2017-06-06,Bandit Meta-Strategy (EXP3),-0.001431921248430845
2017-06-07,Bandit Meta-Strategy (EXP3),0.0
2017-06-08,Bandit Meta-Strategy (EXP3),0.0
2017-06-09,Bandit Meta-Strategy (EXP3),-0.019104942672060317
2017-06-12,Bandit Meta-Strategy (EXP3),-0.023220083731035204
2017-06-13,Bandit Meta-Strategy (EXP3),-0.015062127621006505
2017-06-14,Bandit Meta-Strategy (EXP3),-0.01415565799934882
2017-06-15,Bandit Meta-Strategy (EXP3),-0.01730078737995551
2017-06-16,Bandit Meta-Strategy (EXP3),-0.024219702609773158
2017-06-19,Bandit Meta-Strategy (EXP3),-0.01114745567804445
2017-06-20,Bandit Meta-Strategy (EXP3),-0.01416602629560462
2017-06-21,Bandit Meta-Strategy (EXP3),-0.008421958540737073
2017-06-22,Bandit Meta-Strategy (EXP3),-0.010205002059158736
2017-06-23,Bandit Meta-Strategy (EXP3),-0.013357739442021092
2017-06-26,Bandit Meta-Strategy (EXP3),-0.016961849701882737
2017-06-27,Bandit Meta-Strategy (EXP3),-0.03165979007035181
2017-06-28,Bandit Meta-Strategy (EXP3),-0.01806168519746414
2017-06-29,Bandit Meta-Strategy (EXP3),-0.03372067546137792
2017-06-30,Bandit Meta-Strategy (EXP3),-0.03432689284395066
2017-07-03,Bandit Meta-Strategy (EXP3),-0.03629183350628284
2017-07-05,Bandit Meta-Strategy (EXP3),-0.036946439672151804
2017-07-06,Bandit Meta-Strategy (EXP3),-0.04634788884750475
2017-07-07,Bandit Meta-Strategy (EXP3),-0.039668132782144976
2017-07-10,Bandit Meta-Strategy (EXP3),-0.03642416030300701
2017-07-11,Bandit Meta-Strategy (EXP3),-0.03376691524209689
2017-07-12,Bandit Meta-Strategy (EXP3),-0.02522875295323828
2017-07-13,Bandit Meta-Strategy (EXP3),-0.024487700393155218
2017-07-14,Bandit Meta-Strategy (EXP3),-0.01748850056520769
2017-07-17,Bandit Meta-Strategy (EXP3),-0.019014078257856604
2017-07-18,Bandit Meta-Strategy (EXP3),-0.0079570203829458
2017-07-19,Bandit Meta-Strategy (EXP3),-0.0050070430878740935
2017-07-20,Bandit Meta-Strategy (EXP3),-0.004078288263563083
2017-07-21,Bandit Meta-Strategy (EXP3),-0.004037910378027829
2017-07-24,Bandit Meta-Strategy (EXP3),-0.003179369802761825
2017-07-25,Bandit Meta-Strategy (EXP3),-0.0008334929619274781
2017-07-26,Bandit Meta-Strategy (EXP3),0.0
2017-07-27,Bandit Meta-Strategy (EXP3),-0.0024414430195801337
2017-07-28,Bandit Meta-Strategy (EXP3),-0.0029711743149422438
2017-07-31,Bandit Meta-Strategy (EXP3),-0.0034886575258454965
2017-08-01,Bandit Meta-Strategy (EXP3),-0.0003312813613281661
2017-08-02,Bandit Meta-Strategy (EXP3),0.0
2017-08-03,Bandit Meta-Strategy (EXP3),0.0
2017-08-04,Bandit Meta-Strategy (EXP3),0.0
2017-08-07,Bandit Meta-Strategy (EXP3),0.0
2017-08-08,Bandit Meta-Strategy (EXP3),0.0
2017-08-09,Bandit Meta-Strategy (EXP3),-0.0018777904923639504
2017-08-10,Bandit Meta-Strategy (EXP3),-0.01391758553612862
2017-08-11,Bandit Meta-Strategy (EXP3),-0.015726208685271692
2017-08-14,Bandit Meta-Strategy (EXP3),-0.008735442524944573
2017-08-15,Bandit Meta-Strategy (EXP3),-0.008682268178976894
2017-08-16,Bandit Meta-Strategy (EXP3),-0.007567601195344586
2017-08-17,Bandit Meta-Strategy (EXP3),-0.02061632271823462
2017-08-18,Bandit Meta-Strategy (EXP3),-0.023119420717394715
2017-08-21,Bandit Meta-Strategy (EXP3),-0.02223760993227385
2017-08-22,Bandit Meta-Strategy (EXP3),-0.0140810396356256
2017-08-23,Bandit Meta-Strategy (EXP3),-0.01698247411271666
2017-08-24,Bandit Meta-Strategy (EXP3),-0.020427918025369904
2017-08-25,Bandit Meta-Strategy (EXP3),-0.019936090872604808
2017-08-28,Bandit Meta-Strategy (EXP3),-0.019657520741418594
2017-08-29,Bandit Meta-Strategy (EXP3),-0.018347762487320073
2017-08-30,Bandit Meta-Strategy (EXP3),-0.017516314127627032
2017-08-31,Bandit Meta-Strategy (EXP3),-0.015145842581176032
2017-09-01,Bandit Meta-Strategy (EXP3),-0.013695538356913912
2017-09-05,Bandit Meta-Strategy (EXP3),-0.016366180606387743
2017-09-06,Bandit Meta-Strategy (EXP3),-0.011220091573737477
2017-09-07,Bandit Meta-Strategy (EXP3),-0.012103459339005845
2017-09-08,Bandit Meta-Strategy (EXP3),-0.01733156812485348
2017-09-11,Bandit Meta-Strategy (EXP3),-0.0059522008912060225
2017-09-12,Bandit Meta-Strategy (EXP3),-0.0013214248458117144
2017-09-13,Bandit Meta-Strategy (EXP3),0.0
2017-09-14,Bandit Meta-Strategy (EXP3),-0.0007953038504264332
2017-09-15,Bandit Meta-Strategy (EXP3),0.0
2017-09-18,Bandit Meta-Strategy (EXP3),0.0
2017-09-19,Bandit Meta-Strategy (EXP3),0.0
2017-09-20,Bandit Meta-Strategy (EXP3),-0.0002883206137708217
2017-09-21,Bandit Meta-Strategy (EXP3),-0.0076264532230132225
2017-09-22,Bandit Meta-Strategy (EXP3),-0.011404108392987633
2017-09-25,Bandit Meta-Strategy (EXP3),-0.015853702813066226
2017-09-26,Bandit Meta-Strategy (EXP3),-0.016170674138726682
2017-09-27,Bandit Meta-Strategy (EXP3),-0.01644192205041409
2017-09-28,Bandit Meta-Strategy (EXP3),-0.0161211929876527
2017-09-29,Bandit Meta-Strategy (EXP3),-0.0167622295258516
2017-10-02,Bandit Meta-Strategy (EXP3),-0.012615506718322346
2017-10-03,Bandit Meta-Strategy (EXP3),-0.007311111566218588
2017-10-04,Bandit Meta-Strategy (EXP3),-0.00617493837637926
2017-10-05,Bandit Meta-Strategy (EXP3),-0.0032860733367335686
2017-10-06,Bandit Meta-Strategy (EXP3),-0.0024570602524346613
2017-10-09,Bandit Meta-Strategy (EXP3),-0.0024454760356585766
2017-10-10,Bandit Meta-Strategy (EXP3),0.0
2017-10-11,Bandit Meta-Strategy (EXP3),0.0
2017-10-12,Bandit Meta-Strategy (EXP3),-0.0018805274993994145
2017-10-13,Bandit Meta-Strategy (EXP3),0.0
2017-10-16,Bandit Meta-Strategy (EXP3),0.0
2017-10-17,Bandit Meta-Strategy (EXP3),0.0
2017-10-18,Bandit Meta-Strategy (EXP3),-0.002301999315535371
2017-10-19,Bandit Meta-Strategy (EXP3),-0.002254666893295608
2017-10-20,Bandit Meta-Strategy (EXP3),-0.005398422232535222
2017-10-23,Bandit Meta-Strategy (EXP3),-0.008317918026839063
2017-10-24,Bandit Meta-Strategy (EXP3),-0.008350492645136749
2017-10-25,Bandit Meta-Strategy (EXP3),-0.012049223465212179
2017-10-26,Bandit Meta-Strategy (EXP3),-0.00945700246792259
2017-10-27,Bandit Meta-Strategy (EXP3),-0.005848493661599666
2017-10-30,Bandit Meta-Strategy (EXP3),-0.010936775944832016
2017-10-31,Bandit Meta-Strategy (EXP3),-0.011517880459412448
2017-11-01,Bandit Meta-Strategy (EXP3),-0.008659172945075498
2017-11-02,Bandit Meta-Strategy (EXP3),-0.011695277260360536
2017-11-03,Bandit Meta-Strategy (EXP3),-0.007249190327244453
2017-11-06,Bandit Meta-Strategy (EXP3),-0.007786931737839414
2017-11-07,Bandit Meta-Strategy (EXP3),-0.006217733142316784
2017-11-08,Bandit Meta-Strategy (EXP3),-0.004591133025942384
2017-11-09,Bandit Meta-Strategy (EXP3),-0.006139398544271759
2017-11-10,Bandit Meta-Strategy (EXP3),-0.0033527513080586057
2017-11-13,Bandit Meta-Strategy (EXP3),-0.0005969044830920031
2017-11-14,Bandit Meta-Strategy (EXP3),-0.0003125814705657018
2017-11-15,Bandit Meta-Strategy (EXP3),-0.007552103222107313
2017-11-16,Bandit Meta-Strategy (EXP3),0.0
2017-11-17,Bandit Meta-Strategy (EXP3),-0.007579474385605364
2017-11-20,Bandit Meta-Strategy (EXP3),-0.006813354366254133
2017-11-21,Bandit Meta-Strategy (EXP3),0.0
2017-11-22,Bandit Meta-Strategy (EXP3),-0.002273083726507493
2017-11-24,Bandit Meta-Strategy (EXP3),0.0
2017-11-27,Bandit Meta-Strategy (EXP3),0.0
2017-11-28,Bandit Meta-Strategy (EXP3),0.0
2017-11-29,Bandit Meta-Strategy (EXP3),-0.0072532100450115235
2017-11-30,Bandit Meta-Strategy (EXP3),-0.0003659488064922838
2017-12-01,Bandit Meta-Strategy (EXP3),-0.0013242044777400151
2017-12-04,Bandit Meta-Strategy (EXP3),-0.0020672256553913816
2017-12-05,Bandit Meta-Strategy (EXP3),-0.004454571985736213
2017-12-06,Bandit Meta-Strategy (EXP3),-0.003699028724317831
2017-12-07,Bandit Meta-Strategy (EXP3),-0.003928863968960641
2017-12-08,Bandit Meta-Strategy (EXP3),-0.0013124031889808914
2017-12-11,Bandit Meta-Strategy (EXP3),0.0
2017-12-12,Bandit Meta-Strategy (EXP3),0.0
2017-12-13,Bandit Meta-Strategy (EXP3),0.0
2017-12-14,Bandit Meta-Strategy (EXP3),0.0
2017-12-15,Bandit Meta-Strategy (EXP3),0.0
2017-12-18,Bandit Meta-Strategy (EXP3),0.0
2017-12-19,Bandit Meta-Strategy (EXP3),-0.002645921063395243
2017-12-20,Bandit Meta-Strategy (EXP3),-0.005236200761216949
2017-12-21,Bandit Meta-Strategy (EXP3),-0.004800979176427676
2017-12-22,Bandit Meta-Strategy (EXP3),-0.005886890200654158
2017-12-26,Bandit Meta-Strategy (EXP3),-0.0052145772431415665
2017-12-27,Bandit Meta-Strategy (EXP3),-0.005185732613523781
2017-12-28,Bandit Meta-Strategy (EXP3),-0.0035977243823427135
2017-12-29,Bandit Meta-Strategy (EXP3),-0.004320268822863879
2018-01-02,Bandit Meta-Strategy (EXP3),0.0
2018-01-03,Bandit Meta-Strategy (EXP3),0.0
2018-01-04,Bandit Meta-Strategy (EXP3),0.0
2018-01-05,Bandit Meta-Strategy (EXP3),0.0
2018-01-08,Bandit Meta-Strategy (EXP3),0.0
2018-01-09,Bandit Meta-Strategy (EXP3),-0.0008491321726067709
2018-01-10,Bandit Meta-Strategy (EXP3),-0.0029190960036554626
2018-01-11,Bandit Meta-Strategy (EXP3),0.0
2018-01-12,Bandit Meta-Strategy (EXP3),0.0
2018-01-16,Bandit Meta-Strategy (EXP3),-0.00048801423989168155
2018-01-17,Bandit Meta-Strategy (EXP3),0.0
2018-01-18,Bandit Meta-Strategy (EXP3),-0.003478200118745007
2018-01-19,Bandit Meta-Strategy (EXP3),0.0
2018-01-22,Bandit Meta-Strategy (EXP3),0.0
2018-01-23,Bandit Meta-Strategy (EXP3),0.0
2018-01-24,Bandit Meta-Strategy (EXP3),-0.0007590160583946986
2018-01-25,Bandit Meta-Strategy (EXP3),-0.0017948697835670057
2018-01-26,Bandit Meta-Strategy (EXP3),0.0
2018-01-29,Bandit Meta-Strategy (EXP3),-0.0033967735952920423
2018-01-30,Bandit Meta-Strategy (EXP3),-0.014336155165786223
2018-01-31,Bandit Meta-Strategy (EXP3),-0.01497537247515769
2018-02-01,Bandit Meta-Strategy (EXP3),-0.014091745439681589
2018-02-02,Bandit Meta-Strategy (EXP3),-0.03374120275422542
2018-02-05,Bandit Meta-Strategy (EXP3),-0.07722811463374787
2018-02-06,Bandit Meta-Strategy (EXP3),-0.06129763184186763
2018-02-07,Bandit Meta-Strategy (EXP3),-0.06535858320927489
2018-02-08,Bandit Meta-Strategy (EXP3),-0.10080921337705243
2018-02-09,Bandit Meta-Strategy (EXP3),-0.0909100098166299
2018-02-12,Bandit Meta-Strategy (EXP3),-0.07925102334531052
2018-02-13,Bandit Meta-Strategy (EXP3),-0.07452147522129926
2018-02-14,Bandit Meta-Strategy (EXP3),-0.06672066681584843
2018-02-15,Bandit Meta-Strategy (EXP3),-0.053940446628082374
2018-02-16,Bandit Meta-Strategy (EXP3),-0.05070207699710172
2018-02-20,Bandit Meta-Strategy (EXP3),-0.06259368265302334
2018-02-21,Bandit Meta-Strategy (EXP3),-0.0717978396307945
2018-02-22,Bandit Meta-Strategy (EXP3),-0.06707168886600226
2018-02-23,Bandit Meta-Strategy (EXP3),-0.05338455392956782
2018-02-26,Bandit Meta-Strategy (EXP3),-0.04367365102432753
2018-02-27,Bandit Meta-Strategy (EXP3),-0.05692239014477121
2018-02-28,Bandit Meta-Strategy (EXP3),-0.06928721908761436
2018-03-01,Bandit Meta-Strategy (EXP3),-0.08008721955034158
2018-03-02,Bandit Meta-Strategy (EXP3),-0.07394921955395657
2018-03-05,Bandit Meta-Strategy (EXP3),-0.06477903287056852
2018-03-06,Bandit Meta-Strategy (EXP3),-0.06443629945072805
2018-03-07,Bandit Meta-Strategy (EXP3),-0.06807974762427117
2018-03-08,Bandit Meta-Strategy (EXP3),-0.06279232628363646
2018-03-09,Bandit Meta-Strategy (EXP3),-0.05017689805044464
2018-03-12,Bandit Meta-Strategy (EXP3),-0.050514752538484725
2018-03-13,Bandit Meta-Strategy (EXP3),-0.055925063316063645
2018-03-14,Bandit Meta-Strategy (EXP3),-0.06330944167435874
2018-03-15,Bandit Meta-Strategy (EXP3),-0.06268711305449667
2018-03-16,Bandit Meta-Strategy (EXP3),-0.06091979910204521
2018-03-19,Bandit Meta-Strategy (EXP3),-0.07529553731477737
2018-03-20,Bandit Meta-Strategy (EXP3),-0.07237089207627513
2018-03-21,Bandit Meta-Strategy (EXP3),-0.07440585492703318
2018-03-22,Bandit Meta-Strategy (EXP3),-0.09286925405379698
2018-03-23,Bandit Meta-Strategy (EXP3),-0.1113664271064168
2018-03-26,Bandit Meta-Strategy (EXP3),-0.08999070586362362
2018-03-27,Bandit Meta-Strategy (EXP3),-0.10579485397531514
2018-03-28,Bandit Meta-Strategy (EXP3),-0.10957944998441255
2018-03-29,Bandit Meta-Strategy (EXP3),-0.11032817793395043
2018-04-02,Bandit Meta-Strategy (EXP3),-0.13617288481979123
2018-04-03,Bandit Meta-Strategy (EXP3),-0.11836021559551337
2018-04-04,Bandit Meta-Strategy (EXP3),-0.10443874443655153
2018-04-05,Bandit Meta-Strategy (EXP3),-0.08895483958679666
2018-04-06,Bandit Meta-Strategy (EXP3),-0.10375133034902628
2018-04-09,Bandit Meta-Strategy (EXP3),-0.10742341107455422
2018-04-10,Bandit Meta-Strategy (EXP3),-0.08525895901357596
2018-04-11,Bandit Meta-Strategy (EXP3),-0.08745350489906377
2018-04-12,Bandit Meta-Strategy (EXP3),-0.0899387651871226
2018-04-13,Bandit Meta-Strategy (EXP3),-0.08507360040314797
2018-04-16,Bandit Meta-Strategy (EXP3),-0.08573679672005793
2018-04-17,Bandit Meta-Strategy (EXP3),-0.07900176679813375
2018-04-18,Bandit Meta-Strategy (EXP3),-0.07760196277889224
2018-04-19,Bandit Meta-Strategy (EXP3),-0.07977880969931486
2018-04-20,Bandit Meta-Strategy (EXP3),-0.0921485029650305
2018-04-23,Bandit Meta-Strategy (EXP3),-0.0975413823674675
2018-04-24,Bandit Meta-Strategy (EXP3),-0.11051322950765502
2018-04-25,Bandit Meta-Strategy (EXP3),-0.11109209383863682
2018-04-26,Bandit Meta-Strategy (EXP3),-0.08971971162996241
2018-04-27,Bandit Meta-Strategy (EXP3),-0.08998180193111928
2018-04-30,Bandit Meta-Strategy (EXP3),-0.09061800723994837
2018-05-01,Bandit Meta-Strategy (EXP3),-0.0923361434395274
2018-05-02,Bandit Meta-Strategy (EXP3),-0.09769230213142689
2018-05-03,Bandit Meta-Strategy (EXP3),-0.10078247975703286
2018-05-04,Bandit Meta-Strategy (EXP3),-0.08793114225566086
2018-05-07,Bandit Meta-Strategy (EXP3),-0.08342395948044468
2018-05-08,Bandit Meta-Strategy (EXP3),-0.08378992562287779
2018-05-09,Bandit Meta-Strategy (EXP3),-0.07630449413120449
2018-05-10,Bandit Meta-Strategy (EXP3),-0.06852101657186271
2018-05-11,Bandit Meta-Strategy (EXP3),-0.06789533510273549
2018-05-14,Bandit Meta-Strategy (EXP3),-0.06785545520360109
2018-05-15,Bandit Meta-Strategy (EXP3),-0.0753371867326947
2018-05-16,Bandit Meta-Strategy (EXP3),-0.07166560379813827
2018-05-17,Bandit Meta-Strategy (EXP3),-0.07321346980887804
2018-05-18,Bandit Meta-Strategy (EXP3),-0.07874016924892221
2018-05-21,Bandit Meta-Strategy (EXP3),-0.07149619498762881
2018-05-22,Bandit Meta-Strategy (EXP3),-0.075526660500549
2018-05-23,Bandit Meta-Strategy (EXP3),-0.0704180746844377
2018-05-24,Bandit Meta-Strategy (EXP3),-0.07469168249792017
2018-05-25,Bandit Meta-Strategy (EXP3),-0.07556112864207941
2018-05-29,Bandit Meta-Strategy (EXP3),-0.08139757584169602
2018-05-30,Bandit Meta-Strategy (EXP3),-0.06845297610652536
2018-05-31,Bandit Meta-Strategy (EXP3),-0.07536172058993412
2018-06-01,Bandit Meta-Strategy (EXP3),-0.0656051013707713
2018-06-04,Bandit Meta-Strategy (EXP3),-0.05667373152381983
2018-06-05,Bandit Meta-Strategy (EXP3),-0.0581709204480582
2018-06-06,Bandit Meta-Strategy (EXP3),-0.04695460797900342
2018-06-07,Bandit Meta-Strategy (EXP3),-0.04621580195394911
2018-06-08,Bandit Meta-Strategy (EXP3),-0.04067332092516598
2018-06-11,Bandit Meta-Strategy (EXP3),-0.03906341611320077
2018-06-12,Bandit Meta-Strategy (EXP3),-0.03649430557677379
2018-06-13,Bandit Meta-Strategy (EXP3),-0.037059871141837834
2018-06-14,Bandit Meta-Strategy (EXP3),-0.033323851603776315
2018-06-15,Bandit Meta-Strategy (EXP3),-0.03184175350626934
2018-06-18,Bandit Meta-Strategy (EXP3),-0.03418753255706848
2018-06-19,Bandit Meta-Strategy (EXP3),-0.03615339153440123
2018-06-20,Bandit Meta-Strategy (EXP3),-0.03237320966643012
2018-06-21,Bandit Meta-Strategy (EXP3),-0.03776471562956604
2018-06-22,Bandit Meta-Strategy (EXP3),-0.03796224621556564
2018-06-25,Bandit Meta-Strategy (EXP3),-0.04984357227797488
2018-06-26,Bandit Meta-Strategy (EXP3),-0.044245124957984036
2018-06-27,Bandit Meta-Strategy (EXP3),-0.05025002792354983
2018-06-28,Bandit Meta-Strategy (EXP3),-0.042209156171610925
2018-06-29,Bandit Meta-Strategy (EXP3),-0.044640855249043765
2018-07-02,Bandit Meta-Strategy (EXP3),-0.043442831107241474
2018-07-03,Bandit Meta-Strategy (EXP3),-0.05205143485747066
2018-07-05,Bandit Meta-Strategy (EXP3),-0.04107793022150975
2018-07-06,Bandit Meta-Strategy (EXP3),-0.03616401540475725
2018-07-09,Bandit Meta-Strategy (EXP3),-0.02931889213523618
2018-07-10,Bandit Meta-Strategy (EXP3),-0.02127256309899727
2018-07-11,Bandit Meta-Strategy (EXP3),-0.02505513764672911
2018-07-12,Bandit Meta-Strategy (EXP3),-0.019578699651906558
2018-07-13,Bandit Meta-Strategy (EXP3),-0.01885525630603502
2018-07-16,Bandit Meta-Strategy (EXP3),-0.018723628794971848
2018-07-17,Bandit Meta-Strategy (EXP3),-0.010371209660887053
2018-07-18,Bandit Meta-Strategy (EXP3),-0.01188663084597529
2018-07-19,Bandit Meta-Strategy (EXP3),-0.018853825681563442
2018-07-20,Bandit Meta-Strategy (EXP3),-0.018965337980756537
2018-07-23,Bandit Meta-Strategy (EXP3),-0.020090372185046293
2018-07-24,Bandit Meta-Strategy (EXP3),-0.013386596749002352
2018-07-25,Bandit Meta-Strategy (EXP3),-0.002716312986523274
2018-07-26,Bandit Meta-Strategy (EXP3),-0.007605232494320353
2018-07-27,Bandit Meta-Strategy (EXP3),-0.013245436578172147
2018-07-30,Bandit Meta-Strategy (EXP3),-0.02126700755576224
2018-07-31,Bandit Meta-Strategy (EXP3),-0.02177959677135806
2018-08-01,Bandit Meta-Strategy (EXP3),-0.021015198694742106
2018-08-02,Bandit Meta-Strategy (EXP3),-0.0007473123243229941
2018-08-03,Bandit Meta-Strategy (EXP3),0.0
2018-08-06,Bandit Meta-Strategy (EXP3),0.0
2018-08-07,Bandit Meta-Strategy (EXP3),0.0
2018-08-08,Bandit Meta-Strategy (EXP3),-0.0031836404225675323
2018-08-09,Bandit Meta-Strategy (EXP3),-0.011471442055153864
2018-08-10,Bandit Meta-Strategy (EXP3),-0.015345850517682573
2018-08-13,Bandit Meta-Strategy (EXP3),-0.018782190102639113
2018-08-14,Bandit Meta-Strategy (EXP3),-0.017818518373899497
2018-08-15,Bandit Meta-Strategy (EXP3),-0.02443898641113121
2018-08-16,Bandit Meta-Strategy (EXP3),-0.014141187611119918
2018-08-17,Bandit Meta-Strategy (EXP3),-0.023017602211040454
2018-08-20,Bandit Meta-Strategy (EXP3),-0.02204142913507897
2018-08-21,Bandit Meta-Strategy (EXP3),-0.01654817581728179
2018-08-22,Bandit Meta-Strategy (EXP3),-0.015165583701171374
2018-08-23,Bandit Meta-Strategy (EXP3),-0.017836925120275845
2018-08-24,Bandit Meta-Strategy (EXP3),-0.010861598620998544
2018-08-27,Bandit Meta-Strategy (EXP3),-0.007288712002517279
2018-08-28,Bandit Meta-Strategy (EXP3),-0.007752737434924415
2018-08-29,Bandit Meta-Strategy (EXP3),-0.006600158610986745
2018-08-30,Bandit Meta-Strategy (EXP3),-0.006821353799278028
2018-08-31,Bandit Meta-Strategy (EXP3),-0.00973093174515381
2018-09-04,Bandit Meta-Strategy (EXP3),-0.016015065414771643
2018-09-05,Bandit Meta-Strategy (EXP3),-0.02359327435582514
2018-09-06,Bandit Meta-Strategy (EXP3),-0.027937859455214466
2018-09-07,Bandit Meta-Strategy (EXP3),-0.03294465148868316
2018-09-10,Bandit Meta-Strategy (EXP3),-0.024697989333158452
2018-09-11,Bandit Meta-Strategy (EXP3),-0.021779212837181885
2018-09-12,Bandit Meta-Strategy (EXP3),-0.017873033205890055
2018-09-13,Bandit Meta-Strategy (EXP3),-0.01782861923124315
2018-09-14,Bandit Meta-Strategy (EXP3),-0.017392031884371818
2018-09-17,Bandit Meta-Strategy (EXP3),-0.022055587239857708
2018-09-18,Bandit Meta-Strategy (EXP3),-0.019373465986205887
2018-09-19,Bandit Meta-Strategy (EXP3),-0.013511159747022675
2018-09-20,Bandit Meta-Strategy (EXP3),-0.004471142351133152
2018-09-21,Bandit Meta-Strategy (EXP3),-0.007536409177075986
2018-09-24,Bandit Meta-Strategy (EXP3),-0.007106910829012166
2018-09-25,Bandit Meta-Strategy (EXP3),-0.007576145949331346
2018-09-26,Bandit Meta-Strategy (EXP3),-0.0034621305111240124
2018-09-27,Bandit Meta-Strategy (EXP3),-0.0009827384259706265
2018-09-28,Bandit Meta-Strategy (EXP3),-0.0014264634530281887
2018-10-01,Bandit Meta-Strategy (EXP3),0.0
2018-10-02,Bandit Meta-Strategy (EXP3),-0.003324854603814443
2018-10-03,Bandit Meta-Strategy (EXP3),-0.005750691283594154
2018-10-04,Bandit Meta-Strategy (EXP3),-0.019548945061911672
2018-10-05,Bandit Meta-Strategy (EXP3),-0.031786504499492836
2018-10-08,Bandit Meta-Strategy (EXP3),-0.033706323639032636
2018-10-09,Bandit Meta-Strategy (EXP3),-0.02825564322933644
2018-10-10,Bandit Meta-Strategy (EXP3),-0.06011002513650961
2018-10-11,Bandit Meta-Strategy (EXP3),-0.07890599669732722
2018-10-12,Bandit Meta-Strategy (EXP3),-0.06308074917453253
2018-10-15,Bandit Meta-Strategy (EXP3),-0.07025591052574004
2018-10-16,Bandit Meta-Strategy (EXP3),-0.046054069518456794
2018-10-17,Bandit Meta-Strategy (EXP3),-0.04103950702326873
2018-10-18,Bandit Meta-Strategy (EXP3),-0.059283532780994394
2018-10-19,Bandit Meta-Strategy (EXP3),-0.05165041707374048
2018-10-22,Bandit Meta-Strategy (EXP3),-0.05475994533128068
2018-10-23,Bandit Meta-Strategy (EXP3),-0.049401114830410285
2018-10-24,Bandit Meta-Strategy (EXP3),-0.07539565055111203
2018-10-25,Bandit Meta-Strategy (EXP3),-0.050483959747812425
2018-10-26,Bandit Meta-Strategy (EXP3),-0.06587258497626416
2018-10-29,Bandit Meta-Strategy (EXP3),-0.0735868116288887
2018-10-30,Bandit Meta-Strategy (EXP3),-0.06292911295677903
2018-10-31,Bandit Meta-Strategy (EXP3),-0.047303871492745383
2018-11-01,Bandit Meta-Strategy (EXP3),-0.03555366102992629
2018-11-02,Bandit Meta-Strategy (EXP3),-0.04001494743681872
2018-11-05,Bandit Meta-Strategy (EXP3),-0.03763791701015244
2018-11-06,Bandit Meta-Strategy (EXP3),-0.03407709213364233
2018-11-07,Bandit Meta-Strategy (EXP3),-0.014438875968457127
2018-11-08,Bandit Meta-Strategy (EXP3),-0.017434967232204283
2018-11-09,Bandit Meta-Strategy (EXP3),-0.023076063124015212
2018-11-12,Bandit Meta-Strategy (EXP3),-0.044821715177242434
2018-11-13,Bandit Meta-Strategy (EXP3),-0.04354782522316494
2018-11-14,Bandit Meta-Strategy (EXP3),-0.04919583768460191
2018-11-15,Bandit Meta-Strategy (EXP3),-0.04218201340738239
2018-11-16,Bandit Meta-Strategy (EXP3),-0.04842088160390826
2018-11-19,Bandit Meta-Strategy (EXP3),-0.0645120920402487
2018-11-20,Bandit Meta-Strategy (EXP3),-0.07997227190013845
2018-11-21,Bandit Meta-Strategy (EXP3),-0.08379698446804354
2018-11-23,Bandit Meta-Strategy (EXP3),-0.0918429996848288
2018-11-26,Bandit Meta-Strategy (EXP3),-0.07409845302743609
2018-11-27,Bandit Meta-Strategy (EXP3),-0.06962408341058254
2018-11-28,Bandit Meta-Strategy (EXP3),-0.04788995297342922
2018-11-29,Bandit Meta-Strategy (EXP3),-0.052212349316090284
2018-11-30,Bandit Meta-Strategy (EXP3),-0.052828029988494944
2018-12-03,Bandit Meta-Strategy (EXP3),-0.04966936389979669
2018-12-04,Bandit Meta-Strategy (EXP3),-0.06818869103844015
2018-12-06,Bandit Meta-Strategy (EXP3),-0.06616687695012234
2018-12-07,Bandit Meta-Strategy (EXP3),-0.08432964840941272
2018-12-10,Bandit Meta-Strategy (EXP3),-0.0785349480737035
2018-12-11,Bandit Meta-Strategy (EXP3),-0.07708633515009125
2018-12-12,Bandit Meta-Strategy (EXP3),-0.07432172304906202
2018-12-13,Bandit Meta-Strategy (EXP3),-0.06556317392566532
2018-12-14,Bandit Meta-Strategy (EXP3),-0.08373094527554084
2018-12-17,Bandit Meta-Strategy (EXP3),-0.10739162105366233
2018-12-18,Bandit Meta-Strategy (EXP3),-0.10660827415906264
2018-12-19,Bandit Meta-Strategy (EXP3),-0.12141091456141198
2018-12-20,Bandit Meta-Strategy (EXP3),-0.13293694123466052
2018-12-21,Bandit Meta-Strategy (EXP3),-0.14541029342194337
2018-12-24,Bandit Meta-Strategy (EXP3),-0.17459846059883785
2018-12-26,Bandit Meta-Strategy (EXP3),-0.1355881557102013
2018-12-27,Bandit Meta-Strategy (EXP3),-0.12819326934132882
2018-12-28,Bandit Meta-Strategy (EXP3),-0.1284618840311391
2018-12-31,Bandit Meta-Strategy (EXP3),-0.12904473572538336
2019-01-02,Bandit Meta-Strategy (EXP3),-0.1259011391188506
2019-01-03,Bandit Meta-Strategy (EXP3),-0.142943758033711
2019-01-04,Bandit Meta-Strategy (EXP3),-0.11348754977183372
2019-01-07,Bandit Meta-Strategy (EXP3),-0.10796280797602356
2019-01-08,Bandit Meta-Strategy (EXP3),-0.1016194990143517
2019-01-09,Bandit Meta-Strategy (EXP3),-0.10318933248498476
2019-01-10,Bandit Meta-Strategy (EXP3),-0.10338026161195434
2019-01-11,Bandit Meta-Strategy (EXP3),-0.09963054140032028
2019-01-14,Bandit Meta-Strategy (EXP3),-0.10251685177332281
2019-01-15,Bandit Meta-Strategy (EXP3),-0.09202966086725295
2019-01-16,Bandit Meta-Strategy (EXP3),-0.09517840621439043
2019-01-17,Bandit Meta-Strategy (EXP3),-0.09055362399909289
2019-01-18,Bandit Meta-Strategy (EXP3),-0.0856996543722776
2019-01-22,Bandit Meta-Strategy (EXP3),-0.09766301193250992
2019-01-23,Bandit Meta-Strategy (EXP3),-0.09636767726061368
2019-01-24,Bandit Meta-Strategy (EXP3),-0.0990819039828978
2019-01-25,Bandit Meta-Strategy (EXP3),-0.09532064225490036
2019-01-28,Bandit Meta-Strategy (EXP3),-0.10588166163516473
2019-01-29,Bandit Meta-Strategy (EXP3),-0.10481713952037976
2019-01-30,Bandit Meta-Strategy (EXP3),-0.09100998534341927
2019-01-31,Bandit Meta-Strategy (EXP3),-0.09133410933910548
2019-02-01,Bandit Meta-Strategy (EXP3),-0.0852821735894218
2019-02-04,Bandit Meta-Strategy (EXP3),-0.0790952834006785
2019-02-05,Bandit Meta-Strategy (EXP3),-0.07540354583084218
2019-02-06,Bandit Meta-Strategy (EXP3),-0.0767953119356617
2019-02-07,Bandit Meta-Strategy (EXP3),-0.08623432323731527
2019-02-08,Bandit Meta-Strategy (EXP3),-0.08605579231883038
2019-02-11,Bandit Meta-Strategy (EXP3),-0.0875014871604547
2019-02-12,Bandit Meta-Strategy (EXP3),-0.07733384964975758
2019-02-13,Bandit Meta-Strategy (EXP3),-0.07535152729340017
2019-02-14,Bandit Meta-Strategy (EXP3),-0.08780781335854843
2019-02-15,Bandit Meta-Strategy (EXP3),-0.0798813560959184
2019-02-19,Bandit Meta-Strategy (EXP3),-0.07761185414760523
2019-02-20,Bandit Meta-Strategy (EXP3),-0.07790112233148822
2019-02-21,Bandit Meta-Strategy (EXP3),-0.080072816310093
2019-02-22,Bandit Meta-Strategy (EXP3),-0.07486137817234778
2019-02-25,Bandit Meta-Strategy (EXP3),-0.07469737029015154
2019-02-26,Bandit Meta-Strategy (EXP3),-0.0762532064805451
2019-02-27,Bandit Meta-Strategy (EXP3),-0.07528005753888341
2019-02-28,Bandit Meta-Strategy (EXP3),-0.07544237322866106
2019-03-01,Bandit Meta-Strategy (EXP3),-0.0742855261331935
2019-03-04,Bandit Meta-Strategy (EXP3),-0.07368693470973053
2019-03-05,Bandit Meta-Strategy (EXP3),-0.07345177271334899
2019-03-06,Bandit Meta-Strategy (EXP3),-0.07795939092014621
2019-03-07,Bandit Meta-Strategy (EXP3),-0.08538523710283648
2019-03-08,Bandit Meta-Strategy (EXP3),-0.08762470029267104
2019-03-11,Bandit Meta-Strategy (EXP3),-0.06971679664780776
2019-03-12,Bandit Meta-Strategy (EXP3),-0.06878441425619677
2019-03-13,Bandit Meta-Strategy (EXP3),-0.06169699606514097
2019-03-14,Bandit Meta-Strategy (EXP3),-0.06573334505619415
2019-03-15,Bandit Meta-Strategy (EXP3),-0.06369305809422217
2019-03-18,Bandit Meta-Strategy (EXP3),-0.06334745524729168
2019-03-19,Bandit Meta-Strategy (EXP3),-0.06129623528851818
2019-03-20,Bandit Meta-Strategy (EXP3),-0.06125744526689222
2019-03-21,Bandit Meta-Strategy (EXP3),-0.05497327598505017
2019-03-22,Bandit Meta-Strategy (EXP3),-0.06936201068747849
2019-03-25,Bandit Meta-Strategy (EXP3),-0.07095852189193849
2019-03-26,Bandit Meta-Strategy (EXP3),-0.06213068263415889
2019-03-27,Bandit Meta-Strategy (EXP3),-0.0656475883407654
2019-03-28,Bandit Meta-Strategy (EXP3),-0.06181061488520574
2019-03-29,Bandit Meta-Strategy (EXP3),-0.062451408949126964
2019-04-01,Bandit Meta-Strategy (EXP3),-0.05414146473086366
2019-04-02,Bandit Meta-Strategy (EXP3),-0.053880152248660586
2019-04-03,Bandit Meta-Strategy (EXP3),-0.05275153204987891
2019-04-04,Bandit Meta-Strategy (EXP3),-0.05416755527098557
2019-04-05,Bandit Meta-Strategy (EXP3),-0.05044444278036183
2019-04-08,Bandit Meta-Strategy (EXP3),-0.0468383279767457
2019-04-09,Bandit Meta-Strategy (EXP3),-0.04971672943725643
2019-04-10,Bandit Meta-Strategy (EXP3),-0.04693654285164862
2019-04-11,Bandit Meta-Strategy (EXP3),-0.047663935378697286
2019-04-12,Bandit Meta-Strategy (EXP3),-0.039567599546905086
2019-04-15,Bandit Meta-Strategy (EXP3),-0.03644127051462616
2019-04-16,Bandit Meta-Strategy (EXP3),-0.03607111417370274
2019-04-17,Bandit Meta-Strategy (EXP3),-0.036537716296179294
2019-04-18,Bandit Meta-Strategy (EXP3),-0.03771029161766143
2019-04-22,Bandit Meta-Strategy (EXP3),-0.03762273562051639
2019-04-23,Bandit Meta-Strategy (EXP3),-0.035472215932610164
2019-04-24,Bandit Meta-Strategy (EXP3),-0.03470980245204395
2019-04-25,Bandit Meta-Strategy (EXP3),-0.03359612376347417
2019-04-26,Bandit Meta-Strategy (EXP3),-0.030131806661848802
2019-04-29,Bandit Meta-Strategy (EXP3),-0.030800516741626403
2019-04-30,Bandit Meta-Strategy (EXP3),-0.031379505458545585
2019-05-01,Bandit Meta-Strategy (EXP3),-0.038597171388932115
2019-05-02,Bandit Meta-Strategy (EXP3),-0.03810121425474842
2019-05-03,Bandit Meta-Strategy (EXP3),-0.028902526286572444
2019-05-06,Bandit Meta-Strategy (EXP3),-0.031669341168479345
2019-05-07,Bandit Meta-Strategy (EXP3),-0.04737661137718281
2019-05-08,Bandit Meta-Strategy (EXP3),-0.04871216446707733
2019-05-09,Bandit Meta-Strategy (EXP3),-0.055493465249707226
2019-05-10,Bandit Meta-Strategy (EXP3),-0.05023640474418007
2019-05-13,Bandit Meta-Strategy (EXP3),-0.0707600267193058
2019-05-14,Bandit Meta-Strategy (EXP3),-0.06447400098061776
2019-05-15,Bandit Meta-Strategy (EXP3),-0.05753568127041072
2019-05-16,Bandit Meta-Strategy (EXP3),-0.04922141332743191
2019-05-17,Bandit Meta-Strategy (EXP3),-0.05814366766662138
2019-05-20,Bandit Meta-Strategy (EXP3),-0.06364250024089364
2019-05-21,Bandit Meta-Strategy (EXP3),-0.06212786133004036
2019-05-22,Bandit Meta-Strategy (EXP3),-0.06156762257402017
2019-05-23,Bandit Meta-Strategy (EXP3),-0.06832282270178834
2019-05-24,Bandit Meta-Strategy (EXP3),-0.06816211452056903
2019-05-28,Bandit Meta-Strategy (EXP3),-0.07419524945941953
2019-05-29,Bandit Meta-Strategy (EXP3),-0.08243853978239553
2019-05-30,Bandit Meta-Strategy (EXP3),-0.07967856806573352
2019-05-31,Bandit Meta-Strategy (EXP3),-0.08002158960356262
2019-06-03,Bandit Meta-Strategy (EXP3),-0.08808637614458506
2019-06-04,Bandit Meta-Strategy (EXP3),-0.06454841253005376
2019-06-05,Bandit Meta-Strategy (EXP3),-0.055318217104035304
2019-06-06,Bandit Meta-Strategy (EXP3),-0.04335201507953718
2019-06-07,Bandit Meta-Strategy (EXP3),-0.03531988822068673
2019-06-10,Bandit Meta-Strategy (EXP3),-0.026582143501187237
2019-06-11,Bandit Meta-Strategy (EXP3),-0.021515623116075834
2019-06-12,Bandit Meta-Strategy (EXP3),-0.026610547822884408
2019-06-13,Bandit Meta-Strategy (EXP3),-0.021125879504585117
2019-06-14,Bandit Meta-Strategy (EXP3),-0.0193740488901876
2019-06-17,Bandit Meta-Strategy (EXP3),-0.010886214093002927
2019-06-18,Bandit Meta-Strategy (EXP3),-0.0068519418205868505
2019-06-19,Bandit Meta-Strategy (EXP3),-0.003418574720307249
2019-06-20,Bandit Meta-Strategy (EXP3),0.0
2019-06-21,Bandit Meta-Strategy (EXP3),0.0
2019-06-24,Bandit Meta-Strategy (EXP3),0.0
2019-06-25,Bandit Meta-Strategy (EXP3),-0.008134165694999406
2019-06-26,Bandit Meta-Strategy (EXP3),-0.010721171607340197
2019-06-27,Bandit Meta-Strategy (EXP3),-0.0063619939465877845
2019-06-28,Bandit Meta-Strategy (EXP3),-0.002566560219880072
2019-07-01,Bandit Meta-Strategy (EXP3),0.0
2019-07-02,Bandit Meta-Strategy (EXP3),0.0
2019-07-03,Bandit Meta-Strategy (EXP3),0.0
2019-07-05,Bandit Meta-Strategy (EXP3),-0.004854861980252662
2019-07-08,Bandit Meta-Strategy (EXP3),-0.007746087575140685
2019-07-09,Bandit Meta-Strategy (EXP3),-0.006639386290116552
2019-07-10,Bandit Meta-Strategy (EXP3),0.0
2019-07-11,Bandit Meta-Strategy (EXP3),0.0
2019-07-12,Bandit Meta-Strategy (EXP3),0.0
2019-07-15,Bandit Meta-Strategy (EXP3),0.0
2019-07-16,Bandit Meta-Strategy (EXP3),-0.0031536924344027924
2019-07-17,Bandit Meta-Strategy (EXP3),-0.00371903736648054
2019-07-18,Bandit Meta-Strategy (EXP3),-0.007583052234098169
2019-07-19,Bandit Meta-Strategy (EXP3),-0.013071562346512482
2019-07-22,Bandit Meta-Strategy (EXP3),-0.012276825878974792
2019-07-23,Bandit Meta-Strategy (EXP3),-0.0018182468520583119
2019-07-24,Bandit Meta-Strategy (EXP3),0.0
2019-07-25,Bandit Meta-Strategy (EXP3),-0.021960997246684263
2019-07-26,Bandit Meta-Strategy (EXP3),-0.013589957588278532
2019-07-29,Bandit Meta-Strategy (EXP3),-0.011741425867704934
2019-07-30,Bandit Meta-Strategy (EXP3),-0.008233260833388736
2019-07-31,Bandit Meta-Strategy (EXP3),-0.008741560334693062
2019-08-01,Bandit Meta-Strategy (EXP3),-0.01927769728520268
2019-08-02,Bandit Meta-Strategy (EXP3),-0.023835817038727804
2019-08-05,Bandit Meta-Strategy (EXP3),-0.05344585591377858
2019-08-06,Bandit Meta-Strategy (EXP3),-0.041221686112691974
2019-08-07,Bandit Meta-Strategy (EXP3),-0.04083191901259664
2019-08-08,Bandit Meta-Strategy (EXP3),-0.023493728105814578
2019-08-09,Bandit Meta-Strategy (EXP3),-0.031959369279377176
2019-08-12,Bandit Meta-Strategy (EXP3),-0.044787559041936216
2019-08-13,Bandit Meta-Strategy (EXP3),-0.031949882933005214
2019-08-14,Bandit Meta-Strategy (EXP3),-0.059283940990350704
2019-08-15,Bandit Meta-Strategy (EXP3),-0.048756772010860504
2019-08-16,Bandit Meta-Strategy (EXP3),-0.03591269499840344
2019-08-19,Bandit Meta-Strategy (EXP3),-0.023122700369922384
2019-08-20,Bandit Meta-Strategy (EXP3),-0.032453798462714546
2019-08-21,Bandit Meta-Strategy (EXP3),-0.027501368696389396
2019-08-22,Bandit Meta-Strategy (EXP3),-0.027019502755053035
2019-08-23,Bandit Meta-Strategy (EXP3),-0.05104515671777679
2019-08-26,Bandit Meta-Strategy (EXP3),-0.03912996106030506
2019-08-27,Bandit Meta-Strategy (EXP3),-0.03931294385802986
2019-08-28,Bandit Meta-Strategy (EXP3),-0.03385026382616715
2019-08-29,Bandit Meta-Strategy (EXP3),-0.023048805507957883
2019-08-30,Bandit Meta-Strategy (EXP3),-0.02357683216799455
2019-09-03,Bandit Meta-Strategy (EXP3),-0.02292310887249115
2019-09-04,Bandit Meta-Strategy (EXP3),-0.014346281105783669
2019-09-05,Bandit Meta-Strategy (EXP3),-0.009910286085167622
2019-09-06,Bandit Meta-Strategy (EXP3),-0.012132973668553005
2019-09-09,Bandit Meta-Strategy (EXP3),-0.011047165914921846
2019-09-10,Bandit Meta-Strategy (EXP3),-0.012326767665214204
2019-09-11,Bandit Meta-Strategy (EXP3),-0.005549201077486349
2019-09-12,Bandit Meta-Strategy (EXP3),-0.0011629598459487896
2019-09-13,Bandit Meta-Strategy (EXP3),-0.003202201547553065
2019-09-16,Bandit Meta-Strategy (EXP3),-0.012433905601991153
2019-09-17,Bandit Meta-Strategy (EXP3),-0.007817797094689135
2019-09-18,Bandit Meta-Strategy (EXP3),-0.006871111585249785
2019-09-19,Bandit Meta-Strategy (EXP3),-0.006065371334327635
2019-09-20,Bandit Meta-Strategy (EXP3),-0.010942154146337807
2019-09-23,Bandit Meta-Strategy (EXP3),-0.009727266695557187
2019-09-24,Bandit Meta-Strategy (EXP3),-0.015877266407981122
2019-09-25,Bandit Meta-Strategy (EXP3),-0.01296387543774845
2019-09-26,Bandit Meta-Strategy (EXP3),-0.012901281432029931
2019-09-27,Bandit Meta-Strategy (EXP3),-0.014228765404291962
2019-09-30,Bandit Meta-Strategy (EXP3),-0.014800858619495866
2019-10-01,Bandit Meta-Strategy (EXP3),-0.01759439641338568
2019-10-02,Bandit Meta-Strategy (EXP3),-0.03224293657806627
2019-10-03,Bandit Meta-Strategy (EXP3),-0.025696849860740643
2019-10-04,Bandit Meta-Strategy (EXP3),-0.012112291682246801
2019-10-07,Bandit Meta-Strategy (EXP3),-0.015156051349573273
2019-10-08,Bandit Meta-Strategy (EXP3),-0.02634372303588806
2019-10-09,Bandit Meta-Strategy (EXP3),-0.019503763391338576
2019-10-10,Bandit Meta-Strategy (EXP3),-0.013671908577429545
2019-10-11,Bandit Meta-Strategy (EXP3),-0.006167781884988774
2019-10-14,Bandit Meta-Strategy (EXP3),-0.005093830809359606
2019-10-15,Bandit Meta-Strategy (EXP3),0.0
2019-10-16,Bandit Meta-Strategy (EXP3),0.0
2019-10-17,Bandit Meta-Strategy (EXP3),0.0
2019-10-18,Bandit Meta-Strategy (EXP3),-0.013655084378663265
2019-10-21,Bandit Meta-Strategy (EXP3),-0.008012974062461542
2019-10-22,Bandit Meta-Strategy (EXP3),-0.014244905242509357
2019-10-23,Bandit Meta-Strategy (EXP3),-0.008832559897738176
2019-10-24,Bandit Meta-Strategy (EXP3),0.0
2019-10-25,Bandit Meta-Strategy (EXP3),0.0
2019-10-28,Bandit Meta-Strategy (EXP3),0.0
2019-10-29,Bandit Meta-Strategy (EXP3),-0.006453013419485032
2019-10-30,Bandit Meta-Strategy (EXP3),0.0
2019-10-31,Bandit Meta-Strategy (EXP3),-0.001340511706716305
2019-11-01,Bandit Meta-Strategy (EXP3),0.0
2019-11-04,Bandit Meta-Strategy (EXP3),-0.0006465364034497431
2019-11-05,Bandit Meta-Strategy (EXP3),-0.0055397462830990285
2019-11-06,Bandit Meta-Strategy (EXP3),-0.0028763249147853646
2019-11-07,Bandit Meta-Strategy (EXP3),0.0
2019-11-08,Bandit Meta-Strategy (EXP3),0.0
2019-11-11,Bandit Meta-Strategy (EXP3),-0.0011770333795190814
2019-11-12,Bandit Meta-Strategy (EXP3),0.0
2019-11-13,Bandit Meta-Strategy (EXP3),0.0
2019-11-14,Bandit Meta-Strategy (EXP3),0.0
2019-11-15,Bandit Meta-Strategy (EXP3),0.0
2019-11-18,Bandit Meta-Strategy (EXP3),0.0
2019-11-19,Bandit Meta-Strategy (EXP3),0.0
2019-11-20,Bandit Meta-Strategy (EXP3),-0.003150937966983033
2019-11-21,Bandit Meta-Strategy (EXP3),-0.0016023293511263199
2019-11-22,Bandit Meta-Strategy (EXP3),-0.0034717816264897587
2019-11-25,Bandit Meta-Strategy (EXP3),0.0
2019-11-26,Bandit Meta-Strategy (EXP3),0.0
2019-11-27,Bandit Meta-Strategy (EXP3),0.0
2019-11-29,Bandit Meta-Strategy (EXP3),-0.003232632038772149
2019-12-02,Bandit Meta-Strategy (EXP3),-0.007883460317296927
2019-12-03,Bandit Meta-Strategy (EXP3),-0.012173861862432255
2019-12-04,Bandit Meta-Strategy (EXP3),-0.008674456978612521
2019-12-05,Bandit Meta-Strategy (EXP3),-0.009474897056725143
2019-12-06,Bandit Meta-Strategy (EXP3),-0.0018909287037017794
2019-12-09,Bandit Meta-Strategy (EXP3),-0.003417203878048596
2019-12-10,Bandit Meta-Strategy (EXP3),-0.005663837950907502
2019-12-11,Bandit Meta-Strategy (EXP3),-0.0011458210903381514
2019-12-12,Bandit Meta-Strategy (EXP3),0.0
2019-12-13,Bandit Meta-Strategy (EXP3),0.0
2019-12-16,Bandit Meta-Strategy (EXP3),0.0
2019-12-17,Bandit Meta-Strategy (EXP3),0.0
2019-12-18,Bandit Meta-Strategy (EXP3),0.0
2019-12-19,Bandit Meta-Strategy (EXP3),0.0
2019-12-20,Bandit Meta-Strategy (EXP3),0.0
2019-12-23,Bandit Meta-Strategy (EXP3),-0.0003033211681109926
2019-12-24,Bandit Meta-Strategy (EXP3),0.0
2019-12-26,Bandit Meta-Strategy (EXP3),0.0
2019-12-27,Bandit Meta-Strategy (EXP3),-0.00011375190540297906
2019-12-30,Bandit Meta-Strategy (EXP3),-0.011331228004157416
2019-12-31,Bandit Meta-Strategy (EXP3),-0.008098967484892356
2020-01-02,Bandit Meta-Strategy (EXP3),0.0
2020-01-03,Bandit Meta-Strategy (EXP3),-0.006328171718574087
2020-01-06,Bandit Meta-Strategy (EXP3),-0.00020089362151029337
2020-01-07,Bandit Meta-Strategy (EXP3),-0.0007110970143267413
2020-01-08,Bandit Meta-Strategy (EXP3),0.0
2020-01-09,Bandit Meta-Strategy (EXP3),0.0
2020-01-10,Bandit Meta-Strategy (EXP3),-0.0019782479929522125
2020-01-13,Bandit Meta-Strategy (EXP3),0.0
2020-01-14,Bandit Meta-Strategy (EXP3),0.0
2020-01-15,Bandit Meta-Strategy (EXP3),0.0
2020-01-16,Bandit Meta-Strategy (EXP3),0.0
2020-01-17,Bandit Meta-Strategy (EXP3),0.0
2020-01-21,Bandit Meta-Strategy (EXP3),0.0
2020-01-22,Bandit Meta-Strategy (EXP3),0.0
2020-01-23,Bandit Meta-Strategy (EXP3),0.0
2020-01-24,Bandit Meta-Strategy (EXP3),-0.007367745381289835
2020-01-27,Bandit Meta-Strategy (EXP3),-0.018863850870117996
2020-01-28,Bandit Meta-Strategy (EXP3),-0.012266506795008151
2020-01-29,Bandit Meta-Strategy (EXP3),-0.010872267630270632
2020-01-30,Bandit Meta-Strategy (EXP3),0.0
2020-01-31,Bandit Meta-Strategy (EXP3),-0.0006985901905441887
2020-02-03,Bandit Meta-Strategy (EXP3),0.0
2020-02-04,Bandit Meta-Strategy (EXP3),0.0
2020-02-05,Bandit Meta-Strategy (EXP3),-0.02609348699505604
2020-02-06,Bandit Meta-Strategy (EXP3),-0.019099558951830933
2020-02-07,Bandit Meta-Strategy (EXP3),-0.024875937683215565
2020-02-10,Bandit Meta-Strategy (EXP3),-0.011714783169880465
2020-02-11,Bandit Meta-Strategy (EXP3),-0.009984685503151786
2020-02-12,Bandit Meta-Strategy (EXP3),-0.004472237567248105
2020-02-13,Bandit Meta-Strategy (EXP3),0.0
2020-02-14,Bandit Meta-Strategy (EXP3),0.0
2020-02-18,Bandit Meta-Strategy (EXP3),0.0
2020-02-19,Bandit Meta-Strategy (EXP3),0.0
2020-02-20,Bandit Meta-Strategy (EXP3),-0.009498617307215964
2020-02-21,Bandit Meta-Strategy (EXP3),-0.021777704021433912
2020-02-24,Bandit Meta-Strategy (EXP3),-0.0691066435143071
2020-02-25,Bandit Meta-Strategy (EXP3),-0.09833024151907764
2020-02-26,Bandit Meta-Strategy (EXP3),-0.10017979071898866
2020-02-27,Bandit Meta-Strategy (EXP3),-0.15593378267435354
2020-02-28,Bandit Meta-Strategy (EXP3),-0.15657912132502522
2020-03-02,Bandit Meta-Strategy (EXP3),-0.11310273358506534
2020-03-03,Bandit Meta-Strategy (EXP3),-0.1361329840793078
2020-03-04,Bandit Meta-Strategy (EXP3),-0.09968050065405248
2020-03-05,Bandit Meta-Strategy (EXP3),-0.1263200502624921
2020-03-06,Bandit Meta-Strategy (EXP3),-0.13861172478589806
2020-03-09,Bandit Meta-Strategy (EXP3),-0.1949418126748542
2020-03-10,Bandit Meta-Strategy (EXP3),-0.156492708695653
2020-03-11,Bandit Meta-Strategy (EXP3),-0.198349623023125
2020-03-12,Bandit Meta-Strategy (EXP3),-0.27136910359040173
2020-03-13,Bandit Meta-Strategy (EXP3),-0.20763489019755052
2020-03-16,Bandit Meta-Strategy (EXP3),-0.2869339515913658
2020-03-17,Bandit Meta-Strategy (EXP3),-0.24335945463770361
2020-03-18,Bandit Meta-Strategy (EXP3),-0.26731454806592897
2020-03-19,Bandit Meta-Strategy (EXP3),-0.2728392593261086
2020-03-20,Bandit Meta-Strategy (EXP3),-0.31051230821030473
2020-03-23,Bandit Meta-Strategy (EXP3),-0.3222693112488115
2020-03-24,Bandit Meta-Strategy (EXP3),-0.2684009891498203
2020-03-25,Bandit Meta-Strategy (EXP3),-0.2671571181771868
2020-03-26,Bandit Meta-Strategy (EXP3),-0.23224170454815415
2020-03-27,Bandit Meta-Strategy (EXP3),-0.2543796660698505
2020-03-30,Bandit Meta-Strategy (EXP3),-0.2225571872150338
2020-03-31,Bandit Meta-Strategy (EXP3),-0.22297715850875655
2020-04-01,Bandit Meta-Strategy (EXP3),-0.24755157740928418
2020-04-02,Bandit Meta-Strategy (EXP3),-0.23032595073566556
2020-04-03,Bandit Meta-Strategy (EXP3),-0.22959474337228264
2020-04-06,Bandit Meta-Strategy (EXP3),-0.18623152137197965
2020-04-07,Bandit Meta-Strategy (EXP3),-0.1909991974055889
2020-04-08,Bandit Meta-Strategy (EXP3),-0.1763328320365552
2020-04-09,Bandit Meta-Strategy (EXP3),-0.16576634558886075
2020-04-13,Bandit Meta-Strategy (EXP3),-0.14651839364508534
2020-04-14,Bandit Meta-Strategy (EXP3),-0.11135531467022926
2020-04-15,Bandit Meta-Strategy (EXP3),-0.11388786433138795
2020-04-16,Bandit Meta-Strategy (EXP3),-0.10406759963825876
2020-04-17,Bandit Meta-Strategy (EXP3),-0.0911424482195474
2020-04-20,Bandit Meta-Strategy (EXP3),-0.10406009830049573
2020-04-21,Bandit Meta-Strategy (EXP3),-0.12741366643735774
2020-04-22,Bandit Meta-Strategy (EXP3),-0.10913176773129656
2020-04-23,Bandit Meta-Strategy (EXP3),-0.11379381232631958
2020-04-24,Bandit Meta-Strategy (EXP3),-0.10497211793106875
2020-04-27,Bandit Meta-Strategy (EXP3),-0.08567942177539802
2020-04-28,Bandit Meta-Strategy (EXP3),-0.09895667393242953
2020-04-29,Bandit Meta-Strategy (EXP3),-0.08568456384320183
2020-04-30,Bandit Meta-Strategy (EXP3),-0.08588138975442013
2020-05-01,Bandit Meta-Strategy (EXP3),-0.11095664439158609
2020-05-04,Bandit Meta-Strategy (EXP3),-0.09889042501888808
2020-05-05,Bandit Meta-Strategy (EXP3),-0.09404041549757021
2020-05-06,Bandit Meta-Strategy (EXP3),-0.09547156126421362
2020-05-07,Bandit Meta-Strategy (EXP3),-0.09481959139479118
2020-05-08,Bandit Meta-Strategy (EXP3),-0.07752286506588678
2020-05-11,Bandit Meta-Strategy (EXP3),-0.0764661936453
2020-05-12,Bandit Meta-Strategy (EXP3),-0.0908930409805272
2020-05-13,Bandit Meta-Strategy (EXP3),-0.10052241923166921
2020-05-14,Bandit Meta-Strategy (EXP3),-0.09065916447255098
2020-05-15,Bandit Meta-Strategy (EXP3),-0.08120186034929372
2020-05-18,Bandit Meta-Strategy (EXP3),-0.06027306923577587
2020-05-19,Bandit Meta-Strategy (EXP3),-0.07147730667985176
2020-05-20,Bandit Meta-Strategy (EXP3),-0.05929028401495002
2020-05-21,Bandit Meta-Strategy (EXP3),-0.06774475045445486
2020-05-22,Bandit Meta-Strategy (EXP3),-0.07089195591060667
2020-05-26,Bandit Meta-Strategy (EXP3),-0.06700148463002464
2020-05-27,Bandit Meta-Strategy (EXP3),-0.06311740559397755
2020-05-28,Bandit Meta-Strategy (EXP3),-0.06622046384922292
2020-05-29,Bandit Meta-Strategy (EXP3),-0.06694021734027734
2020-06-01,Bandit Meta-Strategy (EXP3),-0.05714506258942415
2020-06-02,Bandit Meta-Strategy (EXP3),-0.05187511559847234
2020-06-03,Bandit Meta-Strategy (EXP3),-0.03070203311426034
2020-06-04,Bandit Meta-Strategy (EXP3),-0.028350283208927844
2020-06-05,Bandit Meta-Strategy (EXP3),0.0
2020-06-08,Bandit Meta-Strategy (EXP3),0.0
2020-06-09,Bandit Meta-Strategy (EXP3),-0.009224252350170574
2020-06-10,Bandit Meta-Strategy (EXP3),-0.02420498158807291
2020-06-11,Bandit Meta-Strategy (EXP3),-0.0881894687847238
2020-06-12,Bandit Meta-Strategy (EXP3),-0.0780765904782526
2020-06-15,Bandit Meta-Strategy (EXP3),-0.0676742973727757
2020-06-16,Bandit Meta-Strategy (EXP3),-0.05405231522236308
2020-06-17,Bandit Meta-Strategy (EXP3),-0.06407390790191554
2020-06-18,Bandit Meta-Strategy (EXP3),-0.06263420221505535
2020-06-19,Bandit Meta-Strategy (EXP3),-0.06864748884433139
2020-06-22,Bandit Meta-Strategy (EXP3),-0.06602556969752178
2020-06-23,Bandit Meta-Strategy (EXP3),-0.061384857536866094
2020-06-24,Bandit Meta-Strategy (EXP3),-0.08945082664974717
2020-06-25,Bandit Meta-Strategy (EXP3),-0.07626330286332636
2020-06-26,Bandit Meta-Strategy (EXP3),-0.10775517559905409
2020-06-29,Bandit Meta-Strategy (EXP3),-0.09506456117394274
2020-06-30,Bandit Meta-Strategy (EXP3),-0.09588585544542148
2020-07-01,Bandit Meta-Strategy (EXP3),-0.0830853826542061
2020-07-02,Bandit Meta-Strategy (EXP3),-0.07613366841197088
2020-07-06,Bandit Meta-Strategy (EXP3),-0.054776426092174285
2020-07-07,Bandit Meta-Strategy (EXP3),-0.05033131093663102
2020-07-08,Bandit Meta-Strategy (EXP3),-0.048204197158586204
2020-07-09,Bandit Meta-Strategy (EXP3),-0.0414918287049924
2020-07-10,Bandit Meta-Strategy (EXP3),-0.020988267110689764
2020-07-13,Bandit Meta-Strategy (EXP3),-0.024716832966226947
2020-07-14,Bandit Meta-Strategy (EXP3),-0.014132931463760616
2020-07-15,Bandit Meta-Strategy (EXP3),-0.012171574302025898
2020-07-16,Bandit Meta-Strategy (EXP3),-0.015714131519465307
2020-07-17,Bandit Meta-Strategy (EXP3),-0.01885207548859738
2020-07-20,Bandit Meta-Strategy (EXP3),0.0
2020-07-21,Bandit Meta-Strategy (EXP3),-0.0014611562846327964
2020-07-22,Bandit Meta-Strategy (EXP3),0.0
2020-07-23,Bandit Meta-Strategy (EXP3),-0.014746371750604736
2020-07-24,Bandit Meta-Strategy (EXP3),-0.023037868831277064
2020-07-27,Bandit Meta-Strategy (EXP3),-0.015217196960272253
2020-07-28,Bandit Meta-Strategy (EXP3),-0.01616039786156912
2020-07-29,Bandit Meta-Strategy (EXP3),-0.011542141610682385
2020-07-30,Bandit Meta-Strategy (EXP3),-0.015828859799697427
2020-07-31,Bandit Meta-Strategy (EXP3),-0.012724386458596084
2020-08-03,Bandit Meta-Strategy (EXP3),-0.010300324942310259
2020-08-04,Bandit Meta-Strategy (EXP3),-0.0026000217999526338
2020-08-05,Bandit Meta-Strategy (EXP3),0.0
2020-08-06,Bandit Meta-Strategy (EXP3),0.0
2020-08-07,Bandit Meta-Strategy (EXP3),-0.0024569321634649124
2020-08-10,Bandit Meta-Strategy (EXP3),-0.0021892194866248178
2020-08-11,Bandit Meta-Strategy (EXP3),-0.013747628664066092
2020-08-12,Bandit Meta-Strategy (EXP3),0.0
2020-08-13,Bandit Meta-Strategy (EXP3),-0.0006035729387702098
2020-08-14,Bandit Meta-Strategy (EXP3),0.0
2020-08-17,Bandit Meta-Strategy (EXP3),0.0
2020-08-18,Bandit Meta-Strategy (EXP3),0.0
2020-08-19,Bandit Meta-Strategy (EXP3),-0.008173555114563079
2020-08-20,Bandit Meta-Strategy (EXP3),-0.00044262510534311556
2020-08-21,Bandit Meta-Strategy (EXP3),0.0
2020-08-24,Bandit Meta-Strategy (EXP3),0.0
2020-08-25,Bandit Meta-Strategy (EXP3),-0.0006072851325742832
2020-08-26,Bandit Meta-Strategy (EXP3),0.0
2020-08-27,Bandit Meta-Strategy (EXP3),0.0
2020-08-28,Bandit Meta-Strategy (EXP3),0.0
2020-08-31,Bandit Meta-Strategy (EXP3),-0.0010125327467593091
2020-09-01,Bandit Meta-Strategy (EXP3),0.0
2020-09-02,Bandit Meta-Strategy (EXP3),-0.005587586154674479
2020-09-03,Bandit Meta-Strategy (EXP3),-0.0453222190725835
2020-09-04,Bandit Meta-Strategy (EXP3),-0.04369828983625657
2020-09-08,Bandit Meta-Strategy (EXP3),-0.09902982972437198
2020-09-09,Bandit Meta-Strategy (EXP3),-0.07566344975356008
2020-09-10,Bandit Meta-Strategy (EXP3),-0.09138306651882024
2020-09-11,Bandit Meta-Strategy (EXP3),-0.09100393612602932
2020-09-14,Bandit Meta-Strategy (EXP3),-0.06865102230131018
2020-09-15,Bandit Meta-Strategy (EXP3),-0.061019418958615824
2020-09-16,Bandit Meta-Strategy (EXP3),-0.06591026487123594
2020-09-17,Bandit Meta-Strategy (EXP3),-0.07830772797127625
2020-09-18,Bandit Meta-Strategy (EXP3),-0.0814141036271684
2020-09-21,Bandit Meta-Strategy (EXP3),-0.0833424432389633
2020-09-22,Bandit Meta-Strategy (EXP3),-0.08873389883639989
2020-09-23,Bandit Meta-Strategy (EXP3),-0.1229759643211952
2020-09-24,Bandit Meta-Strategy (EXP3),-0.1180671521371234
2020-09-25,Bandit Meta-Strategy (EXP3),-0.10048364446517843
2020-09-28,Bandit Meta-Strategy (EXP3),-0.08311106992462164
2020-09-29,Bandit Meta-Strategy (EXP3),-0.0902316437019355
2020-09-30,Bandit Meta-Strategy (EXP3),-0.09053699590036267
2020-10-01,Bandit Meta-Strategy (EXP3),-0.08137770161264432
2020-10-02,Bandit Meta-Strategy (EXP3),-0.10141596008190162
2020-10-05,Bandit Meta-Strategy (EXP3),-0.08470264094033202
2020-10-06,Bandit Meta-Strategy (EXP3),-0.09983500602518092
2020-10-07,Bandit Meta-Strategy (EXP3),-0.08533943890479738
2020-10-08,Bandit Meta-Strategy (EXP3),-0.07601124766391434
2020-10-09,Bandit Meta-Strategy (EXP3),-0.06837041421840458
2020-10-12,Bandit Meta-Strategy (EXP3),-0.05336776556842329
2020-10-13,Bandit Meta-Strategy (EXP3),-0.05529211653397063
2020-10-14,Bandit Meta-Strategy (EXP3),-0.05906128545091814
2020-10-15,Bandit Meta-Strategy (EXP3),-0.06207420231072815
2020-10-16,Bandit Meta-Strategy (EXP3),-0.06625060828933889
2020-10-19,Bandit Meta-Strategy (EXP3),-0.08202328772359792
2020-10-20,Bandit Meta-Strategy (EXP3),-0.08009170250018129
2020-10-21,Bandit Meta-Strategy (EXP3),-0.08641481525678485
2020-10-22,Bandit Meta-Strategy (EXP3),-0.0789480194357835
2020-10-23,Bandit Meta-Strategy (EXP3),-0.07842753777376096
2020-10-26,Bandit Meta-Strategy (EXP3),-0.09013859024423466
2020-10-27,Bandit Meta-Strategy (EXP3),-0.0892404473727148
2020-10-28,Bandit Meta-Strategy (EXP3),-0.1223700665073228
2020-10-29,Bandit Meta-Strategy (EXP3),-0.10921979914694593
2020-10-30,Bandit Meta-Strategy (EXP3),-0.10966149487668905
2020-11-02,Bandit Meta-Strategy (EXP3),-0.09443002103050649
2020-11-03,Bandit Meta-Strategy (EXP3),-0.0807065346986997
2020-11-04,Bandit Meta-Strategy (EXP3),-0.07019427622109714
2020-11-05,Bandit Meta-Strategy (EXP3),-0.05391603810913566
2020-11-06,Bandit Meta-Strategy (EXP3),-0.05422127665780369
2020-11-09,Bandit Meta-Strategy (EXP3),-0.03982870123068305
2020-11-10,Bandit Meta-Strategy (EXP3),-0.04258802381569005
2020-11-11,Bandit Meta-Strategy (EXP3),-0.03433793010297171
2020-11-12,Bandit Meta-Strategy (EXP3),-0.043860653604597115
2020-11-13,Bandit Meta-Strategy (EXP3),-0.036097787508489965
2020-11-16,Bandit Meta-Strategy (EXP3),-0.02442832262476997
2020-11-17,Bandit Meta-Strategy (EXP3),-0.01722910485664999
2020-11-18,Bandit Meta-Strategy (EXP3),-0.01222634789228722
2020-11-19,Bandit Meta-Strategy (EXP3),-0.004207989046441333
2020-11-20,Bandit Meta-Strategy (EXP3),-0.014359155732390586
2020-11-23,Bandit Meta-Strategy (EXP3),0.0
2020-11-24,Bandit Meta-Strategy (EXP3),0.0
2020-11-25,Bandit Meta-Strategy (EXP3),0.0
2020-11-27,Bandit Meta-Strategy (EXP3),0.0
2020-11-30,Bandit Meta-Strategy (EXP3),-0.0007540451434928765
2020-12-01,Bandit Meta-Strategy (EXP3),0.0
2020-12-02,Bandit Meta-Strategy (EXP3),0.0
2020-12-03,Bandit Meta-Strategy (EXP3),-0.0019325853232043046
2020-12-04,Bandit Meta-Strategy (EXP3),0.0
2020-12-07,Bandit Meta-Strategy (EXP3),0.0
2020-12-08,Bandit Meta-Strategy (EXP3),0.0
2020-12-09,Bandit Meta-Strategy (EXP3),-0.013865354141150794
2020-12-10,Bandit Meta-Strategy (EXP3),-0.010855151142246906
2020-12-11,Bandit Meta-Strategy (EXP3),-0.00995189075872044
2020-12-14,Bandit Meta-Strategy (EXP3),-0.013574372871932151
2020-12-15,Bandit Meta-Strategy (EXP3),-0.007429006492221518
2020-12-16,Bandit Meta-Strategy (EXP3),-0.007830891677166057
2020-12-17,Bandit Meta-Strategy (EXP3),0.0
2020-12-18,Bandit Meta-Strategy (EXP3),0.0
2020-12-21,Bandit Meta-Strategy (EXP3),-0.008483441423394966
2020-12-22,Bandit Meta-Strategy (EXP3),-0.01514013966297832
2020-12-23,Bandit Meta-Strategy (EXP3),-0.015391267224191766
2020-12-24,Bandit Meta-Strategy (EXP3),-0.011551691990147666
2020-12-28,Bandit Meta-Strategy (EXP3),-0.0010606126181771979
2020-12-29,Bandit Meta-Strategy (EXP3),-0.0005143509270522327
2020-12-30,Bandit Meta-Strategy (EXP3),0.0
2020-12-31,Bandit Meta-Strategy (EXP3),-0.0006650368508417729
2021-01-04,Bandit Meta-Strategy (EXP3),-0.009111932190162928
2021-01-05,Bandit Meta-Strategy (EXP3),-0.003320940739459019
2021-01-06,Bandit Meta-Strategy (EXP3),-0.006018513529209671
2021-01-07,Bandit Meta-Strategy (EXP3),0.0
2021-01-08,Bandit Meta-Strategy (EXP3),0.0
2021-01-11,Bandit Meta-Strategy (EXP3),-0.007325810399051139
2021-01-12,Bandit Meta-Strategy (EXP3),-0.004477514101827871
2021-01-13,Bandit Meta-Strategy (EXP3),-0.003660365187226068
2021-01-14,Bandit Meta-Strategy (EXP3),-0.009984095936906866
2021-01-15,Bandit Meta-Strategy (EXP3),-0.016318039330105834
2021-01-19,Bandit Meta-Strategy (EXP3),-0.012974489993400408
2021-01-20,Bandit Meta-Strategy (EXP3),-5.371392490213452e-05
2021-01-21,Bandit Meta-Strategy (EXP3),0.0
2021-01-22,Bandit Meta-Strategy (EXP3),0.0
2021-01-25,Bandit Meta-Strategy (EXP3),0.0
2021-01-26,Bandit Meta-Strategy (EXP3),0.0
2021-01-27,Bandit Meta-Strategy (EXP3),-0.026331026070151423
2021-01-28,Bandit Meta-Strategy (EXP3),-0.019743875465678414
2021-01-29,Bandit Meta-Strategy (EXP3),-0.020389393553929255
2021-02-01,Bandit Meta-Strategy (EXP3),-0.008235568774923364
2021-02-02,Bandit Meta-Strategy (EXP3),0.0
2021-02-03,Bandit Meta-Strategy (EXP3),-0.0007881800817571815
2021-02-04,Bandit Meta-Strategy (EXP3),0.0
2021-02-05,Bandit Meta-Strategy (EXP3),0.0
2021-02-08,Bandit Meta-Strategy (EXP3),0.0
2021-02-09,Bandit Meta-Strategy (EXP3),-0.00229141737763578
2021-02-10,Bandit Meta-Strategy (EXP3),-0.004239224074271043
2021-02-11,Bandit Meta-Strategy (EXP3),-0.0022624967832900683
2021-02-12,Bandit Meta-Strategy (EXP3),-0.0011553025784283848
2021-02-16,Bandit Meta-Strategy (EXP3),-0.00032230040154533
2021-02-17,Bandit Meta-Strategy (EXP3),0.0
2021-02-18,Bandit Meta-Strategy (EXP3),-0.00939995143748292
2021-02-19,Bandit Meta-Strategy (EXP3),-0.017545344012711194
2021-02-22,Bandit Meta-Strategy (EXP3),-0.023191006817631483
2021-02-23,Bandit Meta-Strategy (EXP3),-0.02193556364880153
2021-02-24,Bandit Meta-Strategy (EXP3),-0.013919541671963163
2021-02-25,Bandit Meta-Strategy (EXP3),-0.03649396553989277
2021-02-26,Bandit Meta-Strategy (EXP3),-0.03727068047022189
2021-03-01,Bandit Meta-Strategy (EXP3),-0.009889582246349329
2021-03-02,Bandit Meta-Strategy (EXP3),-0.026386109676124918
2021-03-03,Bandit Meta-Strategy (EXP3),-0.042060176186839715
2021-03-04,Bandit Meta-Strategy (EXP3),-0.0546379945726988
2021-03-05,Bandit Meta-Strategy (EXP3),-0.04767510949489811
2021-03-08,Bandit Meta-Strategy (EXP3),-0.06603097180341955
2021-03-09,Bandit Meta-Strategy (EXP3),-0.02821730281606358
2021-03-10,Bandit Meta-Strategy (EXP3),-0.02424323075170626
2021-03-11,Bandit Meta-Strategy (EXP3),-0.008620144945366955
2021-03-12,Bandit Meta-Strategy (EXP3),-0.011184389302447886
2021-03-15,Bandit Meta-Strategy (EXP3),0.0
2021-03-16,Bandit Meta-Strategy (EXP3),-0.0001273444210957393
2021-03-17,Bandit Meta-Strategy (EXP3),0.0
2021-03-18,Bandit Meta-Strategy (EXP3),-0.025005902247056837
2021-03-19,Bandit Meta-Strategy (EXP3),-0.019655023914577293
2021-03-22,Bandit Meta-Strategy (EXP3),-0.006351001972176856
2021-03-23,Bandit Meta-Strategy (EXP3),-0.01141602745155943
2021-03-24,Bandit Meta-Strategy (EXP3),-0.025772115978455645
2021-03-25,Bandit Meta-Strategy (EXP3),-0.024512974067566615
2021-03-26,Bandit Meta-Strategy (EXP3),-0.01819974689747843
2021-03-29,Bandit Meta-Strategy (EXP3),-0.011909972529180166
2021-03-30,Bandit Meta-Strategy (EXP3),-0.013977089230405264
2021-03-31,Bandit Meta-Strategy (EXP3),-0.014759182431138733
2021-04-01,Bandit Meta-Strategy (EXP3),-0.0087275002930002
2021-04-05,Bandit Meta-Strategy (EXP3),0.0
2021-04-06,Bandit Meta-Strategy (EXP3),-0.0002868775654136599
2021-04-07,Bandit Meta-Strategy (EXP3),0.0
2021-04-08,Bandit Meta-Strategy (EXP3),0.0
2021-04-09,Bandit Meta-Strategy (EXP3),0.0
2021-04-12,Bandit Meta-Strategy (EXP3),0.0
2021-04-13,Bandit Meta-Strategy (EXP3),0.0
2021-04-14,Bandit Meta-Strategy (EXP3),-0.005490974958305373
2021-04-15,Bandit Meta-Strategy (EXP3),0.0
2021-04-16,Bandit Meta-Strategy (EXP3),0.0
2021-04-19,Bandit Meta-Strategy (EXP3),-0.003322802346806109
2021-04-20,Bandit Meta-Strategy (EXP3),-0.0035961199106293684
2021-04-21,Bandit Meta-Strategy (EXP3),-0.00015607469200033792
2021-04-22,Bandit Meta-Strategy (EXP3),-0.015117525716716554
2021-04-23,Bandit Meta-Strategy (EXP3),-0.010795542421060546
2021-04-26,Bandit Meta-Strategy (EXP3),-0.01287383140704575
2021-04-27,Bandit Meta-Strategy (EXP3),-0.014937731379089552
2021-04-28,Bandit Meta-Strategy (EXP3),-0.011861885679506651
2021-04-29,Bandit Meta-Strategy (EXP3),-0.005369895497202589
2021-04-30,Bandit Meta-Strategy (EXP3),-0.005813015501689361
2021-05-03,Bandit Meta-Strategy (EXP3),0.0
2021-05-04,Bandit Meta-Strategy (EXP3),-0.004367524902847185
2021-05-05,Bandit Meta-Strategy (EXP3),-0.007180214607801837
2021-05-06,Bandit Meta-Strategy (EXP3),-0.0026287849396446133
2021-05-07,Bandit Meta-Strategy (EXP3),0.0
2021-05-10,Bandit Meta-Strategy (EXP3),0.0
2021-05-11,Bandit Meta-Strategy (EXP3),-0.008122507516216189
2021-05-12,Bandit Meta-Strategy (EXP3),-0.022252745539430196
2021-05-13,Bandit Meta-Strategy (EXP3),-0.010986938578584095
2021-05-14,Bandit Meta-Strategy (EXP3),-0.004036790577822729
2021-05-17,Bandit Meta-Strategy (EXP3),-0.005946902880704365
2021-05-18,Bandit Meta-Strategy (EXP3),-0.007134752512914583
2021-05-19,Bandit Meta-Strategy (EXP3),-0.008929973496225572
2021-05-20,Bandit Meta-Strategy (EXP3),0.0
2021-05-21,Bandit Meta-Strategy (EXP3),-0.001649119880795247
2021-05-24,Bandit Meta-Strategy (EXP3),0.0
2021-05-25,Bandit Meta-Strategy (EXP3),-0.0007599253259779267
2021-05-26,Bandit Meta-Strategy (EXP3),-0.0019878354689154545
2021-05-27,Bandit Meta-Strategy (EXP3),-0.007323761814525537
2021-05-28,Bandit Meta-Strategy (EXP3),-0.007884985333971405
2021-06-01,Bandit Meta-Strategy (EXP3),-0.010729875259858405
2021-06-02,Bandit Meta-Strategy (EXP3),-0.008470294038260816
2021-06-03,Bandit Meta-Strategy (EXP3),-0.010335451066243612
2021-06-04,Bandit Meta-Strategy (EXP3),-0.002262330942654793
2021-06-07,Bandit Meta-Strategy (EXP3),-0.0031965595015782462
2021-06-08,Bandit Meta-Strategy (EXP3),-0.0062418422512846
2021-06-09,Bandit Meta-Strategy (EXP3),-0.006158178987250058
2021-06-10,Bandit Meta-Strategy (EXP3),0.0
2021-06-11,Bandit Meta-Strategy (EXP3),-0.00022426902590047534
2021-06-14,Bandit Meta-Strategy (EXP3),0.0
2021-06-15,Bandit Meta-Strategy (EXP3),-0.004321166487696554
2021-06-16,Bandit Meta-Strategy (EXP3),-0.010821531142316891
2021-06-17,Bandit Meta-Strategy (EXP3),-0.005448178526582485
2021-06-18,Bandit Meta-Strategy (EXP3),-0.017772236002720352
2021-06-21,Bandit Meta-Strategy (EXP3),-0.008515814077990827
2021-06-22,Bandit Meta-Strategy (EXP3),-0.0007128478351884326
2021-06-23,Bandit Meta-Strategy (EXP3),-0.0006984067257308427
2021-06-24,Bandit Meta-Strategy (EXP3),0.0
2021-06-25,Bandit Meta-Strategy (EXP3),0.0
2021-06-28,Bandit Meta-Strategy (EXP3),0.0
2021-06-29,Bandit Meta-Strategy (EXP3),-0.002479235309861388
2021-06-30,Bandit Meta-Strategy (EXP3),0.0
2021-07-01,Bandit Meta-Strategy (EXP3),0.0
2021-07-02,Bandit Meta-Strategy (EXP3),0.0
2021-07-06,Bandit Meta-Strategy (EXP3),-0.0018575972700241796
2021-07-07,Bandit Meta-Strategy (EXP3),-0.0017040723232969019
2021-07-08,Bandit Meta-Strategy (EXP3),-0.00717763763598813
2021-07-09,Bandit Meta-Strategy (EXP3),0.0
2021-07-12,Bandit Meta-Strategy (EXP3),0.0
2021-07-13,Bandit Meta-Strategy (EXP3),-0.0014315273217359952
2021-07-14,Bandit Meta-Strategy (EXP3),0.0
2021-07-15,Bandit Meta-Strategy (EXP3),-0.003129918324243595
2021-07-16,Bandit Meta-Strategy (EXP3),-0.010757493011461932
2021-07-19,Bandit Meta-Strategy (EXP3),-0.020795560261991166
2021-07-20,Bandit Meta-Strategy (EXP3),-0.04474738079720299
2021-07-21,Bandit Meta-Strategy (EXP3),-0.042259462799351936
2021-07-22,Bandit Meta-Strategy (EXP3),-0.04198235727652116
2021-07-23,Bandit Meta-Strategy (EXP3),-0.03154573605478885
2021-07-26,Bandit Meta-Strategy (EXP3),-0.02679185101454609
2021-07-27,Bandit Meta-Strategy (EXP3),-0.029411499895899734
2021-07-28,Bandit Meta-Strategy (EXP3),-0.028902903021635267
2021-07-29,Bandit Meta-Strategy (EXP3),-0.02777909834915461
2021-07-30,Bandit Meta-Strategy (EXP3),-0.028082619894272232
2021-08-02,Bandit Meta-Strategy (EXP3),-0.027552969300695996
2021-08-03,Bandit Meta-Strategy (EXP3),-0.020271729695324238
2021-08-04,Bandit Meta-Strategy (EXP3),-0.023312684794775402
2021-08-05,Bandit Meta-Strategy (EXP3),-0.01439080363940836
2021-08-06,Bandit Meta-Strategy (EXP3),-0.015265568709159487
2021-08-09,Bandit Meta-Strategy (EXP3),-0.01293647755242382
2021-08-10,Bandit Meta-Strategy (EXP3),-0.007505262121761336
2021-08-11,Bandit Meta-Strategy (EXP3),-0.010306205560373875
2021-08-12,Bandit Meta-Strategy (EXP3),-0.006389637521078574
2021-08-13,Bandit Meta-Strategy (EXP3),-0.0024279110577058315
2021-08-16,Bandit Meta-Strategy (EXP3),-0.0019608897005149468
2021-08-17,Bandit Meta-Strategy (EXP3),-0.00805546059614524
2021-08-18,Bandit Meta-Strategy (EXP3),-0.01717749527096656
2021-08-19,Bandit Meta-Strategy (EXP3),-0.014498455808449488
2021-08-20,Bandit Meta-Strategy (EXP3),-0.006425177034654291
2021-08-23,Bandit Meta-Strategy (EXP3),0.0
2021-08-24,Bandit Meta-Strategy (EXP3),-0.003637067067453499
2021-08-25,Bandit Meta-Strategy (EXP3),-0.004000193687993012
2021-08-26,Bandit Meta-Strategy (EXP3),-0.009721064218792336
2021-08-27,Bandit Meta-Strategy (EXP3),-0.0021991220027980755
2021-08-30,Bandit Meta-Strategy (EXP3),0.0
2021-08-31,Bandit Meta-Strategy (EXP3),-0.00046682694343899695
2021-09-01,Bandit Meta-Strategy (EXP3),0.0
2021-09-02,Bandit Meta-Strategy (EXP3),0.0
2021-09-03,Bandit Meta-Strategy (EXP3),0.0
2021-09-07,Bandit Meta-Strategy (EXP3),0.0
2021-09-08,Bandit Meta-Strategy (EXP3),-0.0004253599340365833
2021-09-09,Bandit Meta-Strategy (EXP3),-0.005472277449712542
2021-09-10,Bandit Meta-Strategy (EXP3),-0.010679826924275288
2021-09-13,Bandit Meta-Strategy (EXP3),-0.009559077116770823
2021-09-14,Bandit Meta-Strategy (EXP3),-0.016491667424458286
2021-09-15,Bandit Meta-Strategy (EXP3),-0.01013405399036956
2021-09-16,Bandit Meta-Strategy (EXP3),-0.012083533562312898
2021-09-17,Bandit Meta-Strategy (EXP3),-0.017678988667341397
2021-09-20,Bandit Meta-Strategy (EXP3),-0.03388925112090547
2021-09-21,Bandit Meta-Strategy (EXP3),-0.036043242949402754
2021-09-22,Bandit Meta-Strategy (EXP3),-0.024297765522610787
2021-09-23,Bandit Meta-Strategy (EXP3),-0.012587429172085652
2021-09-24,Bandit Meta-Strategy (EXP3),-0.011597847336329343
2021-09-27,Bandit Meta-Strategy (EXP3),-0.010013562655142956
2021-09-28,Bandit Meta-Strategy (EXP3),-0.023752164214683978
2021-09-29,Bandit Meta-Strategy (EXP3),-0.01856817744760749
2021-09-30,Bandit Meta-Strategy (EXP3),-0.019075005961224238
2021-10-01,Bandit Meta-Strategy (EXP3),-0.009343564458309854
2021-10-04,Bandit Meta-Strategy (EXP3),-0.022656069874962593
2021-10-05,Bandit Meta-Strategy (EXP3),-0.012900098927102817
2021-10-06,Bandit Meta-Strategy (EXP3),-0.007754095443880277
2021-10-07,Bandit Meta-Strategy (EXP3),0.0
2021-10-08,Bandit Meta-Strategy (EXP3),-0.0006488496477334497
2021-10-11,Bandit Meta-Strategy (EXP3),-0.006896274428832454
2021-10-12,Bandit Meta-Strategy (EXP3),-0.010476739583994253
2021-10-13,Bandit Meta-Strategy (EXP3),-0.010303796764410672
2021-10-14,Bandit Meta-Strategy (EXP3),0.0
2021-10-15,Bandit Meta-Strategy (EXP3),0.0
2021-10-18,Bandit Meta-Strategy (EXP3),0.0
2021-10-19,Bandit Meta-Strategy (EXP3),0.0
2021-10-20,Bandit Meta-Strategy (EXP3),0.0
2021-10-21,Bandit Meta-Strategy (EXP3),0.0
2021-10-22,Bandit Meta-Strategy (EXP3),0.0
2021-10-25,Bandit Meta-Strategy (EXP3),0.0
2021-10-26,Bandit Meta-Strategy (EXP3),0.0
2021-10-27,Bandit Meta-Strategy (EXP3),-0.006179786654160813
2021-10-28,Bandit Meta-Strategy (EXP3),0.0
2021-10-29,Bandit Meta-Strategy (EXP3),0.0
2021-11-01,Bandit Meta-Strategy (EXP3),0.0
2021-11-02,Bandit Meta-Strategy (EXP3),0.0
2021-11-03,Bandit Meta-Strategy (EXP3),0.0
2021-11-04,Bandit Meta-Strategy (EXP3),0.0
2021-11-05,Bandit Meta-Strategy (EXP3),0.0
2021-11-08,Bandit Meta-Strategy (EXP3),-0.00121693960470241
2021-11-09,Bandit Meta-Strategy (EXP3),-0.01162301602953359
2021-11-10,Bandit Meta-Strategy (EXP3),-0.012667915217007983
2021-11-11,Bandit Meta-Strategy (EXP3),-0.013133587482760865
2021-11-12,Bandit Meta-Strategy (EXP3),-0.009730478904060981
2021-11-15,Bandit Meta-Strategy (EXP3),-0.012139713412391057
2021-11-16,Bandit Meta-Strategy (EXP3),-0.0063228792581134
2021-11-17,Bandit Meta-Strategy (EXP3),-0.008126773403532104
2021-11-18,Bandit Meta-Strategy (EXP3),-0.0008291496079700381
2021-11-19,Bandit Meta-Strategy (EXP3),-0.0014449951134052517
2021-11-22,Bandit Meta-Strategy (EXP3),-0.005732842449365414
2021-11-23,Bandit Meta-Strategy (EXP3),-0.004383471474572403
2021-11-24,Bandit Meta-Strategy (EXP3),0.0
2021-11-26,Bandit Meta-Strategy (EXP3),-0.016664376915776147
2021-11-29,Bandit Meta-Strategy (EXP3),-0.006931089756215945
2021-11-30,Bandit Meta-Strategy (EXP3),-0.007486604958729768
2021-12-01,Bandit Meta-Strategy (EXP3),-0.014685752724417184
2021-12-02,Bandit Meta-Strategy (EXP3),-0.010061086668221607
2021-12-03,Bandit Meta-Strategy (EXP3),-0.012232585377970255
2021-12-06,Bandit Meta-Strategy (EXP3),-0.00759285473490381
2021-12-07,Bandit Meta-Strategy (EXP3),0.0
2021-12-08,Bandit Meta-Strategy (EXP3),-0.000798134185711143
2021-12-09,Bandit Meta-Strategy (EXP3),-0.002797058542699354
2021-12-10,Bandit Meta-Strategy (EXP3),0.0
2021-12-13,Bandit Meta-Strategy (EXP3),-0.0008327652085211551
2021-12-14,Bandit Meta-Strategy (EXP3),-0.0015521964981232762
2021-12-15,Bandit Meta-Strategy (EXP3),0.0
2021-12-16,Bandit Meta-Strategy (EXP3),0.0
2021-12-17,Bandit Meta-Strategy (EXP3),-0.01949344333217861
2021-12-20,Bandit Meta-Strategy (EXP3),-0.019388832942600548
2021-12-21,Bandit Meta-Strategy (EXP3),-0.01342863048386346
2021-12-22,Bandit Meta-Strategy (EXP3),-0.0023880142234395953
2021-12-23,Bandit Meta-Strategy (EXP3),-0.0015372753669912775
2021-12-27,Bandit Meta-Strategy (EXP3),0.0
2021-12-28,Bandit Meta-Strategy (EXP3),-0.002241269068268371
2021-12-29,Bandit Meta-Strategy (EXP3),-0.0025046431589635263
2021-12-30,Bandit Meta-Strategy (EXP3),-0.0016922351471611492
2021-12-31,Bandit Meta-Strategy (EXP3),-0.0021211673341158034
2022-01-03,Bandit Meta-Strategy (EXP3),0.0
2022-01-04,Bandit Meta-Strategy (EXP3),-0.003253547565048677
2022-01-05,Bandit Meta-Strategy (EXP3),-0.013658288517350927
2022-01-06,Bandit Meta-Strategy (EXP3),-0.01511911847286499
2022-01-07,Bandit Meta-Strategy (EXP3),-0.015993616924171346
2022-01-10,Bandit Meta-Strategy (EXP3),-0.01859692036361279
2022-01-11,Bandit Meta-Strategy (EXP3),-0.012979120354823605
2022-01-12,Bandit Meta-Strategy (EXP3),-0.011485709003449338
2022-01-13,Bandit Meta-Strategy (EXP3),-0.024808770207572026
2022-01-14,Bandit Meta-Strategy (EXP3),-0.028345435806398946
2022-01-18,Bandit Meta-Strategy (EXP3),-0.04439288676293699
2022-01-19,Bandit Meta-Strategy (EXP3),-0.048445882021104184
2022-01-20,Bandit Meta-Strategy (EXP3),-0.05691027953062246
2022-01-21,Bandit Meta-Strategy (EXP3),-0.08476521225142282
2022-01-24,Bandit Meta-Strategy (EXP3),-0.08790583378086042
2022-01-25,Bandit Meta-Strategy (EXP3),-0.09236531233022285
2022-01-26,Bandit Meta-Strategy (EXP3),-0.09130528330898269
2022-01-27,Bandit Meta-Strategy (EXP3),-0.09034823978793982
2022-01-28,Bandit Meta-Strategy (EXP3),-0.0693458346242767
2022-01-31,Bandit Meta-Strategy (EXP3),-0.05605564217479848
2022-02-01,Bandit Meta-Strategy (EXP3),-0.04510453900350574
2022-02-02,Bandit Meta-Strategy (EXP3),-0.03875335423336771
2022-02-03,Bandit Meta-Strategy (EXP3),-0.06268735679094077
2022-02-04,Bandit Meta-Strategy (EXP3),-0.05642274427274109
2022-02-07,Bandit Meta-Strategy (EXP3),-0.05987845745659171
2022-02-08,Bandit Meta-Strategy (EXP3),-0.05933204821294121
2022-02-09,Bandit Meta-Strategy (EXP3),-0.05320086738031702
2022-02-10,Bandit Meta-Strategy (EXP3),-0.06523949828200082
2022-02-11,Bandit Meta-Strategy (EXP3),-0.07964184429313716
2022-02-14,Bandit Meta-Strategy (EXP3),-0.08132269912462393
2022-02-15,Bandit Meta-Strategy (EXP3),-0.07014908614295501
2022-02-16,Bandit Meta-Strategy (EXP3),-0.07034813307492191
2022-02-17,Bandit Meta-Strategy (EXP3),-0.08302751557325956
2022-02-18,Bandit Meta-Strategy (EXP3),-0.0898603501885027
2022-02-22,Bandit Meta-Strategy (EXP3),-0.10622907179126827
2022-02-23,Bandit Meta-Strategy (EXP3),-0.12190004333254635
2022-02-24,Bandit Meta-Strategy (EXP3),-0.11821539939815211
2022-02-25,Bandit Meta-Strategy (EXP3),-0.097307469410193
2022-02-28,Bandit Meta-Strategy (EXP3),-0.09762138748347611
2022-03-01,Bandit Meta-Strategy (EXP3),-0.11031098645444136
2022-03-02,Bandit Meta-Strategy (EXP3),-0.09714173538230365
2022-03-03,Bandit Meta-Strategy (EXP3),-0.10070584236419255
2022-03-04,Bandit Meta-Strategy (EXP3),-0.1005537450933253
2022-03-07,Bandit Meta-Strategy (EXP3),-0.11826900022413357
2022-03-08,Bandit Meta-Strategy (EXP3),-0.1302490862465502
2022-03-09,Bandit Meta-Strategy (EXP3),-0.11560738394793092
2022-03-10,Bandit Meta-Strategy (EXP3),-0.11703612370074531
2022-03-11,Bandit Meta-Strategy (EXP3),-0.12494085727189119
2022-03-14,Bandit Meta-Strategy (EXP3),-0.12355039712432252
2022-03-15,Bandit Meta-Strategy (EXP3),-0.10827629604858649
2022-03-16,Bandit Meta-Strategy (EXP3),-0.09436455650839558
2022-03-17,Bandit Meta-Strategy (EXP3),-0.08043409198006553
2022-03-18,Bandit Meta-Strategy (EXP3),-0.07217023975063892
2022-03-21,Bandit Meta-Strategy (EXP3),-0.07110486934660806
2022-03-22,Bandit Meta-Strategy (EXP3),-0.06522108020890746
2022-03-23,Bandit Meta-Strategy (EXP3),-0.07529520446501374
2022-03-24,Bandit Meta-Strategy (EXP3),-0.06559057928156713
2022-03-25,Bandit Meta-Strategy (EXP3),-0.06048406624382791
2022-03-28,Bandit Meta-Strategy (EXP3),-0.05271815154562611
2022-03-29,Bandit Meta-Strategy (EXP3),-0.046099839034699
2022-03-30,Bandit Meta-Strategy (EXP3),-0.05034616237163359
2022-03-31,Bandit Meta-Strategy (EXP3),-0.050875395764974435
2022-04-01,Bandit Meta-Strategy (EXP3),-0.04754294527760137
2022-04-04,Bandit Meta-Strategy (EXP3),-0.03719035406354516
2022-04-05,Bandit Meta-Strategy (EXP3),-0.0483410055561337
2022-04-06,Bandit Meta-Strategy (EXP3),-0.050758696854375764
2022-04-07,Bandit Meta-Strategy (EXP3),-0.039415744726112284
2022-04-08,Bandit Meta-Strategy (EXP3),-0.04098478542703591
2022-04-11,Bandit Meta-Strategy (EXP3),-0.06399367000117076
2022-04-12,Bandit Meta-Strategy (EXP3),-0.06312508129388612
2022-04-13,Bandit Meta-Strategy (EXP3),-0.05191727809180856
2022-04-14,Bandit Meta-Strategy (EXP3),-0.06202489938261291
2022-04-18,Bandit Meta-Strategy (EXP3),-0.06511789882226711
2022-04-19,Bandit Meta-Strategy (EXP3),-0.05924090704031564
2022-04-20,Bandit Meta-Strategy (EXP3),-0.07591998575823157
2022-04-21,Bandit Meta-Strategy (EXP3),-0.08239065283176901
2022-04-22,Bandit Meta-Strategy (EXP3),-0.10054301801685975
2022-04-25,Bandit Meta-Strategy (EXP3),-0.09814624237840565
2022-04-26,Bandit Meta-Strategy (EXP3),-0.12327377207275834
2022-04-27,Bandit Meta-Strategy (EXP3),-0.11892616352683306
2022-04-28,Bandit Meta-Strategy (EXP3),-0.09684463007069896
2022-04-29,Bandit Meta-Strategy (EXP3),-0.09723858840492393
2022-05-02,Bandit Meta-Strategy (EXP3),-0.08847762213630869
2022-05-03,Bandit Meta-Strategy (EXP3),-0.08317420261896119
2022-05-04,Bandit Meta-Strategy (EXP3),-0.05927630858939858
2022-05-05,Bandit Meta-Strategy (EXP3),-0.09509548220795298
2022-05-06,Bandit Meta-Strategy (EXP3),-0.09829240765508371
2022-05-09,Bandit Meta-Strategy (EXP3),-0.12964049714229103
2022-05-10,Bandit Meta-Strategy (EXP3),-0.12416240392640503
2022-05-11,Bandit Meta-Strategy (EXP3),-0.1408123467877591
2022-05-12,Bandit Meta-Strategy (EXP3),-0.1384858627369222
2022-05-13,Bandit Meta-Strategy (EXP3),-0.11597801771903841
2022-05-16,Bandit Meta-Strategy (EXP3),-0.11718169078095075
2022-05-17,Bandit Meta-Strategy (EXP3),-0.10807716172819659
2022-05-18,Bandit Meta-Strategy (EXP3),-0.14667284680355372
2022-05-19,Bandit Meta-Strategy (EXP3),-0.1486720411858252
2022-05-20,Bandit Meta-Strategy (EXP3),-0.14576379591306748
2022-05-23,Bandit Meta-Strategy (EXP3),-0.1289698901808267
2022-05-24,Bandit Meta-Strategy (EXP3),-0.136379990827895
2022-05-25,Bandit Meta-Strategy (EXP3),-0.12486669429595192
2022-05-26,Bandit Meta-Strategy (EXP3),-0.1087401241861486
2022-05-27,Bandit Meta-Strategy (EXP3),-0.09061118068953133
2022-05-31,Bandit Meta-Strategy (EXP3),-0.0911888363672674
2022-06-01,Bandit Meta-Strategy (EXP3),-0.10527957204250384
2022-06-02,Bandit Meta-Strategy (EXP3),-0.0740095707716996
2022-06-03,Bandit Meta-Strategy (EXP3),-0.10314485790864364
2022-06-06,Bandit Meta-Strategy (EXP3),-0.1085621019321031
2022-06-07,Bandit Meta-Strategy (EXP3),-0.10079908908493684
2022-06-08,Bandit Meta-Strategy (EXP3),-0.10021617142170212
2022-06-09,Bandit Meta-Strategy (EXP3),-0.1278043240470777
2022-06-10,Bandit Meta-Strategy (EXP3),-0.15726660333135048
2022-06-13,Bandit Meta-Strategy (EXP3),-0.19998448150858852
2022-06-14,Bandit Meta-Strategy (EXP3),-0.20140038801552554
2022-06-15,Bandit Meta-Strategy (EXP3),-0.17761304394282385
2022-06-16,Bandit Meta-Strategy (EXP3),-0.20859274570854192
2022-06-17,Bandit Meta-Strategy (EXP3),-0.20660247420804234
2022-06-21,Bandit Meta-Strategy (EXP3),-0.18698614095533667
2022-06-22,Bandit Meta-Strategy (EXP3),-0.18449054726865477
2022-06-23,Bandit Meta-Strategy (EXP3),-0.17783885730291865
2022-06-24,Bandit Meta-Strategy (EXP3),-0.14614468083659707
2022-06-27,Bandit Meta-Strategy (EXP3),-0.14912724700872543
2022-06-28,Bandit Meta-Strategy (EXP3),-0.178247364160593
2022-06-29,Bandit Meta-Strategy (EXP3),-0.18256134959003179
2022-06-30,Bandit Meta-Strategy (EXP3),-0.18288454085003045
2022-07-01,Bandit Meta-Strategy (EXP3),-0.17595006728674856
2022-07-05,Bandit Meta-Strategy (EXP3),-0.16885576441473388
2022-07-06,Bandit Meta-Strategy (EXP3),-0.16717669196276383
2022-07-07,Bandit Meta-Strategy (EXP3),-0.1511480978484265
2022-07-08,Bandit Meta-Strategy (EXP3),-0.1516150643050843
2022-07-11,Bandit Meta-Strategy (EXP3),-0.1697282832008934
2022-07-12,Bandit Meta-Strategy (EXP3),-0.17683872681322202
2022-07-13,Bandit Meta-Strategy (EXP3),-0.17492519429764805
2022-07-14,Bandit Meta-Strategy (EXP3),-0.17769663756262893
2022-07-15,Bandit Meta-Strategy (EXP3),-0.15881011467360312
2022-07-18,Bandit Meta-Strategy (EXP3),-0.1689993214683861
2022-07-19,Bandit Meta-Strategy (EXP3),-0.14803613019291564
2022-07-20,Bandit Meta-Strategy (EXP3),-0.13396989890029437
2022-07-21,Bandit Meta-Strategy (EXP3),-0.12051419489654656
2022-07-22,Bandit Meta-Strategy (EXP3),-0.13150193580361808
2022-07-25,Bandit Meta-Strategy (EXP3),-0.13222636123966514
2022-07-26,Bandit Meta-Strategy (EXP3),-0.14931145098131593
2022-07-27,Bandit Meta-Strategy (EXP3),-0.12160389344225878
2022-07-28,Bandit Meta-Strategy (EXP3),-0.11795638524005714
2022-07-29,Bandit Meta-Strategy (EXP3),-0.11872468613183272
2022-08-01,Bandit Meta-Strategy (EXP3),-0.11607751720297238
2022-08-02,Bandit Meta-Strategy (EXP3),-0.12411249046959555
2022-08-03,Bandit Meta-Strategy (EXP3),-0.11493739393594765
2022-08-04,Bandit Meta-Strategy (EXP3),-0.12017168030987727
2022-08-05,Bandit Meta-Strategy (EXP3),-0.1251458307165456
2022-08-08,Bandit Meta-Strategy (EXP3),-0.12466465073794686
2022-08-09,Bandit Meta-Strategy (EXP3),-0.1255109587656124
2022-08-10,Bandit Meta-Strategy (EXP3),-0.11291213769374439
2022-08-11,Bandit Meta-Strategy (EXP3),-0.12258009233248088
2022-08-12,Bandit Meta-Strategy (EXP3),-0.10981070683350896
2022-08-15,Bandit Meta-Strategy (EXP3),-0.10568929808709598
2022-08-16,Bandit Meta-Strategy (EXP3),-0.10025834613707382
2022-08-17,Bandit Meta-Strategy (EXP3),-0.10598473570143815
2022-08-18,Bandit Meta-Strategy (EXP3),-0.10588784606106087
2022-08-19,Bandit Meta-Strategy (EXP3),-0.10840499258003544
2022-08-22,Bandit Meta-Strategy (EXP3),-0.12126358608668045
2022-08-23,Bandit Meta-Strategy (EXP3),-0.12604819667786982
2022-08-24,Bandit Meta-Strategy (EXP3),-0.12676327322859152
2022-08-25,Bandit Meta-Strategy (EXP3),-0.13902722781719637
2022-08-26,Bandit Meta-Strategy (EXP3),-0.16212405620670137
2022-08-29,Bandit Meta-Strategy (EXP3),-0.16624614335386384
2022-08-30,Bandit Meta-Strategy (EXP3),-0.1746501005351365
2022-08-31,Bandit Meta-Strategy (EXP3),-0.18110872797707578
2022-09-01,Bandit Meta-Strategy (EXP3),-0.17023572591017452
2022-09-02,Bandit Meta-Strategy (EXP3),-0.1815920105525243
2022-09-06,Bandit Meta-Strategy (EXP3),-0.18485283635554062
2022-09-07,Bandit Meta-Strategy (EXP3),-0.17359216546055273
2022-09-08,Bandit Meta-Strategy (EXP3),-0.16829850621479525
2022-09-09,Bandit Meta-Strategy (EXP3),-0.15782593180433194
2022-09-12,Bandit Meta-Strategy (EXP3),-0.15385968435649683
2022-09-13,Bandit Meta-Strategy (EXP3),-0.18422724475069374
2022-09-14,Bandit Meta-Strategy (EXP3),-0.17783949079028072
2022-09-15,Bandit Meta-Strategy (EXP3),-0.18446584260581977
2022-09-16,Bandit Meta-Strategy (EXP3),-0.18307839636941192
2022-09-19,Bandit Meta-Strategy (EXP3),-0.18302264236946436
2022-09-20,Bandit Meta-Strategy (EXP3),-0.18982356669327619
2022-09-21,Bandit Meta-Strategy (EXP3),-0.2014698569168227
2022-09-22,Bandit Meta-Strategy (EXP3),-0.19900602411058352
2022-09-23,Bandit Meta-Strategy (EXP3),-0.20972895527600827
2022-09-26,Bandit Meta-Strategy (EXP3),-0.21548433390654648
2022-09-27,Bandit Meta-Strategy (EXP3),-0.2217608485818184
2022-09-28,Bandit Meta-Strategy (EXP3),-0.20906033166336815
2022-09-29,Bandit Meta-Strategy (EXP3),-0.2203807538965145
2022-09-30,Bandit Meta-Strategy (EXP3),-0.22114978348964912
2022-10-03,Bandit Meta-Strategy (EXP3),-0.2138816200577226
2022-10-04,Bandit Meta-Strategy (EXP3),-0.19114780714900617
2022-10-05,Bandit Meta-Strategy (EXP3),-0.19436629511472822
2022-10-06,Bandit Meta-Strategy (EXP3),-0.2004201923333466
2022-10-07,Bandit Meta-Strategy (EXP3),-0.22954029575923465
2022-10-10,Bandit Meta-Strategy (EXP3),-0.23704603875494257
2022-10-11,Bandit Meta-Strategy (EXP3),-0.24310381333649517
2022-10-12,Bandit Meta-Strategy (EXP3),-0.24151990001762325
2022-10-13,Bandit Meta-Strategy (EXP3),-0.22578732280923633
2022-10-14,Bandit Meta-Strategy (EXP3),-0.25068776916080754
2022-10-17,Bandit Meta-Strategy (EXP3),-0.22243924930018405
2022-10-18,Bandit Meta-Strategy (EXP3),-0.2152361130966642
2022-10-19,Bandit Meta-Strategy (EXP3),-0.21623459409933757
2022-10-20,Bandit Meta-Strategy (EXP3),-0.22247857180513103
2022-10-21,Bandit Meta-Strategy (EXP3),-0.20249926794043918
2022-10-24,Bandit Meta-Strategy (EXP3),-0.19598409802259067
2022-10-25,Bandit Meta-Strategy (EXP3),-0.18007730021460708
2022-10-26,Bandit Meta-Strategy (EXP3),-0.19408659428992894
2022-10-27,Bandit Meta-Strategy (EXP3),-0.20143223787348483
2022-10-28,Bandit Meta-Strategy (EXP3),-0.18736945863003268
2022-10-31,Bandit Meta-Strategy (EXP3),-0.18803960382554477
2022-11-01,Bandit Meta-Strategy (EXP3),-0.18679553632075727
2022-11-02,Bandit Meta-Strategy (EXP3),-0.20528207910304763
2022-11-03,Bandit Meta-Strategy (EXP3),-0.2091894215951327
2022-11-04,Bandit Meta-Strategy (EXP3),-0.20158645617799065
2022-11-07,Bandit Meta-Strategy (EXP3),-0.19671300118496152
2022-11-08,Bandit Meta-Strategy (EXP3),-0.19484945844409585
2022-11-09,Bandit Meta-Strategy (EXP3),-0.2123256347980747
2022-11-10,Bandit Meta-Strategy (EXP3),-0.18418474473284172
2022-11-11,Bandit Meta-Strategy (EXP3),-0.178811023490007
2022-11-14,Bandit Meta-Strategy (EXP3),-0.17621471734378127
2022-11-15,Bandit Meta-Strategy (EXP3),-0.17171411087648933
2022-11-16,Bandit Meta-Strategy (EXP3),-0.17672166820004673
2022-11-17,Bandit Meta-Strategy (EXP3),-0.17707057161373138
2022-11-18,Bandit Meta-Strategy (EXP3),-0.17648206049278414
2022-11-21,Bandit Meta-Strategy (EXP3),-0.17920120399051084
2022-11-22,Bandit Meta-Strategy (EXP3),-0.16852448831975866
2022-11-23,Bandit Meta-Strategy (EXP3),-0.16442396342916737
2022-11-25,Bandit Meta-Strategy (EXP3),-0.1642809647755914
2022-11-28,Bandit Meta-Strategy (EXP3),-0.16962851855294067
2022-11-29,Bandit Meta-Strategy (EXP3),-0.17261091536871034
2022-11-30,Bandit Meta-Strategy (EXP3),-0.17301071543879534
2022-12-01,Bandit Meta-Strategy (EXP3),-0.17070586443096666
2022-12-02,Bandit Meta-Strategy (EXP3),-0.17071410411285376
2022-12-05,Bandit Meta-Strategy (EXP3),-0.18427015958584972
2022-12-06,Bandit Meta-Strategy (EXP3),-0.19797724060340646
2022-12-07,Bandit Meta-Strategy (EXP3),-0.1989100279061679
2022-12-08,Bandit Meta-Strategy (EXP3),-0.19448120341177205
2022-12-09,Bandit Meta-Strategy (EXP3),-0.20117005939151117
2022-12-12,Bandit Meta-Strategy (EXP3),-0.19104991985745648
2022-12-13,Bandit Meta-Strategy (EXP3),-0.1865651249462788
2022-12-14,Bandit Meta-Strategy (EXP3),-0.18793143311730795
2022-12-15,Bandit Meta-Strategy (EXP3),-0.2012172815387577
2022-12-16,Bandit Meta-Strategy (EXP3),-0.21051278680027677
2022-12-19,Bandit Meta-Strategy (EXP3),-0.21308336015643642
2022-12-20,Bandit Meta-Strategy (EXP3),-0.21085060617592832
2022-12-21,Bandit Meta-Strategy (EXP3),-0.20145198154027855
2022-12-22,Bandit Meta-Strategy (EXP3),-0.2124465112923402
2022-12-23,Bandit Meta-Strategy (EXP3),-0.20570908120066206
2022-12-27,Bandit Meta-Strategy (EXP3),-0.20747862128516847
2022-12-28,Bandit Meta-Strategy (EXP3),-0.21637399363613777
2022-12-29,Bandit Meta-Strategy (EXP3),-0.20691024244121925
2022-12-30,Bandit Meta-Strategy (EXP3),-0.20736168408282757
2023-01-03,Bandit Meta-Strategy (EXP3),-0.2107596690711284
2023-01-04,Bandit Meta-Strategy (EXP3),-0.2084686846917647
2023-01-05,Bandit Meta-Strategy (EXP3),-0.21540516558399742
2023-01-06,Bandit Meta-Strategy (EXP3),-0.20010440667971557
2023-01-09,Bandit Meta-Strategy (EXP3),-0.21187120234736148
2023-01-10,Bandit Meta-Strategy (EXP3),-0.21210606752190753
2023-01-11,Bandit Meta-Strategy (EXP3),-0.20820008098432322
2023-01-12,Bandit Meta-Strategy (EXP3),-0.2087551827919042
2023-01-13,Bandit Meta-Strategy (EXP3),-0.20590405482530455
2023-01-17,Bandit Meta-Strategy (EXP3),-0.21010929784807347
2023-01-18,Bandit Meta-Strategy (EXP3),-0.22648181599973494
2023-01-19,Bandit Meta-Strategy (EXP3),-0.2311839899327772
2023-01-20,Bandit Meta-Strategy (EXP3),-0.22152309451924562
2023-01-23,Bandit Meta-Strategy (EXP3),-0.21744409576959683
2023-01-24,Bandit Meta-Strategy (EXP3),-0.21663658623554405
2023-01-25,Bandit Meta-Strategy (EXP3),-0.21476907682863372
2023-01-26,Bandit Meta-Strategy (EXP3),-0.20904939275364914
2023-01-27,Bandit Meta-Strategy (EXP3),-0.20562226825752442
2023-01-30,Bandit Meta-Strategy (EXP3),-0.21842816077609623
2023-01-31,Bandit Meta-Strategy (EXP3),-0.21880026044002054
2023-02-01,Bandit Meta-Strategy (EXP3),-0.21248887825413534
2023-02-02,Bandit Meta-Strategy (EXP3),-0.20206931667535202
2023-02-03,Bandit Meta-Strategy (EXP3),-0.2091822385260694
2023-02-06,Bandit Meta-Strategy (EXP3),-0.2126558307741205
2023-02-07,Bandit Meta-Strategy (EXP3),-0.20566938732469195
2023-02-08,Bandit Meta-Strategy (EXP3),-0.21241724652905392
2023-02-09,Bandit Meta-Strategy (EXP3),-0.2176100152414454
2023-02-10,Bandit Meta-Strategy (EXP3),-0.21453749094146066
2023-02-13,Bandit Meta-Strategy (EXP3),-0.20952232141341534
2023-02-14,Bandit Meta-Strategy (EXP3),-0.2087967764109556
2023-02-15,Bandit Meta-Strategy (EXP3),-0.20834479867575192
2023-02-16,Bandit Meta-Strategy (EXP3),-0.220634427585063
2023-02-17,Bandit Meta-Strategy (EXP3),-0.21936151626635583
2023-02-21,Bandit Meta-Strategy (EXP3),-0.22973283650026824
2023-02-22,Bandit Meta-Strategy (EXP3),-0.2325645251118953
2023-02-23,Bandit Meta-Strategy (EXP3),-0.2327567679643615
2023-02-24,Bandit Meta-Strategy (EXP3),-0.23971943012312807
2023-02-27,Bandit Meta-Strategy (EXP3),-0.23858401462801831
2023-02-28,Bandit Meta-Strategy (EXP3),-0.23895369482936415
2023-03-01,Bandit Meta-Strategy (EXP3),-0.24499168289592593
2023-03-02,Bandit Meta-Strategy (EXP3),-0.24232208770037597
2023-03-03,Bandit Meta-Strategy (EXP3),-0.23091932135109675
2023-03-06,Bandit Meta-Strategy (EXP3),-0.22870467950355525
2023-03-07,Bandit Meta-Strategy (EXP3),-0.24037236400982215
2023-03-08,Bandit Meta-Strategy (EXP3),-0.24263214456891335
2023-03-09,Bandit Meta-Strategy (EXP3),-0.2563110145869324
2023-03-10,Bandit Meta-Strategy (EXP3),-0.26204325099684694
2023-03-13,Bandit Meta-Strategy (EXP3),-0.2609313304287881
2023-03-14,Bandit Meta-Strategy (EXP3),-0.2505777702113444
2023-03-15,Bandit Meta-Strategy (EXP3),-0.2502173365754586
2023-03-16,Bandit Meta-Strategy (EXP3),-0.2425725645702866
2023-03-17,Bandit Meta-Strategy (EXP3),-0.24737278285535158
2023-03-20,Bandit Meta-Strategy (EXP3),-0.2412854296723232
2023-03-21,Bandit Meta-Strategy (EXP3),-0.23087673727800215
2023-03-22,Bandit Meta-Strategy (EXP3),-0.2423746002336506
2023-03-23,Bandit Meta-Strategy (EXP3),-0.23675045830252953
2023-03-24,Bandit Meta-Strategy (EXP3),-0.23387641465746214
2023-03-27,Bandit Meta-Strategy (EXP3),-0.23122455950644738
2023-03-28,Bandit Meta-Strategy (EXP3),-0.23461903097137995
2023-03-29,Bandit Meta-Strategy (EXP3),-0.22475026885369234
2023-03-30,Bandit Meta-Strategy (EXP3),-0.22110091548427718
2023-03-31,Bandit Meta-Strategy (EXP3),-0.2215502196311796
2023-04-03,Bandit Meta-Strategy (EXP3),-0.21323252064588358
2023-04-04,Bandit Meta-Strategy (EXP3),-0.21443314470355798
2023-04-05,Bandit Meta-Strategy (EXP3),-0.20518417703826367
2023-04-06,Bandit Meta-Strategy (EXP3),-0.2044968200356071
2023-04-10,Bandit Meta-Strategy (EXP3),-0.20694626203679806
2023-04-11,Bandit Meta-Strategy (EXP3),-0.20674072635632554
2023-04-12,Bandit Meta-Strategy (EXP3),-0.21023768494570697
2023-04-13,Bandit Meta-Strategy (EXP3),-0.20160035652232475
2023-04-14,Bandit Meta-Strategy (EXP3),-0.20034844671565968
2023-04-17,Bandit Meta-Strategy (EXP3),-0.19995934282450395
2023-04-18,Bandit Meta-Strategy (EXP3),-0.20269579978591554
2023-04-19,Bandit Meta-Strategy (EXP3),-0.20256436640608505
2023-04-20,Bandit Meta-Strategy (EXP3),-0.2047833996952706
2023-04-21,Bandit Meta-Strategy (EXP3),-0.19865621075955428
2023-04-24,Bandit Meta-Strategy (EXP3),-0.19600076188150303
2023-04-25,Bandit Meta-Strategy (EXP3),-0.20196004407991397
2023-04-26,Bandit Meta-Strategy (EXP3),-0.20907868141903804
2023-04-27,Bandit Meta-Strategy (EXP3),-0.19852299384290778
2023-04-28,Bandit Meta-Strategy (EXP3),-0.19883693956211715
2023-05-01,Bandit Meta-Strategy (EXP3),-0.20128960975531915
2023-05-02,Bandit Meta-Strategy (EXP3),-0.20589809394374461
2023-05-03,Bandit Meta-Strategy (EXP3),-0.21268544679862425
2023-05-04,Bandit Meta-Strategy (EXP3),-0.21703513250441744
2023-05-05,Bandit Meta-Strategy (EXP3),-0.20788181446813697
2023-05-08,Bandit Meta-Strategy (EXP3),-0.2063719654443611
2023-05-09,Bandit Meta-Strategy (EXP3),-0.21062496128374217
2023-05-10,Bandit Meta-Strategy (EXP3),-0.20919403286816882
2023-05-11,Bandit Meta-Strategy (EXP3),-0.2093744422856327
2023-05-12,Bandit Meta-Strategy (EXP3),-0.2107744834462181
2023-05-15,Bandit Meta-Strategy (EXP3),-0.21297978335131892
2023-05-16,Bandit Meta-Strategy (EXP3),-0.2169579510997672
2023-05-17,Bandit Meta-Strategy (EXP3),-0.21140215840514126
2023-05-18,Bandit Meta-Strategy (EXP3),-0.20746854822516902
2023-05-19,Bandit Meta-Strategy (EXP3),-0.2079983609548768
2023-05-22,Bandit Meta-Strategy (EXP3),-0.21321617152152342
2023-05-23,Bandit Meta-Strategy (EXP3),-0.21541535970596454
2023-05-24,Bandit Meta-Strategy (EXP3),-0.21794233147364733
2023-05-25,Bandit Meta-Strategy (EXP3),-0.21922109508685367
2023-05-26,Bandit Meta-Strategy (EXP3),-0.21368946285048937
2023-05-30,Bandit Meta-Strategy (EXP3),-0.2137814566791312
2023-05-31,Bandit Meta-Strategy (EXP3),-0.21432267983526462
2023-06-01,Bandit Meta-Strategy (EXP3),-0.2087447086485631
2023-06-02,Bandit Meta-Strategy (EXP3),-0.19531764157283954
2023-06-05,Bandit Meta-Strategy (EXP3),-0.19474816114652127
2023-06-06,Bandit Meta-Strategy (EXP3),-0.19225927137899737
2023-06-07,Bandit Meta-Strategy (EXP3),-0.1892023832206429
2023-06-08,Bandit Meta-Strategy (EXP3),-0.18464034232299054
2023-06-09,Bandit Meta-Strategy (EXP3),-0.18483407579036074
2023-06-12,Bandit Meta-Strategy (EXP3),-0.17972963593007765
2023-06-13,Bandit Meta-Strategy (EXP3),-0.17472552778178926
2023-06-14,Bandit Meta-Strategy (EXP3),-0.17549285181805233
2023-06-15,Bandit Meta-Strategy (EXP3),-0.1676843614350804
2023-06-16,Bandit Meta-Strategy (EXP3),-0.16881890631863486
2023-06-20,Bandit Meta-Strategy (EXP3),-0.1723861207484778
2023-06-21,Bandit Meta-Strategy (EXP3),-0.17675464264435817
2023-06-22,Bandit Meta-Strategy (EXP3),-0.1750040775105499
2023-06-23,Bandit Meta-Strategy (EXP3),-0.17952881364371137
2023-06-26,Bandit Meta-Strategy (EXP3),-0.1850126000339558
2023-06-27,Bandit Meta-Strategy (EXP3),-0.18155496780013416
2023-06-28,Bandit Meta-Strategy (EXP3),-0.18442690914928409
2023-06-29,Bandit Meta-Strategy (EXP3),-0.18156480936400518
2023-06-30,Bandit Meta-Strategy (EXP3),-0.18187375803817074
2023-07-03,Bandit Meta-Strategy (EXP3),-0.1794583745257585
2023-07-05,Bandit Meta-Strategy (EXP3),-0.1792031833950579
2023-07-06,Bandit Meta-Strategy (EXP3),-0.19059796578862093
2023-07-07,Bandit Meta-Strategy (EXP3),-0.1964492690176994
2023-07-10,Bandit Meta-Strategy (EXP3),-0.19576222704729926
2023-07-11,Bandit Meta-Strategy (EXP3),-0.19235006295178472
2023-07-12,Bandit Meta-Strategy (EXP3),-0.1875620105420387
2023-07-13,Bandit Meta-Strategy (EXP3),-0.18199083930503726
2023-07-14,Bandit Meta-Strategy (EXP3),-0.18213840507825374
2023-07-17,Bandit Meta-Strategy (EXP3),-0.18236126108627362
2023-07-18,Bandit Meta-Strategy (EXP3),-0.17525555760940215
2023-07-19,Bandit Meta-Strategy (EXP3),-0.168686466470787
2023-07-20,Bandit Meta-Strategy (EXP3),-0.16085192493003186
2023-07-21,Bandit Meta-Strategy (EXP3),-0.15639613819685894
2023-07-24,Bandit Meta-Strategy (EXP3),-0.15042163100596875
2023-07-25,Bandit Meta-Strategy (EXP3),-0.15235459100694917
2023-07-26,Bandit Meta-Strategy (EXP3),-0.14782673059679935
2023-07-27,Bandit Meta-Strategy (EXP3),-0.15425052033067396
2023-07-28,Bandit Meta-Strategy (EXP3),-0.14894383135745906
2023-07-31,Bandit Meta-Strategy (EXP3),-0.1495686271854635
2023-08-01,Bandit Meta-Strategy (EXP3),-0.1515471570058141
2023-08-02,Bandit Meta-Strategy (EXP3),-0.1606626151953491
2023-08-03,Bandit Meta-Strategy (EXP3),-0.1588371221711688
2023-08-04,Bandit Meta-Strategy (EXP3),-0.16264071412199158
2023-08-07,Bandit Meta-Strategy (EXP3),-0.1531544952991108
2023-08-08,Bandit Meta-Strategy (EXP3),-0.1560439457657877
2023-08-09,Bandit Meta-Strategy (EXP3),-0.16010459156679369
2023-08-10,Bandit Meta-Strategy (EXP3),-0.1587470595785057
2023-08-11,Bandit Meta-Strategy (EXP3),-0.15813019666723657
2023-08-14,Bandit Meta-Strategy (EXP3),-0.15600005389190527
2023-08-15,Bandit Meta-Strategy (EXP3),-0.16668539245909944
2023-08-16,Bandit Meta-Strategy (EXP3),-0.17309099350877488
2023-08-17,Bandit Meta-Strategy (EXP3),-0.1762655719471848
2023-08-18,Bandit Meta-Strategy (EXP3),-0.17503096759813844
2023-08-21,Bandit Meta-Strategy (EXP3),-0.17279654816015674
2023-08-22,Bandit Meta-Strategy (EXP3),-0.17592034136478268
2023-08-23,Bandit Meta-Strategy (EXP3),-0.17051313391477968
2023-08-24,Bandit Meta-Strategy (EXP3),-0.1797375914533991
2023-08-25,Bandit Meta-Strategy (EXP3),-0.17395052472792621
2023-08-28,Bandit Meta-Strategy (EXP3),-0.17059727826063875
2023-08-29,Bandit Meta-Strategy (EXP3),-0.16144603500365254
2023-08-30,Bandit Meta-Strategy (EXP3),-0.15976598332995723
2023-08-31,Bandit Meta-Strategy (EXP3),-0.1603585066521114
2023-09-01,Bandit Meta-Strategy (EXP3),-0.1595097514693538
2023-09-05,Bandit Meta-Strategy (EXP3),-0.16309906110573008
2023-09-06,Bandit Meta-Strategy (EXP3),-0.16891847228114354
2023-09-07,Bandit Meta-Strategy (EXP3),-0.17053968366445307
2023-09-08,Bandit Meta-Strategy (EXP3),-0.16688230557682335
2023-09-11,Bandit Meta-Strategy (EXP3),-0.16296759637673347
2023-09-12,Bandit Meta-Strategy (EXP3),-0.15796895556560536
2023-09-13,Bandit Meta-Strategy (EXP3),-0.15893110803008587
2023-09-14,Bandit Meta-Strategy (EXP3),-0.15260420585888254
2023-09-15,Bandit Meta-Strategy (EXP3),-0.15989814729698396
2023-09-18,Bandit Meta-Strategy (EXP3),-0.16093482768919723
2023-09-19,Bandit Meta-Strategy (EXP3),-0.16489907486137487
2023-09-20,Bandit Meta-Strategy (EXP3),-0.16910781874118633
2023-09-21,Bandit Meta-Strategy (EXP3),-0.18051919876792719
2023-09-22,Bandit Meta-Strategy (EXP3),-0.18513616195908159
2023-09-25,Bandit Meta-Strategy (EXP3),-0.18273420991136452
2023-09-26,Bandit Meta-Strategy (EXP3),-0.1908911808011976
2023-09-27,Bandit Meta-Strategy (EXP3),-0.189412299481844
2023-09-28,Bandit Meta-Strategy (EXP3),-0.18710160241143672
2023-09-29,Bandit Meta-Strategy (EXP3),-0.18770388339413016
2023-10-02,Bandit Meta-Strategy (EXP3),-0.18580716568037894
2023-10-03,Bandit Meta-Strategy (EXP3),-0.19514718291847824
2023-10-04,Bandit Meta-Strategy (EXP3),-0.1919213166381377
2023-10-05,Bandit Meta-Strategy (EXP3),-0.19687608987707217
2023-10-06,Bandit Meta-Strategy (EXP3),-0.19166567979511812
2023-10-09,Bandit Meta-Strategy (EXP3),-0.18900442588667965
2023-10-10,Bandit Meta-Strategy (EXP3),-0.18291154735846216
2023-10-11,Bandit Meta-Strategy (EXP3),-0.18449507628767406
2023-10-12,Bandit Meta-Strategy (EXP3),-0.18756150875952188
2023-10-13,Bandit Meta-Strategy (EXP3),-0.19026670472677887
2023-10-16,Bandit Meta-Strategy (EXP3),-0.1809221400023961
2023-10-17,Bandit Meta-Strategy (EXP3),-0.18121317047320717
2023-10-18,Bandit Meta-Strategy (EXP3),-0.19084093602133922
2023-10-19,Bandit Meta-Strategy (EXP3),-0.19437963593850544
2023-10-20,Bandit Meta-Strategy (EXP3),-0.20189172806344996
2023-10-23,Bandit Meta-Strategy (EXP3),-0.201510009561748
2023-10-24,Bandit Meta-Strategy (EXP3),-0.19612613526517678
2023-10-25,Bandit Meta-Strategy (EXP3),-0.2015752726590753
2023-10-26,Bandit Meta-Strategy (EXP3),-0.21226831629251064
2023-10-27,Bandit Meta-Strategy (EXP3),-0.21923505962258624
2023-10-30,Bandit Meta-Strategy (EXP3),-0.2079348927047929
2023-10-31,Bandit Meta-Strategy (EXP3),-0.2083061786680417
2023-11-01,Bandit Meta-Strategy (EXP3),-0.20259930409417062
2023-11-02,Bandit Meta-Strategy (EXP3),-0.19201787709731702
2023-11-03,Bandit Meta-Strategy (EXP3),-0.18932763285419
2023-11-06,Bandit Meta-Strategy (EXP3),-0.18780915820927624
2023-11-07,Bandit Meta-Strategy (EXP3),-0.1863428654685966
2023-11-08,Bandit Meta-Strategy (EXP3),-0.18868360735127362
2023-11-09,Bandit Meta-Strategy (EXP3),-0.19493139013404262
2023-11-10,Bandit Meta-Strategy (EXP3),-0.18766688044578433
2023-11-13,Bandit Meta-Strategy (EXP3),-0.18515643362090298
2023-11-14,Bandit Meta-Strategy (EXP3),-0.17709140147290447
2023-11-15,Bandit Meta-Strategy (EXP3),-0.17180452511193722
2023-11-16,Bandit Meta-Strategy (EXP3),-0.1828032943726758
2023-11-17,Bandit Meta-Strategy (EXP3),-0.18299099327977392
2023-11-20,Bandit Meta-Strategy (EXP3),-0.18049884385017118
2023-11-21,Bandit Meta-Strategy (EXP3),-0.17868928162034073
2023-11-22,Bandit Meta-Strategy (EXP3),-0.17774218244315704
2023-11-24,Bandit Meta-Strategy (EXP3),-0.17475671288955089
2023-11-27,Bandit Meta-Strategy (EXP3),-0.17656200117382656
2023-11-28,Bandit Meta-Strategy (EXP3),-0.17338593438414998
2023-11-29,Bandit Meta-Strategy (EXP3),-0.17754971741853676
2023-11-30,Bandit Meta-Strategy (EXP3),-0.17793261290069365
2023-12-01,Bandit Meta-Strategy (EXP3),-0.1799925624653687
2023-12-04,Bandit Meta-Strategy (EXP3),-0.1840302631578814
2023-12-05,Bandit Meta-Strategy (EXP3),-0.18555994922701635
2023-12-06,Bandit Meta-Strategy (EXP3),-0.19116641478833665
2023-12-07,Bandit Meta-Strategy (EXP3),-0.18743478800877875
2023-12-08,Bandit Meta-Strategy (EXP3),-0.18589178339519646
2023-12-11,Bandit Meta-Strategy (EXP3),-0.18749076834810893
2023-12-12,Bandit Meta-Strategy (EXP3),-0.18511994985033187
2023-12-13,Bandit Meta-Strategy (EXP3),-0.17973292173940972
2023-12-14,Bandit Meta-Strategy (EXP3),-0.17981254577302458
2023-12-15,Bandit Meta-Strategy (EXP3),-0.1786440607706608
2023-12-18,Bandit Meta-Strategy (EXP3),-0.17038606739739276
2023-12-19,Bandit Meta-Strategy (EXP3),-0.16397154582285936
2023-12-20,Bandit Meta-Strategy (EXP3),-0.17711579763494256
2023-12-21,Bandit Meta-Strategy (EXP3),-0.16894194388872893
2023-12-22,Bandit Meta-Strategy (EXP3),-0.16736144934569688
2023-12-26,Bandit Meta-Strategy (EXP3),-0.1645044825239218
2023-12-27,Bandit Meta-Strategy (EXP3),-0.16251373010550918
2023-12-28,Bandit Meta-Strategy (EXP3),-0.16390887403530505
2023-12-29,Bandit Meta-Strategy (EXP3),-0.1644750792320962
2024-01-02,Bandit Meta-Strategy (EXP3),-0.15583752928361835
2024-01-03,Bandit Meta-Strategy (EXP3),-0.1598475143228464
2024-01-04,Bandit Meta-Strategy (EXP3),-0.16449898181094869
2024-01-05,Bandit Meta-Strategy (EXP3),-0.1616262039667778
2024-01-08,Bandit Meta-Strategy (EXP3),-0.15606352088334483
2024-01-09,Bandit Meta-Strategy (EXP3),-0.16019790411203744
2024-01-10,Bandit Meta-Strategy (EXP3),-0.15969992060668103
2024-01-11,Bandit Meta-Strategy (EXP3),-0.16569475966982244
2024-01-12,Bandit Meta-Strategy (EXP3),-0.16484008915696235
2024-01-16,Bandit Meta-Strategy (EXP3),-0.17043154894616275
2024-01-17,Bandit Meta-Strategy (EXP3),-0.1752323979802124
2024-01-18,Bandit Meta-Strategy (EXP3),-0.1738906289851142
2024-01-19,Bandit Meta-Strategy (EXP3),-0.16911463707515967
2024-01-22,Bandit Meta-Strategy (EXP3),-0.16999353474423443
2024-01-23,Bandit Meta-Strategy (EXP3),-0.16755233703935193
2024-01-24,Bandit Meta-Strategy (EXP3),-0.16593996309492787
2024-01-25,Bandit Meta-Strategy (EXP3),-0.173812764259084
2024-01-26,Bandit Meta-Strategy (EXP3),-0.1722436452581742
2024-01-29,Bandit Meta-Strategy (EXP3),-0.1649428952939485
2024-01-30,Bandit Meta-Strategy (EXP3),-0.16380656488770695
2024-01-31,Bandit Meta-Strategy (EXP3),-0.16445075546837698
2024-02-01,Bandit Meta-Strategy (EXP3),-0.15425501198528305
2024-02-02,Bandit Meta-Strategy (EXP3),-0.14907817922904829
2024-02-05,Bandit Meta-Strategy (EXP3),-0.152647626786187
2024-02-06,Bandit Meta-Strategy (EXP3),-0.14710790312232905
2024-02-07,Bandit Meta-Strategy (EXP3),-0.1428048254291134
2024-02-08,Bandit Meta-Strategy (EXP3),-0.14189242831417592
2024-02-09,Bandit Meta-Strategy (EXP3),-0.14098902732331917
2024-02-12,Bandit Meta-Strategy (EXP3),-0.1403000404130761
2024-02-13,Bandit Meta-Strategy (EXP3),-0.1493319237444263
2024-02-14,Bandit Meta-Strategy (EXP3),-0.14654900438328938
2024-02-15,Bandit Meta-Strategy (EXP3),-0.1389396139506661
2024-02-16,Bandit Meta-Strategy (EXP3),-0.14050410705658353
2024-02-20,Bandit Meta-Strategy (EXP3),-0.1371291504995693
2024-02-21,Bandit Meta-Strategy (EXP3),-0.1358246426018018
2024-02-22,Bandit Meta-Strategy (EXP3),-0.12266644019701722
2024-02-23,Bandit Meta-Strategy (EXP3),-0.12255895159803498
2024-02-26,Bandit Meta-Strategy (EXP3),-0.22967608514496146
2024-02-27,Bandit Meta-Strategy (EXP3),-0.22926670271139762
2024-02-28,Bandit Meta-Strategy (EXP3),-0.22824422680131
2024-02-29,Bandit Meta-Strategy (EXP3),-0.22857307743658706
2024-03-01,Bandit Meta-Strategy (EXP3),-0.2258129505549905
2024-03-04,Bandit Meta-Strategy (EXP3),-0.2297890014654265
2024-03-05,Bandit Meta-Strategy (EXP3),-0.23255302547504966
2024-03-06,Bandit Meta-Strategy (EXP3),-0.22940343634371319
2024-03-07,Bandit Meta-Strategy (EXP3),-0.22672889970289803
2024-03-08,Bandit Meta-Strategy (EXP3),-0.2275818786287988
2024-03-11,Bandit Meta-Strategy (EXP3),-0.22265690777564884
2024-03-12,Bandit Meta-Strategy (EXP3),-0.21565865058986575
2024-03-13,Bandit Meta-Strategy (EXP3),-0.21507144059567362
2024-03-14,Bandit Meta-Strategy (EXP3),-0.2183079692784618
2024-03-15,Bandit Meta-Strategy (EXP3),-0.2233431365524681
2024-03-18,Bandit Meta-Strategy (EXP3),-0.21928969767272952
2024-03-19,Bandit Meta-Strategy (EXP3),-0.21677235535530615
2024-03-20,Bandit Meta-Strategy (EXP3),-0.21137535628256868
2024-03-21,Bandit Meta-Strategy (EXP3),-0.21123027104019318
2024-03-22,Bandit Meta-Strategy (EXP3),-0.21335654635573983
2024-03-25,Bandit Meta-Strategy (EXP3),-0.21456838290215124
2024-03-26,Bandit Meta-Strategy (EXP3),-0.2149468498180517
2024-03-27,Bandit Meta-Strategy (EXP3),-0.20981024953717928
2024-03-28,Bandit Meta-Strategy (EXP3),-0.21002197046803167
2024-04-01,Bandit Meta-Strategy (EXP3),-0.21240674090013234
2024-04-02,Bandit Meta-Strategy (EXP3),-0.21464056878496432
2024-04-03,Bandit Meta-Strategy (EXP3),-0.22043206468646756
2024-04-04,Bandit Meta-Strategy (EXP3),-0.22761177176489925
2024-04-05,Bandit Meta-Strategy (EXP3),-0.22154661321941874
2024-04-08,Bandit Meta-Strategy (EXP3),-0.22296214870143719
2024-04-09,Bandit Meta-Strategy (EXP3),-0.2210763390253802
2024-04-10,Bandit Meta-Strategy (EXP3),-0.22543537824595156
2024-04-11,Bandit Meta-Strategy (EXP3),-0.22301938790582268
2024-04-12,Bandit Meta-Strategy (EXP3),-0.23315313993550327
2024-04-15,Bandit Meta-Strategy (EXP3),-0.23961519729525696
2024-04-16,Bandit Meta-Strategy (EXP3),-0.24320567923646796
2024-04-17,Bandit Meta-Strategy (EXP3),-0.24466535548190985
2024-04-18,Bandit Meta-Strategy (EXP3),-0.24450985297550265
2024-04-19,Bandit Meta-Strategy (EXP3),-0.24459246130361956
2024-04-22,Bandit Meta-Strategy (EXP3),-0.23778053445730948
2024-04-23,Bandit Meta-Strategy (EXP3),-0.23178636933233607
2024-04-24,Bandit Meta-Strategy (EXP3),-0.22926303176776489
2024-04-25,Bandit Meta-Strategy (EXP3),-0.23323359257736884
2024-04-26,Bandit Meta-Strategy (EXP3),-0.23159299069861397
2024-04-29,Bandit Meta-Strategy (EXP3),-0.22749343600032906
2024-04-30,Bandit Meta-Strategy (EXP3),-0.22767633885471314
2024-05-01,Bandit Meta-Strategy (EXP3),-0.2220471028394239
2024-05-02,Bandit Meta-Strategy (EXP3),-0.21640314790913184
2024-05-03,Bandit Meta-Strategy (EXP3),-0.210058832625608
2024-05-06,Bandit Meta-Strategy (EXP3),-0.2029263546729389
2024-05-07,Bandit Meta-Strategy (EXP3),-0.2051070224676148
2024-05-08,Bandit Meta-Strategy (EXP3),-0.20391707231245632
2024-05-09,Bandit Meta-Strategy (EXP3),-0.20080834598922617
2024-05-10,Bandit Meta-Strategy (EXP3),-0.2002645814732149
2024-05-13,Bandit Meta-Strategy (EXP3),-0.19849837941638127
2024-05-14,Bandit Meta-Strategy (EXP3),-0.19776452244007076
2024-05-15,Bandit Meta-Strategy (EXP3),-0.19175717710006637
2024-05-16,Bandit Meta-Strategy (EXP3),-0.18816788498804415
2024-05-17,Bandit Meta-Strategy (EXP3),-0.18707639917716112
2024-05-20,Bandit Meta-Strategy (EXP3),-0.19180879669669837
2024-05-21,Bandit Meta-Strategy (EXP3),-0.18762376572552966
2024-05-22,Bandit Meta-Strategy (EXP3),-0.1872786371597287
2024-05-23,Bandit Meta-Strategy (EXP3),-0.19571290705846395
2024-05-24,Bandit Meta-Strategy (EXP3),-0.19202887782401554
2024-05-28,Bandit Meta-Strategy (EXP3),-0.19328905099427257
2024-05-29,Bandit Meta-Strategy (EXP3),-0.19704996642352368
2024-05-30,Bandit Meta-Strategy (EXP3),-0.19765707739960514
2024-05-31,Bandit Meta-Strategy (EXP3),-0.19788197234831661
2024-06-03,Bandit Meta-Strategy (EXP3),-0.19643253848122347
2024-06-04,Bandit Meta-Strategy (EXP3),-0.1936325697146925
2024-06-05,Bandit Meta-Strategy (EXP3),-0.18783616058930996
2024-06-06,Bandit Meta-Strategy (EXP3),-0.18629514763056826
2024-06-07,Bandit Meta-Strategy (EXP3),-0.18879299148477638
2024-06-10,Bandit Meta-Strategy (EXP3),-0.23453166474530363
2024-06-11,Bandit Meta-Strategy (EXP3),-0.23427576785424076
2024-06-12,Bandit Meta-Strategy (EXP3),-0.23496462361546433
2024-06-13,Bandit Meta-Strategy (EXP3),-0.23354308392267642
2024-06-14,Bandit Meta-Strategy (EXP3),-0.23435479378092344
2024-06-17,Bandit Meta-Strategy (EXP3),-0.22950661147089785
2024-06-18,Bandit Meta-Strategy (EXP3),-0.22807097047257688
2024-06-20,Bandit Meta-Strategy (EXP3),-0.22615004133536604
2024-06-21,Bandit Meta-Strategy (EXP3),-0.22485924462004428
2024-06-24,Bandit Meta-Strategy (EXP3),-0.22149991422609616
2024-06-25,Bandit Meta-Strategy (EXP3),-0.22265153528187467
2024-06-26,Bandit Meta-Strategy (EXP3),-0.218626988969464
2024-06-27,Bandit Meta-Strategy (EXP3),-0.21859597541227668
2024-06-28,Bandit Meta-Strategy (EXP3),-0.2238991797437875
2024-07-01,Bandit Meta-Strategy (EXP3),-0.22063657497465156
2024-07-02,Bandit Meta-Strategy (EXP3),-0.21162812644492532
2024-07-03,Bandit Meta-Strategy (EXP3),-0.20712627806665787
2024-07-05,Bandit Meta-Strategy (EXP3),-0.19875151372874791
2024-07-08,Bandit Meta-Strategy (EXP3),-0.2019011183452876
2024-07-09,Bandit Meta-Strategy (EXP3),-0.20032790650975416
2024-07-10,Bandit Meta-Strategy (EXP3),-0.1955762824006009
2024-07-11,Bandit Meta-Strategy (EXP3),-0.20600304415997064
2024-07-12,Bandit Meta-Strategy (EXP3),-0.20339484918398915
2024-07-15,Bandit Meta-Strategy (EXP3),-0.20007775731641084
2024-07-16,Bandit Meta-Strategy (EXP3),-0.19342414241221254
2024-07-17,Bandit Meta-Strategy (EXP3),-0.19305472898256718
2024-07-18,Bandit Meta-Strategy (EXP3),-0.19812039099605455
2024-07-19,Bandit Meta-Strategy (EXP3),-0.20414392278175164
2024-07-22,Bandit Meta-Strategy (EXP3),-0.20032343036209288
2024-07-23,Bandit Meta-Strategy (EXP3),-0.20515606737932984
2024-07-24,Bandit Meta-Strategy (EXP3),-0.21946471838418552
2024-07-25,Bandit Meta-Strategy (EXP3),-0.21983102722693254
2024-07-26,Bandit Meta-Strategy (EXP3),-0.2122875122852497
2024-07-29,Bandit Meta-Strategy (EXP3),-0.20948099769580486
2024-07-30,Bandit Meta-Strategy (EXP3),-0.21011645928540815
2024-07-31,Bandit Meta-Strategy (EXP3),-0.2104674233005624
2024-08-01,Bandit Meta-Strategy (EXP3),-0.21334070097125302
2024-08-02,Bandit Meta-Strategy (EXP3),-0.22154096074795043
2024-08-05,Bandit Meta-Strategy (EXP3),-0.24238235838738345
2024-08-06,Bandit Meta-Strategy (EXP3),-0.23610472196228097
2024-08-07,Bandit Meta-Strategy (EXP3),-0.2429455224456994
2024-08-08,Bandit Meta-Strategy (EXP3),-0.22884821970681135
2024-08-09,Bandit Meta-Strategy (EXP3),-0.22602949260548497
2024-08-12,Bandit Meta-Strategy (EXP3),-0.2261657060636385
2024-08-13,Bandit Meta-Strategy (EXP3),-0.21702933082162562
2024-08-14,Bandit Meta-Strategy (EXP3),-0.21304323200375067
2024-08-15,Bandit Meta-Strategy (EXP3),-0.19834638067074148
2024-08-16,Bandit Meta-Strategy (EXP3),-0.19630955199356226
2024-08-19,Bandit Meta-Strategy (EXP3),-0.1879154964909431
2024-08-20,Bandit Meta-Strategy (EXP3),-0.1891005019675993
2024-08-21,Bandit Meta-Strategy (EXP3),-0.18562373463621593
2024-08-22,Bandit Meta-Strategy (EXP3),-0.19230940515767245
2024-08-23,Bandit Meta-Strategy (EXP3),-0.1848668618686324
2024-08-26,Bandit Meta-Strategy (EXP3),-0.18451799954001158
2024-08-27,Bandit Meta-Strategy (EXP3),-0.18536391554893414
2024-08-28,Bandit Meta-Strategy (EXP3),-0.1907864681433593
2024-08-29,Bandit Meta-Strategy (EXP3),-0.19087504351570803
2024-08-30,Bandit Meta-Strategy (EXP3),-0.19123377523498553
2024-09-03,Bandit Meta-Strategy (EXP3),-0.20345619728740558
2024-09-04,Bandit Meta-Strategy (EXP3),-0.20316168769083276
2024-09-05,Bandit Meta-Strategy (EXP3),-0.20278049113833982
2024-09-06,Bandit Meta-Strategy (EXP3),-0.21602024084224727
2024-09-09,Bandit Meta-Strategy (EXP3),-0.20460193490598952
2024-09-10,Bandit Meta-Strategy (EXP3),-0.20206113218179197
2024-09-11,Bandit Meta-Strategy (EXP3),-0.19837788233910195
2024-09-12,Bandit Meta-Strategy (EXP3),-0.19295911212953717
2024-09-13,Bandit Meta-Strategy (EXP3),-0.18908353808555609
2024-09-16,Bandit Meta-Strategy (EXP3),-0.1837691702225646
2024-09-17,Bandit Meta-Strategy (EXP3),-0.18171956129363348
2024-09-18,Bandit Meta-Strategy (EXP3),-0.18454463731865808
2024-09-19,Bandit Meta-Strategy (EXP3),-0.17544864602579116
2024-09-20,Bandit Meta-Strategy (EXP3),-0.1759810748633069
2024-09-23,Bandit Meta-Strategy (EXP3),-0.1723540245073408
2024-09-24,Bandit Meta-Strategy (EXP3),-0.17186944264227141
2024-09-25,Bandit Meta-Strategy (EXP3),-0.1741363470484339
2024-09-26,Bandit Meta-Strategy (EXP3),-0.17433036172622773
2024-09-27,Bandit Meta-Strategy (EXP3),-0.17146564854339053
2024-09-30,Bandit Meta-Strategy (EXP3),-0.16807041446636065
2024-10-01,Bandit Meta-Strategy (EXP3),-0.1719302642809264
2024-10-02,Bandit Meta-Strategy (EXP3),-0.17398368121248764
2024-10-03,Bandit Meta-Strategy (EXP3),-0.17589628292949877
2024-10-04,Bandit Meta-Strategy (EXP3),-0.16716543500893963
2024-10-07,Bandit Meta-Strategy (EXP3),-0.1766731492812236
2024-10-08,Bandit Meta-Strategy (EXP3),-0.17050340813110973
2024-10-09,Bandit Meta-Strategy (EXP3),-0.16550850748860454
2024-10-10,Bandit Meta-Strategy (EXP3),-0.16852201392550645
2024-10-11,Bandit Meta-Strategy (EXP3),-0.16625031994017028
2024-10-14,Bandit Meta-Strategy (EXP3),-0.16183144775442487
2024-10-15,Bandit Meta-Strategy (EXP3),-0.16410923123212348
2024-10-16,Bandit Meta-Strategy (EXP3),-0.15946626711909992
2024-10-17,Bandit Meta-Strategy (EXP3),-0.16149308190483186
2024-10-18,Bandit Meta-Strategy (EXP3),-0.1560774969357963
2024-10-21,Bandit Meta-Strategy (EXP3),-0.15896101626379391
2024-10-22,Bandit Meta-Strategy (EXP3),-0.15753774962658104
2024-10-23,Bandit Meta-Strategy (EXP3),-0.16486048000363207
2024-10-24,Bandit Meta-Strategy (EXP3),-0.1574293768378997
2024-10-25,Bandit Meta-Strategy (EXP3),-0.15780325400862213
2024-10-28,Bandit Meta-Strategy (EXP3),-0.15490280237652984
2024-10-29,Bandit Meta-Strategy (EXP3),-0.15719878513635888
2024-10-30,Bandit Meta-Strategy (EXP3),-0.1567081199603663
2024-10-31,Bandit Meta-Strategy (EXP3),-0.1570996648191072
2024-11-01,Bandit Meta-Strategy (EXP3),-0.15642697087935323
2024-11-04,Bandit Meta-Strategy (EXP3),-0.15731408743983827
2024-11-05,Bandit Meta-Strategy (EXP3),-0.14982785773318338
2024-11-06,Bandit Meta-Strategy (EXP3),-0.14182583727400258
2024-11-07,Bandit Meta-Strategy (EXP3),-0.13397806433888426
2024-11-08,Bandit Meta-Strategy (EXP3),-0.12874333996585366
2024-11-11,Bandit Meta-Strategy (EXP3),-0.12766889795076905
2024-11-12,Bandit Meta-Strategy (EXP3),-0.1301321922151154
2024-11-13,Bandit Meta-Strategy (EXP3),-0.1261399662242567
2024-11-14,Bandit Meta-Strategy (EXP3),-0.12934925647564222
2024-11-15,Bandit Meta-Strategy (EXP3),-0.13244352238878168
2024-11-18,Bandit Meta-Strategy (EXP3),-0.12717367502211563
2024-11-19,Bandit Meta-Strategy (EXP3),-0.12336313706892539
2024-11-20,Bandit Meta-Strategy (EXP3),-0.1234708569553331
2024-11-21,Bandit Meta-Strategy (EXP3),-0.11758017655233326
2024-11-22,Bandit Meta-Strategy (EXP3),-0.11074425567746092
2024-11-25,Bandit Meta-Strategy (EXP3),-0.10967025178242136
2024-11-26,Bandit Meta-Strategy (EXP3),-0.10647906345852179
2024-11-27,Bandit Meta-Strategy (EXP3),-0.10701167976982745
2024-11-29,Bandit Meta-Strategy (EXP3),-0.10295873540577753
2024-12-02,Bandit Meta-Strategy (EXP3),-0.0994751551321414
2024-12-03,Bandit Meta-Strategy (EXP3),-0.10172597805502812
2024-12-04,Bandit Meta-Strategy (EXP3),-0.10367943584163203
2024-12-05,Bandit Meta-Strategy (EXP3),-0.09935338571257522
2024-12-06,Bandit Meta-Strategy (EXP3),-0.09541938013443821
2024-12-09,Bandit Meta-Strategy (EXP3),-0.10181274744978329
2024-12-10,Bandit Meta-Strategy (EXP3),-0.09954560327108884
2024-12-11,Bandit Meta-Strategy (EXP3),-0.09422389835310756
2024-12-12,Bandit Meta-Strategy (EXP3),-0.09634534575071106
2024-12-13,Bandit Meta-Strategy (EXP3),-0.09828348789454705
2024-12-16,Bandit Meta-Strategy (EXP3),-0.09766130953834488
2024-12-17,Bandit Meta-Strategy (EXP3),-0.09302570739261323
2024-12-18,Bandit Meta-Strategy (EXP3),-0.1161010717368972
2024-12-19,Bandit Meta-Strategy (EXP3),-0.11756276267625751
2024-12-20,Bandit Meta-Strategy (EXP3),-0.11493587304645449
2024-12-23,Bandit Meta-Strategy (EXP3),-0.11105909069805035
2024-12-24,Bandit Meta-Strategy (EXP3),-0.09941823125626088
2024-12-26,Bandit Meta-Strategy (EXP3),-0.1013616569465404
2024-12-27,Bandit Meta-Strategy (EXP3),-0.11022740095349118
2024-12-30,Bandit Meta-Strategy (EXP3),-0.12022089166665562
2024-12-31,Bandit Meta-Strategy (EXP3),-0.1205731327039556
2025-01-02,Bandit Meta-Strategy (EXP3),-0.12532655949501104
2025-01-03,Bandit Meta-Strategy (EXP3),-0.12114286289316958
2025-01-06,Bandit Meta-Strategy (EXP3),-0.12377157885955989
2025-01-07,Bandit Meta-Strategy (EXP3),-0.12492968831665627
2025-01-08,Bandit Meta-Strategy (EXP3),-0.1275989076041137
2025-01-10,Bandit Meta-Strategy (EXP3),-0.1380850316204765
2025-01-13,Bandit Meta-Strategy (EXP3),-0.1335282273184995
2025-01-14,Bandit Meta-Strategy (EXP3),-0.1335234578463614
2025-01-15,Bandit Meta-Strategy (EXP3),-0.12208287054944444
2025-01-16,Bandit Meta-Strategy (EXP3),-0.1224758146762052
2025-01-17,Bandit Meta-Strategy (EXP3),-0.11626025218543531
2025-01-21,Bandit Meta-Strategy (EXP3),-0.11315347214272774
2025-01-22,Bandit Meta-Strategy (EXP3),-0.10982921733043154
2025-01-23,Bandit Meta-Strategy (EXP3),-0.10291982629890709
2025-01-24,Bandit Meta-Strategy (EXP3),-0.10565567347650223
2025-01-27,Bandit Meta-Strategy (EXP3),-0.09285086805277266
2025-01-28,Bandit Meta-Strategy (EXP3),-0.09768514723368915
2025-01-29,Bandit Meta-Strategy (EXP3),-0.09675811317247464
2025-01-30,Bandit Meta-Strategy (EXP3),-0.08972222845098769
2025-01-31,Bandit Meta-Strategy (EXP3),-0.0900331857789512
2025-02-03,Bandit Meta-Strategy (EXP3),-0.09018354010785691
2025-02-04,Bandit Meta-Strategy (EXP3),-0.08392970593653336
2025-02-05,Bandit Meta-Strategy (EXP3),-0.07807403824741699
2025-02-06,Bandit Meta-Strategy (EXP3),-0.07721564294017419
2025-02-07,Bandit Meta-Strategy (EXP3),-0.08066433531760284
2025-02-10,Bandit Meta-Strategy (EXP3),-0.07323147086226162
2025-02-11,Bandit Meta-Strategy (EXP3),-0.06566773634093852
2025-02-12,Bandit Meta-Strategy (EXP3),-0.06707649259556547
2025-02-13,Bandit Meta-Strategy (EXP3),-0.05543253633286645
2025-02-14,Bandit Meta-Strategy (EXP3),-0.061871791515684726
2025-02-18,Bandit Meta-Strategy (EXP3),-0.060539710698877106
2025-02-19,Bandit Meta-Strategy (EXP3),-0.05456590654487449
2025-02-20,Bandit Meta-Strategy (EXP3),-0.05935296557625732
2025-02-21,Bandit Meta-Strategy (EXP3),-0.06241742282698905
2025-02-24,Bandit Meta-Strategy (EXP3),-0.06634834627263901
2025-02-25,Bandit Meta-Strategy (EXP3),-0.0640807324145791
2025-02-26,Bandit Meta-Strategy (EXP3),-0.0685801361488866
2025-02-27,Bandit Meta-Strategy (EXP3),-0.0747193594731235
2025-02-28,Bandit Meta-Strategy (EXP3),-0.07555027219348615
2025-03-03,Bandit Meta-Strategy (EXP3),-0.08805294138451726
2025-03-04,Bandit Meta-Strategy (EXP3),-0.10606323898868351
2025-03-05,Bandit Meta-Strategy (EXP3),-0.09636822211648875
2025-03-06,Bandit Meta-Strategy (EXP3),-0.1219758008106541
2025-03-07,Bandit Meta-Strategy (EXP3),-0.12733826255752495
2025-03-10,Bandit Meta-Strategy (EXP3),-0.16231618502725784
2025-03-11,Bandit Meta-Strategy (EXP3),-0.16122254256175977
2025-03-12,Bandit Meta-Strategy (EXP3),-0.15444629643247715
2025-03-13,Bandit Meta-Strategy (EXP3),-0.16781233986213331
2025-03-14,Bandit Meta-Strategy (EXP3),-0.1509403919713351
2025-03-17,Bandit Meta-Strategy (EXP3),-0.1457867077699043
2025-03-18,Bandit Meta-Strategy (EXP3),-0.16043885080436332
2025-03-19,Bandit Meta-Strategy (EXP3),-0.14651242457744804
2025-03-20,Bandit Meta-Strategy (EXP3),-0.14838265725063998
2025-03-21,Bandit Meta-Strategy (EXP3),-0.14070959107568903
2025-03-24,Bandit Meta-Strategy (EXP3),-0.11827048297334569
2025-03-25,Bandit Meta-Strategy (EXP3),-0.11491034992529567
2025-03-26,Bandit Meta-Strategy (EXP3),-0.12643542669356958
2025-03-27,Bandit Meta-Strategy (EXP3),-0.12454391697379559
2025-03-28,Bandit Meta-Strategy (EXP3),-0.14249463647443245
2025-03-31,Bandit Meta-Strategy (EXP3),-0.14281592544009003
2025-04-01,Bandit Meta-Strategy (EXP3),-0.1443103273157622
2025-04-02,Bandit Meta-Strategy (EXP3),-0.13701224999151115
2025-04-03,Bandit Meta-Strategy (EXP3),-0.16371056205647733
2025-04-04,Bandit Meta-Strategy (EXP3),-0.21331616976021506
2025-04-07,Bandit Meta-Strategy (EXP3),-0.2169596308592837
2025-04-08,Bandit Meta-Strategy (EXP3),-0.22929511986905357
2025-04-09,Bandit Meta-Strategy (EXP3),-0.16232398030395173
2025-04-10,Bandit Meta-Strategy (EXP3),-0.1851120270610999
2025-04-11,Bandit Meta-Strategy (EXP3),-0.17186376598186517
2025-04-14,Bandit Meta-Strategy (EXP3),-0.1648076448315616
2025-04-15,Bandit Meta-Strategy (EXP3),-0.16206006124401273
2025-04-16,Bandit Meta-Strategy (EXP3),-0.1801239561099514
2025-04-17,Bandit Meta-Strategy (EXP3),-0.1715265132920282
2025-04-21,Bandit Meta-Strategy (EXP3),-0.18516636998991812
2025-04-22,Bandit Meta-Strategy (EXP3),-0.16247669314671
2025-04-23,Bandit Meta-Strategy (EXP3),-0.15447108752618838
2025-04-24,Bandit Meta-Strategy (EXP3),-0.14166697076295623
2025-04-25,Bandit Meta-Strategy (EXP3),-0.13134641174238934
2025-04-28,Bandit Meta-Strategy (EXP3),-0.1303500746027231
2025-04-29,Bandit Meta-Strategy (EXP3),-0.1225667526126839
2025-04-30,Bandit Meta-Strategy (EXP3),-0.12318224142420331
2025-05-01,Bandit Meta-Strategy (EXP3),-0.12488145703234603
2025-05-02,Bandit Meta-Strategy (EXP3),-0.11386893168030787
2025-05-05,Bandit Meta-Strategy (EXP3),-0.12104419381857769
2025-05-06,Bandit Meta-Strategy (EXP3),-0.12396611381247563
2025-05-07,Bandit Meta-Strategy (EXP3),-0.11890570014396872
2025-05-08,Bandit Meta-Strategy (EXP3),-0.1188827114862103
2025-05-09,Bandit Meta-Strategy (EXP3),-0.12185796287097601
2025-05-12,Bandit Meta-Strategy (EXP3),-0.10574220710795368
2025-05-13,Bandit Meta-Strategy (EXP3),-0.10657096417547678
2025-05-14,Bandit Meta-Strategy (EXP3),-0.10288695555180266
2025-05-15,Bandit Meta-Strategy (EXP3),-0.09212785190791753
2025-05-16,Bandit Meta-Strategy (EXP3),-0.08531387100667193
2025-05-19,Bandit Meta-Strategy (EXP3),-0.08493884913048039
2025-05-20,Bandit Meta-Strategy (EXP3),-0.08618395693927175
2025-05-21,Bandit Meta-Strategy (EXP3),-0.09189638898631468
2025-05-22,Bandit Meta-Strategy (EXP3),-0.09284614303325137
2025-05-23,Bandit Meta-Strategy (EXP3),-0.09438248351375093
2025-05-27,Bandit Meta-Strategy (EXP3),-0.08010912077255133
2025-05-28,Bandit Meta-Strategy (EXP3),-0.0857820389694561
2025-05-29,Bandit Meta-Strategy (EXP3),-0.08110705686883923
2025-05-30,Bandit Meta-Strategy (EXP3),-0.07900056567183984
2025-06-02,Bandit Meta-Strategy (EXP3),-0.07851949221215995
2025-06-03,Bandit Meta-Strategy (EXP3),-0.07931128930773824
2025-06-04,Bandit Meta-Strategy (EXP3),-0.08062066908528562
2025-06-05,Bandit Meta-Strategy (EXP3),-0.09072953457959865
2025-06-06,Bandit Meta-Strategy (EXP3),-0.0806954432181836
2025-06-09,Bandit Meta-Strategy (EXP3),-0.07759916230480256
2025-06-10,Bandit Meta-Strategy (EXP3),-0.069127460150816
2025-06-11,Bandit Meta-Strategy (EXP3),-0.07190957808673593
2025-06-12,Bandit Meta-Strategy (EXP3),-0.06946937633916093
2025-06-13,Bandit Meta-Strategy (EXP3),-0.07664849143425508
2025-06-16,Bandit Meta-Strategy (EXP3),-0.0738758995043315
2025-06-17,Bandit Meta-Strategy (EXP3),-0.08288411611692725
2025-06-18,Bandit Meta-Strategy (EXP3),-0.08724942495822328
2025-06-20,Bandit Meta-Strategy (EXP3),-0.09004194189182675
2025-06-23,Bandit Meta-Strategy (EXP3),-0.08055592043907996
2025-06-24,Bandit Meta-Strategy (EXP3),-0.07608323626598217
2025-06-25,Bandit Meta-Strategy (EXP3),-0.07542755093657356
2025-06-26,Bandit Meta-Strategy (EXP3),-0.07100370351311273
2025-06-27,Bandit Meta-Strategy (EXP3),-0.06326417958779526
2025-06-30,Bandit Meta-Strategy (EXP3),-0.06357040522745921
2025-07-01,Bandit Meta-Strategy (EXP3),-0.05910716752122215
2025-07-02,Bandit Meta-Strategy (EXP3),-0.056422400907419436
2025-07-03,Bandit Meta-Strategy (EXP3),-0.05102611901589173
2025-07-07,Bandit Meta-Strategy (EXP3),-0.05887978966711203
2025-07-08,Bandit Meta-Strategy (EXP3),-0.06177925256060072
2025-07-09,Bandit Meta-Strategy (EXP3),-0.060319808790527264
2025-07-10,Bandit Meta-Strategy (EXP3),-0.055770426083788856
2025-07-11,Bandit Meta-Strategy (EXP3),-0.056624048080404624
2025-07-14,Bandit Meta-Strategy (EXP3),-0.05901024466619782
2025-07-15,Bandit Meta-Strategy (EXP3),-0.06376663234637013
2025-07-16,Bandit Meta-Strategy (EXP3),-0.051581081838716285
2025-07-17,Bandit Meta-Strategy (EXP3),-0.04718200801224474
2025-07-18,Bandit Meta-Strategy (EXP3),-0.05119196198178081
2025-07-21,Bandit Meta-Strategy (EXP3),-0.0464827399011954
2025-07-22,Bandit Meta-Strategy (EXP3),-0.04132735890538753
2025-07-23,Bandit Meta-Strategy (EXP3),-0.038890209225619615
2025-07-24,Bandit Meta-Strategy (EXP3),-0.03872313280651904
2025-07-25,Bandit Meta-Strategy (EXP3),-0.03831277277360966
2025-07-28,Bandit Meta-Strategy (EXP3),-0.042273612185077435
2025-07-29,Bandit Meta-Strategy (EXP3),-0.03674094979462538
2025-07-30,Bandit Meta-Strategy (EXP3),-0.04217411303157002
2025-07-31,Bandit Meta-Strategy (EXP3),-0.04254714528591858
2025-08-01,Bandit Meta-Strategy (EXP3),-0.03986996387645611
2025-08-04,Bandit Meta-Strategy (EXP3),-0.02858542069208736
2025-08-05,Bandit Meta-Strategy (EXP3),-0.028021780144357362
2025-08-06,Bandit Meta-Strategy (EXP3),-0.02010300274667295
2025-08-07,Bandit Meta-Strategy (EXP3),-0.015959768010401255
2025-08-08,Bandit Meta-Strategy (EXP3),-0.008316728113582288
2025-08-11,Bandit Meta-Strategy (EXP3),-0.0048949130061930555
2025-08-12,Bandit Meta-Strategy (EXP3),-0.0005769017346163685
2025-08-13,Bandit Meta-Strategy (EXP3),0.0
2025-08-14,Bandit Meta-Strategy (EXP3),-0.00508771366297857
2025-08-15,Bandit Meta-Strategy (EXP3),-0.0035271448513938095
2025-08-18,Bandit Meta-Strategy (EXP3),-0.00510020535384019
2025-08-19,Bandit Meta-Strategy (EXP3),0.0
2025-08-20,Bandit Meta-Strategy (EXP3),0.0
2025-08-21,Bandit Meta-Strategy (EXP3),-0.004400714021645523
2025-08-22,Bandit Meta-Strategy (EXP3),0.0
2025-08-25,Bandit Meta-Strategy (EXP3),-0.007390190995756831
2025-08-26,Bandit Meta-Strategy (EXP3),-0.009321997536760784
2025-08-27,Bandit Meta-Strategy (EXP3),-0.007047450950602715
2025-08-28,Bandit Meta-Strategy (EXP3),-0.010968441518545433
2025-08-29,Bandit Meta-Strategy (EXP3),-0.011523550888856565
2025-09-02,Bandit Meta-Strategy (EXP3),-0.012178383468751348
2025-09-03,Bandit Meta-Strategy (EXP3),-0.007168187859531878
2025-09-04,Bandit Meta-Strategy (EXP3),-0.0012964729374419649
2025-09-05,Bandit Meta-Strategy (EXP3),-0.005776821454226692
2025-09-08,Bandit Meta-Strategy (EXP3),-0.006787176608296015
2025-09-09,Bandit Meta-Strategy (EXP3),-0.0029955876730497683
2025-09-10,Bandit Meta-Strategy (EXP3),-0.007638424925115189
2025-09-11,Bandit Meta-Strategy (EXP3),0.0
2025-09-12,Bandit Meta-Strategy (EXP3),-0.0006597443441598037
2025-09-15,Bandit Meta-Strategy (EXP3),0.0
2025-09-16,Bandit Meta-Strategy (EXP3),0.0
2025-09-17,Bandit Meta-Strategy (EXP3),0.0
2025-09-18,Bandit Meta-Strategy (EXP3),-0.006528616583571898
2025-09-19,Bandit Meta-Strategy (EXP3),-0.0033754679448038225
2025-09-22,Bandit Meta-Strategy (EXP3),-0.005198759073192141
2025-09-23,Bandit Meta-Strategy (EXP3),-0.007778273604416306
2025-09-24,Bandit Meta-Strategy (EXP3),-0.00803166181734821
2025-09-25,Bandit Meta-Strategy (EXP3),-0.011399658593219793
2025-09-26,Bandit Meta-Strategy (EXP3),-0.006132301087233864
2025-09-29,Bandit Meta-Strategy (EXP3),-0.003529116669561587
2025-09-30,Bandit Meta-Strategy (EXP3),0.0
2025-10-01,Bandit Meta-Strategy (EXP3),0.0
2025-10-02,Bandit Meta-Strategy (EXP3),-0.005195260966628775
2025-10-03,Bandit Meta-Strategy (EXP3),-0.0016364914701796928
2025-10-06,Bandit Meta-Strategy (EXP3),-0.0018735511444674207
2025-10-07,Bandit Meta-Strategy (EXP3),-0.0013383186932143106
2025-10-08,Bandit Meta-Strategy (EXP3),-0.0027204706060760054
2025-10-09,Bandit Meta-Strategy (EXP3),-0.0042736617202466945
2025-10-10,Bandit Meta-Strategy (EXP3),-0.018211936256609714
2025-10-13,Bandit Meta-Strategy (EXP3),-0.011303366289390153
2025-10-14,Bandit Meta-Strategy (EXP3),-0.007991795328619839
2025-10-15,Bandit Meta-Strategy (EXP3),-0.00659921669522346
2025-10-16,Bandit Meta-Strategy (EXP3),-0.010613782674093042
2025-10-17,Bandit Meta-Strategy (EXP3),0.0
2025-10-20,Bandit Meta-Strategy (EXP3),0.0
2025-10-21,Bandit Meta-Strategy (EXP3),0.0
2025-10-22,Bandit Meta-Strategy (EXP3),-0.005525726754494622
2025-10-23,Bandit Meta-Strategy (EXP3),-0.0050053028168473715
2025-10-24,Bandit Meta-Strategy (EXP3),-0.004967076347186697
2025-10-27,Bandit Meta-Strategy (EXP3),0.0
2025-10-28,Bandit Meta-Strategy (EXP3),0.0
2025-10-29,Bandit Meta-Strategy (EXP3),-0.004419665734125544
2025-10-30,Bandit Meta-Strategy (EXP3),-0.007899965518606387
2025-10-31,Bandit Meta-Strategy (EXP3),-0.00437233851654988
2025-11-03,Bandit Meta-Strategy (EXP3),-0.007863889911715913
2025-11-04,Bandit Meta-Strategy (EXP3),-0.012677116553836574
2025-11-05,Bandit Meta-Strategy (EXP3),-0.013732876497719213
2025-11-06,Bandit Meta-Strategy (EXP3),-0.016966691118095217
2025-11-07,Bandit Meta-Strategy (EXP3),-0.015060488733139213
2025-11-10,Bandit Meta-Strategy (EXP3),-0.0050300580783968285
2025-11-11,Bandit Meta-Strategy (EXP3),0.0
2025-11-12,Bandit Meta-Strategy (EXP3),-0.0014091279464860558
2025-11-13,Bandit Meta-Strategy (EXP3),-0.013794316509759718
2025-11-14,Bandit Meta-Strategy (EXP3),-0.01767909204304608
2025-11-17,Bandit Meta-Strategy (EXP3),-0.058140774320078865
2025-11-18,Bandit Meta-Strategy (EXP3),-0.06317644060856402
2025-11-19,Bandit Meta-Strategy (EXP3),-0.06131903467072743
2025-11-20,Bandit Meta-Strategy (EXP3),-0.06410816063078507
2025-11-21,Bandit Meta-Strategy (EXP3),-0.05399560572188513
2025-11-24,Bandit Meta-Strategy (EXP3),-0.04834433403381975
2025-11-25,Bandit Meta-Strategy (EXP3),-0.04060967881737678
2025-11-26,Bandit Meta-Strategy (EXP3),-0.04106845731836721
